[6,44.68,0,0.6]
[2,45.279999999999994,0,0.6]
[1,45.43,0,0.6]
[6,45.73,0,0.6]
[6,47.08,0,0.6]
[2,47.68,0,0.6]
[1,47.83,0,0.6]
[5,48.129999999999995,0,0.6]
[5,48.879999999999995,0,0.6]
[7,49.18,0,0.6]
[6,49.48,0,0.6]
[2,50.08,0,0.6]
[1,50.23,0,0.6]
[6,50.529999999999994,0,0.6]
[5,51.58,1,0.3]
[4,51.879999999999995,0,0.3]
[6,52.08,0,0.3]
[7,52.28,0,0.3]
[4,52.48,0,0.3]
[6,52.68,0,0.3]
[7,52.88,0,0.3]
[4,53.08,0,0.3]
[6,53.28,0,0.3]
[7,53.48,0,0.3]
[4,53.68,0,0.3]
[6,53.88,0,0.3]
[7,54.08,0,0.3]
[8,54.28,0,0.3]
[0,54.879999999999995,0,0.3]
[1,55.029999999999994,0,0.3]
[8,55.33,0,0.3]
[6,56.379999999999995,1,0.3]
[8,56.68,0,0.3]
[0,57.279999999999994,0,0.3]
[1,57.43,0,0.3]
[3,57.73,0,0.3]
[5,58.48,1,0.3]
[1,58.779999999999994,0,0.3]
[2,59.08,0,0.3]
[0,59.68,0,0.3]
[1,59.83,0,0.3]
[8,60.129999999999995,0,0.3]
[3,61.18,1,0.3]
[4,61.48,0,0.3]
[8,61.68,0,0.3]
[7,61.88,0,0.3]
[4,62.080000000000005,0,0.3]
[8,62.279999999999994,0,0.3]
[7,62.48,0,0.3]
[4,62.68,0,0.3]
[8,62.88,0,0.3]
[7,63.080000000000005,0,0.3]
[4,63.279999999999994,0,0.3]
[3,63.279999999999994,0,0.3]
[4,63.43,0,0.3]
[3,63.43,0,0.3]
[7,63.88,0,0.3]
[8,63.88,0,0.3]
[0,64.47999999999999,0,0.3]
[1,64.47999999999999,0,0.3]
[2,64.63,0,0.3]
[6,64.93,0,0.3]
[7,65.07999999999998,0,0.3]
[8,65.07999999999998,0,0.3]
[3,65.68,0,0.3]
[4,65.68,0,0.3]
[5,65.97999999999999,1,0.3]
[6,66.28,0,0.3]
[7,66.28,0,0.3]
[1,66.88,0,0.3]
[2,66.88,0,0.3]
[0,67.03,0,0.3]
[5,67.32999999999998,0,0.3]
[6,67.47999999999999,0,0.3]
[7,67.47999999999999,0,0.3]
[4,68.07999999999998,0,0.3]
[5,68.07999999999998,0,0.3]
[0,68.38,0,0.3]
[8,68.68,0,0.3]
[7,68.68,0,0.3]
[0,69.28,0,0.3]
[1,69.28,0,0.3]
[2,69.43,0,0.3]
[6,69.72999999999999,0,0.3]
[7,69.88,0,0.3]
[8,69.88,0,0.3]
[4,70.47999999999999,0,0.3]
[3,70.47999999999999,0,0.3]
[2,70.78,1,0.3]
[1,71.07999999999998,0,0.3]
[0,71.07999999999998,0,0.3]
[8,71.28,0,0.3]
[7,71.47999999999999,0,0.3]
[1,71.68,0,0.3]
[0,71.68,0,0.3]
[8,71.88,0,0.3]
[7,72.08000000000001,0,0.3]
[1,72.28,0,0.3]
[0,72.28,0,0.3]
[8,72.47999999999999,0,0.3]
[7,72.68,0,0.3]
[1,72.88,0,0.3]
[0,72.88,0,0.3]
[8,73.08000000000001,0,0.3]
[7,73.28,0,0.3]
[4,73.47999999999999,0,0.3]
[3,73.47999999999999,0,0.3]
[2,74.08000000000001,0,0.3]
[1,74.08000000000001,0,0.3]
[0,74.22999999999999,0,0.3]
[5,74.53,0,0.3]
[4,74.68,0,0.3]
[3,74.68,0,0.3]
[7,75.28,0,0.3]
[8,75.28,0,0.3]
[3,75.57999999999998,1,0.3]
[5,75.88,0,0.3]
[4,75.88,0,0.3]
[1,76.47999999999999,0,0.3]
[0,76.47999999999999,0,0.3]
[2,76.63,0,0.3]
[3,76.93,0,0.3]
[5,77.07999999999998,0,0.3]
[4,77.07999999999998,0,0.3]
[7,77.68,0,0.3]
[6,77.68,0,0.3]
[8,77.97999999999999,0,0.3]
[4,78.28,0,0.3]
[3,78.28,0,0.3]
[1,78.88,0,0.3]
[2,78.88,0,0.3]
[0,79.03,0,0.3]
[5,79.32999999999998,0,0.3]
[4,79.47999999999999,0,0.3]
[3,79.47999999999999,0,0.3]
[7,80.07999999999998,0,0.3]
[8,80.07999999999998,0,0.3]
[3,80.38,1,0.3]
[1,80.68,0,0.3]
[2,80.68,0,0.3]
[6,80.88,0,0.3]
[7,81.08000000000001,0,0.3]
[1,81.28,0,0.3]
[2,81.28,0,0.3]
[6,81.47999999999999,0,0.3]
[7,81.68,0,0.3]
[1,81.88,0,0.3]
[2,81.88,0,0.3]
[6,82.08000000000001,0,0.3]
[7,82.28,0,0.3]
[2,82.47999999999999,0,0.3]
[6,82.68,0,0.3]
[7,82.88,0,0.3]
[8,83.07999999999998,0,0.3]
[0,83.68,1,0.3]
[1,83.97999999999999,0,0.3]
[5,84.28,1,0.3]
[4,84.57999999999998,0,0.3]
[6,84.88,1,0.3]
[7,85.18,0,0.3]
[2,85.47999999999999,1,0.44999999999999996]
[3,85.93,1,0.44999999999999996]
[8,86.38,0,0.44999999999999996]
[0,86.68,1,0.44999999999999996]
[5,87.13,0,0.44999999999999996]
[7,87.28,0,0.44999999999999996]
[6,87.28,0,0.44999999999999996]
[1,87.88,0,0.44999999999999996]
[2,87.88,0,0.44999999999999996]
[4,88.47999999999999,0,0.44999999999999996]
[3,88.47999999999999,0,0.44999999999999996]
[5,88.63,0,0.44999999999999996]
[6,88.93,0,0.44999999999999996]
[8,89.07999999999998,0,0.44999999999999996]
[7,89.07999999999998,0,0.44999999999999996]
[6,89.22999999999999,0,0.44999999999999996]
[5,89.53,0,0.44999999999999996]
[4,89.68,0,0.44999999999999996]
[3,89.68,0,0.44999999999999996]
[5,89.82999999999998,0,0.44999999999999996]
[0,90.13,0,0.44999999999999996]
[2,90.28,0,0.44999999999999996]
[1,90.28,0,0.44999999999999996]
[6,90.88,0,0.44999999999999996]
[7,90.88,0,0.44999999999999996]
[5,91.32999999999998,0,0.44999999999999996]
[4,91.47999999999999,0,0.44999999999999996]
[3,91.47999999999999,0,0.44999999999999996]
[2,91.78,0,0.44999999999999996]
[1,92.07999999999998,0,0.44999999999999996]
[0,92.07999999999998,0,0.44999999999999996]
[2,92.22999999999999,0,0.44999999999999996]
[0,92.38,0,0.44999999999999996]
[2,92.53,0,0.44999999999999996]
[3,92.68,0,0.44999999999999996]
[4,92.68,0,0.44999999999999996]
[7,93.28,0,0.44999999999999996]
[8,93.28,0,0.44999999999999996]
[6,93.43,0,0.44999999999999996]
[5,93.72999999999999,0,0.44999999999999996]
[3,93.88,0,0.44999999999999996]
[4,93.88,0,0.44999999999999996]
[2,94.18,0,1.5]
[1,94.47999999999999,0,0.44999999999999996]
[0,94.47999999999999,0,1.5]
[2,94.78,0,1.5]
[7,95.07999999999998,0,0.44999999999999996]
[6,95.07999999999998,0,1.5]
[5,95.53,0,1.5]
[4,95.68,0,0.44999999999999996]
[3,95.68,0,1.5]
[2,95.97999999999999,0,1.5]
[1,96.28,0,0.44999999999999996]
[0,96.28,0,1.5]
[5,96.72999999999999,0,1.5]
[4,96.88,0,0.44999999999999996]
[3,96.88,0,1.5]
[7,97.47999999999999,0,0.44999999999999996]
[8,97.47999999999999,0,1.5]
[0,97.93,0,1.5]
[1,98.07999999999998,0,0.44999999999999996]
[2,98.07999999999998,0,1.5]
[0,98.22999999999999,0,1.5]
[5,98.53,0,1.5]
[4,98.68,0,0.44999999999999996]
[3,98.68,0,1.5]
[8,98.97999999999999,0,1.5]
[6,99.13,0,1.5]
[7,99.28,0,0.44999999999999996]
[8,99.28,0,1.5]
[3,99.57999999999998,0,1.5]
[5,99.72999999999999,0,1.5]
[4,99.88,0,0.44999999999999996]
[3,99.88,0,1.5]
[1,100.47999999999999,0,0.44999999999999996]
[2,100.47999999999999,0,1.5]
[3,100.93,0,1.5]
[4,101.07999999999998,0,0.44999999999999996]
[5,101.07999999999998,0,1.5]
[3,101.38,0,0.44999999999999996]
[6,101.68,0,0.44999999999999996]
[8,101.68,0,0.44999999999999996]
[4,101.97999999999999,0,0.44999999999999996]
[2,102.28,1,0.44999999999999996]
[1,102.72999999999999,1,0.44999999999999996]
[6,103.18,1,0.6]
[7,103.78,0,0.6]
[8,104.38,0,0.6]
[0,104.68,1,0.44999999999999996]
[1,105.13,1,0.44999999999999996]
[5,105.57999999999998,0,0.44999999999999996]
[3,106.78,0,0.44999999999999996]
[2,107.07999999999998,1,0.44999999999999996]
[1,107.53,1,0.44999999999999996]
[6,107.97999999999999,1,0.6]
[7,108.57999999999998,0,0.6]
[8,108.88,1,0.3]
[7,109.18,1,0.3]
[0,109.47999999999999,1,0.44999999999999996]
[1,109.93,1,0.44999999999999996]
[5,110.38,0,0.44999999999999996]
[3,110.97999999999999,0,0.44999999999999996]
[2,111.28,1,0.3]
[1,111.57999999999998,1,0.8999999999999999]
[5,112.47999999999999,1,0.3]
[4,112.78,1,0.8999999999999999]
[6,113.68,1,0.3]
[7,113.97999999999999,1,0.8999999999999999]
[8,114.88,1,0.3]
[7,115.18,0,0.3]
[6,115.32999999999998,1,0.44999999999999996]
[7,115.78,0,0.44999999999999996]
[5,115.93,1,0.44999999999999996]
[4,116.38,0,0.44999999999999996]
[3,116.53,0,0.44999999999999996]
[2,117.28,1,0.3]
[1,117.57999999999998,1,0.8999999999999999]
[3,118.47999999999999,1,0.3]
[4,118.78,1,1.5]
[8,120.28,0,1.5]
[7,120.35499999999999,0,1.5]
[6,120.43,0,1.5]
[5,120.57999999999998,0,1.5]
[3,120.72999999999999,0,1.5]
[2,120.88,0,1.5]
[1,120.88,0,1.5]
[0,121.03,0,1.5]
[2,121.18,0,0.3]
[7,121.47999999999999,0,1.5]
[6,121.47999999999999,0,0.3]
[1,122.07999999999998,0,0.3]
[2,122.07999999999998,0,0.3]
[0,122.22999999999999,0,0.3]
[8,122.53,0,0.3]
[6,122.68,0,0.3]
[7,122.68,0,0.3]
[4,123.28,0,0.3]
[5,123.28,0,0.3]
[3,123.57999999999998,1,0.3]
[7,123.88,0,0.3]
[8,123.88,0,0.3]
[1,124.47999999999999,0,0.3]
[0,124.47999999999999,0,0.3]
[2,124.63,0,0.3]
[3,124.93,0,0.3]
[8,125.08000000000001,0,0.3]
[7,125.08000000000001,0,0.3]
[3,125.68,0,0.3]
[4,125.68,0,0.3]
[2,125.97999999999999,0,0.3]
[7,126.28,0,0.3]
[6,126.28,0,0.3]
[1,126.88,0,0.3]
[2,126.88,0,0.3]
[0,127.03,0,0.3]
[8,127.33000000000001,0,0.3]
[7,127.47999999999999,0,0.3]
[6,127.47999999999999,0,0.3]
[5,128.08,0,0.3]
[4,128.08,0,0.3]
[0,128.38,1,0.3]
[2,128.68,0,0.3]
[1,128.68,0,0.3]
[6,128.88,0,0.3]
[7,129.07999999999998,0,0.3]
[1,129.28,0,0.3]
[2,129.28,0,0.3]
[6,129.48000000000002,0,0.3]
[7,129.68,0,0.3]
[1,129.88,0,0.3]
[2,129.88,0,0.3]
[6,130.08,0,0.3]
[7,130.28,0,0.3]
[1,130.48,0,0.3]
[2,130.48,0,0.3]
[6,130.68,0,0.3]
[7,130.88,0,0.3]
[5,131.08,0,0.3]
[4,131.08,0,0.3]
[1,131.68,0,0.3]
[0,131.68,0,0.3]
[2,131.83,0,0.3]
[3,132.13,0,0.3]
[4,132.28,0,0.3]
[5,132.28,0,0.3]
[7,132.88,0,0.3]
[6,132.88,0,0.3]
[5,133.18,1,0.3]
[4,133.48,0,0.3]
[3,133.48,0,0.3]
[2,134.08,0,0.3]
[1,134.08,0,0.3]
[0,134.23,0,0.3]
[5,134.53,0,0.3]
[3,134.68,0,0.3]
[4,134.68,0,0.3]
[7,135.28,0,0.3]
[8,135.28,0,0.3]
[6,135.58,0,0.3]
[4,135.88,0,0.3]
[5,135.88,0,0.3]
[1,136.48,0,0.3]
[0,136.48,0,0.3]
[2,136.63,0,0.3]
[3,136.93,0,0.3]
[5,137.08,0,0.3]
[4,137.08,0,0.3]
[6,137.68,0,0.3]
[7,137.68,0,0.3]
[5,137.98,1,0.3]
[1,138.28,0,0.3]
[0,138.28,0,0.3]
[8,138.48000000000002,0,0.3]
[7,138.68,0,0.3]
[1,138.88,0,0.3]
[0,138.88,0,0.3]
[8,139.08,0,0.3]
[7,139.28,0,0.3]
[1,139.48,0,0.3]
[0,139.48,0,0.3]
[8,139.68,0,0.3]
[7,139.88,0,0.3]
[0,140.08,0,0.3]
[1,140.155,0,0.3]
[2,140.23,0,0.3]
[3,140.38,0,0.3]
[5,140.53,0,0.3]
[6,140.68,0,0.3]
[7,140.68,0,1.5]
[1,141.28,0,0.3]
[2,141.28,0,0.3]
[0,141.43,0,0.3]
[8,141.73000000000002,0,0.3]
[6,141.88000000000002,0,0.3]
[7,141.88000000000002,0,0.3]
[4,142.48000000000002,0,0.3]
[5,142.48000000000002,0,0.3]
[3,142.78,1,0.3]
[7,143.08,0,0.3]
[8,143.08,0,0.3]
[1,143.68,0,0.3]
[0,143.68,0,0.3]
[2,143.83,0,0.3]
[3,144.13000000000002,0,0.3]
[7,144.28000000000003,0,0.3]
[8,144.28000000000003,0,0.3]
[3,144.88000000000002,0,0.3]
[4,144.88000000000002,0,0.3]
[2,145.18,0,0.3]
[6,145.48000000000002,0,0.3]
[7,145.48000000000002,0,0.3]
[2,146.08,0,0.3]
[1,146.08,0,0.3]
[0,146.23000000000002,0,0.3]
[8,146.53000000000003,0,0.3]
[6,146.68,0,0.3]
[7,146.68,0,0.3]
[4,147.28000000000003,0,0.3]
[5,147.28000000000003,0,0.3]
[0,147.58,1,0.3]
[1,147.88000000000002,0,0.3]
[2,147.88000000000002,0,0.3]
[6,148.08,0,0.3]
[7,148.28,0,0.3]
[2,148.48000000000002,0,0.3]
[1,148.48000000000002,0,0.3]
[6,148.68000000000004,0,0.3]
[7,148.88000000000002,0,0.3]
[1,149.08,0,0.3]
[2,149.08,0,0.3]
[6,149.28000000000003,0,0.3]
[7,149.48000000000002,0,0.3]
[1,149.68,0,0.3]
[2,149.68,0,0.3]
[6,149.88000000000002,0,0.3]
[7,150.08,0,0.3]
[4,150.28000000000003,0,0.3]
[5,150.28000000000003,0,0.3]
[0,150.88000000000002,0,0.3]
[1,150.88000000000002,0,0.3]
[2,151.03000000000003,0,0.3]
[3,151.33,0,0.3]
[4,151.48000000000002,0,0.3]
[5,151.48000000000002,0,0.3]
[7,152.08,0,0.3]
[6,152.08,0,0.3]
[5,152.38000000000002,1,0.3]
[4,152.68,0,0.3]
[3,152.68,0,0.3]
[1,153.28000000000003,0,0.3]
[2,153.28000000000003,0,0.3]
[0,153.43,0,0.3]
[5,153.73000000000002,0,0.3]
[4,153.88000000000002,0,0.3]
[3,153.88000000000002,0,0.3]
[8,154.48000000000002,0,0.3]
[7,154.48000000000002,0,0.3]
[6,154.78000000000003,0,0.3]
[5,155.08,0,0.3]
[4,155.08,0,0.3]
[0,155.68,0,0.3]
[1,155.68,0,0.3]
[2,155.83,0,0.3]
[3,156.13000000000002,0,0.3]
[4,156.28000000000003,0,0.3]
[5,156.28000000000003,0,0.3]
[6,156.88000000000002,0,0.3]
[7,156.88000000000002,0,0.3]
[5,157.18,1,0.3]
[0,157.48000000000002,0,0.3]
[8,157.68000000000004,0,0.3]
[7,157.88000000000002,0,0.3]
[0,158.08,0,0.3]
[8,158.28000000000003,0,0.3]
[7,158.48000000000002,0,0.3]
[0,158.68,0,0.3]
[8,158.88000000000002,0,0.3]
[7,159.08,0,0.3]
[0,159.28,0,0.3]
[8,159.48000000000002,0,0.3]
[7,159.68,0,0.3]
[6,159.88,0,0.3]
[2,160.48,0,0.3]
[1,160.63,1,0.3]
[3,160.93,1,0.44999999999999996]
[4,161.38,0,0.44999999999999996]
[8,161.68,1,0.3]
[7,161.98,0,0.3]
[0,162.28,1,0.44999999999999996]
[1,162.73,1,0.44999999999999996]
[5,163.18,0,0.44999999999999996]
[6,163.48,1,0.44999999999999996]
[7,163.93,0,1.5]
[8,165.28,0,1.5]
[7,165.43,1,0.3]
[3,165.73,1,0.44999999999999996]
[4,166.18,1,0.3]
[2,166.48,1,0.3]
[1,166.78,0,0.3]
[0,166.93,0,0.3]
[0,169.93,0,0.3]
[1,170.08,0,0.3]
[2,170.23,1,0.3]
[3,170.53,1,0.44999999999999996]
[4,170.98,1,0.3]
[8,171.28,1,0.3]
[7,171.58,1,0.3]
[0,171.88,1,0.44999999999999996]
[1,172.33,1,0.44999999999999996]
[5,172.78,1,0.3]
[6,173.08,1,0.44999999999999996]
[7,173.53,0,0.44999999999999996]
[2,174.73,0,0.44999999999999996]
[1,174.88,0,0.44999999999999996]
[0,175.03,1,0.3]
[5,175.33,1,0.44999999999999996]
[4,175.78,0,0.44999999999999996]
[6,175.93,1,0.44999999999999996]
[7,176.38,0,0.44999999999999996]
[8,176.53,0,0.44999999999999996]
[0,178.18,1,0.3]
[2,178.48,1,0.3]
[1,178.78,1,0.3]
[3,179.08,1,0.44999999999999996]
[5,179.53,1,0.44999999999999996]
[6,179.98,1,0.6]
[7,180.58,0,0.6]
[8,181.18,1,0.3]
[3,181.48,1,0.44999999999999996]
[4,181.93,1,0.44999999999999996]
[5,182.38,0,0.44999999999999996]
[6,183.58,1,0.3]
[2,183.88,1,0.44999999999999996]
[1,184.33,1,0.44999999999999996]
[3,184.78,1,0.6]
[4,185.38,1,0.3]
[8,185.68,1,0.3]
[6,185.98,1,0.3]
[2,186.28,1,0.44999999999999996]
[1,186.73,1,0.44999999999999996]
[0,187.18,0,0.44999999999999996]
[5,187.78,1,0.3]
[6,188.08,1,0.3]
[7,188.38,1,0.8999999999999999]
[2,189.28,1,0.3]
[1,189.57999999999998,1,0.8999999999999999]
[6,190.48,1,0.3]
[7,190.78,1,0.8999999999999999]
[5,191.68,1,0.3]
[4,191.98,0,0.3]
[0,192.13,1,0.44999999999999996]
[1,192.57999999999998,0,0.44999999999999996]
[8,192.73,1,0.44999999999999996]
[7,193.18,0,0.44999999999999996]
[6,193.32999999999998,0,0.44999999999999996]
[2,194.07999999999998,1,0.3]
[1,194.38,1,0.8999999999999999]
[3,195.28,1,0.3]
[4,195.57999999999998,1,2.1]
[8,197.68,1,0.6]
[6,198.28,0,0.6]
[2,198.88,0,0.6]
[1,199.03,0,0.6]
[6,199.32999999999998,0,0.6]
[6,200.68,0,0.6]
[2,201.28,0,0.6]
[1,201.43,0,0.6]
[5,201.73,0,0.6]
[5,202.48,0,0.6]
[7,202.78,0,0.6]
[6,203.07999999999998,0,0.6]
[2,203.68,0,0.6]
[1,203.82999999999998,0,0.6]
[6,204.13,0,0.6]
[5,205.18,1,0.3]
[4,205.48,0,0.3]
[6,205.68,0,0.3]
[7,205.88,0,0.3]
[4,206.07999999999998,0,0.3]
[6,206.28,0,0.3]
[7,206.48,0,0.3]
[4,206.68,0,0.3]
[6,206.88,0,0.3]
[7,207.07999999999998,0,0.3]
[4,207.28,0,0.3]
[6,207.48,0,0.3]
[7,207.68,0,0.3]
[8,207.88,0,0.3]
[0,208.48,0,0.3]
[1,208.63,0,0.3]
[8,208.93,0,0.3]
[8,210.28,0,0.3]
[0,210.88,0,0.3]
[1,211.03,0,0.3]
[3,211.32999999999998,0,0.3]
[5,212.07999999999998,1,0.3]
[1,212.38,0,0.3]
[2,212.68,0,0.3]
[0,213.28,0,0.3]
[1,213.43,0,0.3]
[8,213.73,0,0.3]
[6,215.07999999999998,0,0.6]
[4,215.28,0,0.6]
[2,215.48000000000002,0,0.6]
[0,215.68,0,0.6]
[4,215.88,0,0.6]
[8,216.08,0,0.6]
[6,216.28,0,0.6]
[4,216.48000000000002,0,0.6]
[2,216.68,0,0.6]
[0,216.88,0,0.6]
[1,216.88,0,0.6]
[7,217.03,0,0.6]
[8,217.03,0,0.6]
[7,217.18,0,0.6]
[8,217.18,0,0.6]
[7,217.32999999999998,0,0.6]
[8,217.32999999999998,0,0.6]
[1,217.48,0,0.6]
[0,217.48,0,0.6]
[7,218.07999999999998,0,0.6]
[8,218.07999999999998,0,0.6]
[6,218.23,0,0.6]
[5,218.53,0,0.6]
[4,218.68,0,0.6]
[3,218.68,0,0.6]
[1,219.28,0,0.6]
[2,219.28,0,0.6]
[0,219.57999999999998,0,0.6]
[7,219.88,0,0.6]
[8,219.88,0,0.6]
[0,220.48,0,0.6]
[1,220.48,0,0.6]
[2,220.63,0,0.6]
[3,220.93,0,0.6]
[4,221.07999999999998,0,0.6]
[5,221.07999999999998,0,0.6]
[7,221.68,0,0.6]
[6,221.68,0,0.6]
[8,221.98,0,0.6]
[1,222.28,0,0.6]
[0,222.28,0,0.6]
[7,222.88,0,0.6]
[8,222.88,0,0.6]
[6,223.03,0,0.6]
[5,223.32999999999998,0,0.6]
[4,223.48,0,0.6]
[3,223.48,0,0.6]
[1,224.07999999999998,0,0.6]
[2,224.07999999999998,0,0.6]
[0,224.38,0,0.6]
[7,224.68,0,0.6]
[8,224.68,0,0.6]
[3,224.88,0,0.6]
[4,225.08,0,0.6]
[7,225.28,0,0.6]
[8,225.28,0,0.6]
[3,225.48000000000002,0,0.6]
[4,225.68,0,0.6]
[7,225.88,0,0.6]
[8,225.88,0,0.6]
[3,226.08,0,0.6]
[4,226.28,0,0.6]
[7,226.48,0,0.6]
[8,226.48,0,0.6]
[3,226.68,0,0.6]
[4,226.88,0,0.6]
[2,227.08,0,0.6]
[1,227.08,0,0.6]
[7,227.68,0,0.6]
[6,227.68,0,0.6]
[8,227.82999999999998,0,0.6]
[3,228.13,0,0.6]
[5,228.28,0,0.6]
[4,228.28,0,0.6]
[0,228.88,0,0.6]
[1,228.88,0,0.6]
[2,229.18,0,0.6]
[6,229.48,0,0.6]
[7,229.48,0,0.6]
[2,230.07999999999998,0,0.6]
[1,230.07999999999998,0,0.6]
[0,230.23,0,0.6]
[5,230.53,0,0.6]
[3,230.68,0,0.6]
[4,230.68,0,0.6]
[8,231.28,0,0.6]
[7,231.28,0,0.6]
[3,231.57999999999998,0,0.6]
[2,231.88,0,0.6]
[1,231.88,0,0.6]
[6,232.48,0,0.6]
[7,232.48,0,0.6]
[8,232.63,0,0.6]
[3,232.93,0,0.6]
[5,233.07999999999998,0,0.6]
[4,233.07999999999998,0,0.6]
[1,233.68,0,0.6]
[0,233.68,0,0.6]
[2,233.98,0,0.6]
[6,234.28,0,0.6]
[7,234.28,0,0.6]
[5,234.48000000000002,0,0.6]
[4,234.68000000000004,0,0.6]
[6,234.88,0,0.6]
[7,234.88,0,0.6]
[5,235.08,0,0.6]
[4,235.28000000000003,0,0.6]
[6,235.48,0,0.6]
[7,235.48,0,0.6]
[5,235.68,0,0.6]
[4,235.88000000000002,0,0.6]
[6,236.07999999999998,0,0.6]
[7,236.155,0,0.6]
[8,236.23,0,0.6]
[3,236.38,0,0.6]
[5,236.53,0,0.6]
[0,236.68,0,0.6]
[1,236.68,0,0.6]
[8,237.28,0,0.6]
[7,237.28,0,0.6]
[6,237.43,0,0.6]
[5,237.73000000000002,0,0.6]
[4,237.88000000000002,0,0.6]
[3,237.88000000000002,0,0.6]
[2,238.48000000000002,0,0.6]
[1,238.48000000000002,0,0.6]
[0,238.78,0,0.6]
[7,239.08,0,0.6]
[8,239.08,0,0.6]
[1,239.68,0,0.6]
[0,239.68,0,0.6]
[2,239.83,0,0.6]
[3,240.13000000000002,0,0.6]
[4,240.28,0,0.6]
[5,240.28,0,0.6]
[7,240.88000000000002,0,0.6]
[6,240.88000000000002,0,0.6]
[8,241.18,0,0.6]
[0,241.48000000000002,0,0.6]
[1,241.48000000000002,0,0.6]
[7,242.08,0,0.6]
[8,242.08,0,0.6]
[6,242.23000000000002,0,0.6]
[5,242.53,0,0.6]
[3,242.68,0,0.6]
[4,242.68,0,0.6]
[1,243.28,0,0.6]
[2,243.28,0,0.6]
[0,243.58,0,0.6]
[7,243.88000000000002,0,0.6]
[8,243.88000000000002,0,0.6]
[3,244.08,0,0.6]
[4,244.28000000000003,0,0.6]
[7,244.48000000000002,0,0.6]
[8,244.48000000000002,0,0.6]
[3,244.68000000000004,0,0.6]
[4,244.88000000000002,0,0.6]
[8,245.08,0,0.6]
[7,245.08,0,0.6]
[3,245.28000000000003,0,0.6]
[4,245.48000000000002,0,0.6]
[7,245.68,0,0.6]
[8,245.68,0,0.6]
[3,245.88000000000002,0,0.6]
[4,246.08,0,0.6]
[1,246.28000000000003,0,0.6]
[2,246.28000000000003,0,0.6]
[7,246.88000000000002,0,0.6]
[6,246.88000000000002,0,0.6]
[8,247.03,0,0.6]
[3,247.33,0,0.6]
[4,247.48000000000002,0,0.6]
[5,247.48000000000002,0,0.6]
[0,248.08,0,0.6]
[1,248.08,0,0.6]
[2,248.38000000000002,0,0.6]
[6,248.68,0,0.6]
[7,248.68,0,0.6]
[1,249.28,0,0.6]
[2,249.28,0,0.6]
[0,249.43,0,0.6]
[5,249.73000000000002,0,0.6]
[3,249.88000000000002,0,0.6]
[4,249.88000000000002,0,0.6]
[7,250.48000000000002,0,0.6]
[8,250.48000000000002,0,0.6]
[3,250.78,0,0.6]
[2,251.08,0,0.6]
[1,251.08,0,0.6]
[6,251.68,0,0.6]
[7,251.68,0,0.6]
[8,251.83,0,0.6]
[3,252.13000000000002,0,0.6]
[4,252.28,0,0.6]
[5,252.28,0,0.6]
[0,252.88000000000002,0,0.6]
[1,252.88000000000002,0,0.6]
[2,253.18,0,0.6]
[6,253.48000000000002,0,0.6]
[7,253.48000000000002,0,0.6]
[5,253.68000000000004,0,0.6]
[4,253.88000000000005,0,0.6]
[6,254.08,0,0.6]
[7,254.08,0,0.6]
[5,254.28000000000003,0,0.6]
[4,254.48000000000005,0,0.6]
[6,254.68,0,0.6]
[7,254.68,0,0.6]
[2,254.98000000000002,1,0.3]
[0,255.27999999999997,1,0.3]
[1,255.57999999999998,1,0.3]
[8,255.88,0,0.3]
[7,255.88,0,0.3]
[3,256.33,0,0.3]
[4,256.48,0,0.3]
[5,256.48,0,0.3]
[0,256.78,1,0.3]
[1,257.08,0,0.3]
[2,257.08,0,0.3]
[6,257.38,1,0.3]
[7,257.68,0,0.3]
[8,257.68,0,0.3]
[1,258.28,0,0.3]
[0,258.28,0,0.3]
[5,258.73,0,0.3]
[4,258.88,0,0.3]
[3,258.88,0,0.3]
[8,259.18,1,0.3]
[7,259.48,0,0.3]
[6,259.48,0,0.3]
[1,260.08,0,0.3]
[2,260.08,0,0.3]
[6,260.38,1,0.3]
[7,260.68,0,0.3]
[8,260.68,0,0.3]
[3,261.13,0,0.3]
[4,261.28,0,0.3]
[5,261.28,0,0.3]
[0,261.58,1,0.3]
[1,261.88,0,0.3]
[2,261.88,0,0.3]
[6,262.18,1,0.3]
[7,262.48,0,0.3]
[8,262.48,0,0.3]
[0,262.78,1,0.3]
[1,263.08,0,0.3]
[2,263.08,0,0.3]
[3,263.53,0,0.3]
[4,263.68,0,0.3]
[5,263.68,0,0.3]
[6,263.98,1,0.3]
[7,264.28,0,0.3]
[8,264.28,0,0.3]
[0,264.58,1,0.3]
[2,264.88,0,0.3]
[1,264.88,0,0.3]
[3,265.18,1,0.3]
[4,265.48,1,0.6]
[5,265.48,1,0.6]
[6,266.08,1,0.3]
[8,266.38,1,0.3]
[6,266.68,1,0.6]
[7,266.68,1,0.6]
[5,267.28,1,0.3]
[3,267.58,1,0.3]
[4,267.88,1,0.6]
[5,267.88,1,0.6]
[0,268.48,1,0.3]
[1,268.78,0,0.3]
[5,268.93,1,0.44999999999999996]
[4,269.38,0,0.3]
[6,269.53,1,0.44999999999999996]
[7,269.98,0,0.3]
[8,270.13,1,0.75]
[0,270.88,1,0.6]
[2,271.48,1,6]
[1,272.38,1,5.1]
[6,278.279,0,6.153846153846154]
[2,278.894,0,6.76056338028169]
[1,279.063,0,6.315789473684211]
[6,279.3787894736842,0,6.315789473684211]
[6,280.843,0,6.557377049180328]
[2,281.498,0,6.76056338028169]
[1,281.66700000000003,0,6.25]
[5,281.979,0,8]
[5,282.86400000000003,0,6.575342465753425]
[7,283.1927671232877,0,6.575342465753425]
[6,283.52153424657536,0,6.575342465753425]
[2,284.17906849315074,0,6.575342465753425]
[1,284.343,0,6.075949367088608]
[6,284.64679746835446,0,6.075949367088608]
[5,285.848,1,0.3037974683544304]
[4,286.151,0,0.31578947368421056]
[6,286.3615263157895,0,0.31578947368421056]
[7,286.57205263157897,0,0.31578947368421056]
[4,286.78257894736845,0,0.31578947368421056]
[6,286.99310526315793,0,0.31578947368421056]
[7,287.20363157894735,0,0.31578947368421056]
[4,287.41415789473683,0,0.31578947368421056]
[6,287.6246842105263,0,0.31578947368421056]
[7,287.8352105263158,0,0.31578947368421056]
[4,288.04573684210527,0,0.31578947368421056]
[6,288.25626315789475,0,0.31578947368421056]
[8,288.793,0,0.3560830860534125]
[0,289.4681489361702,0,0.3191489361702128]
[1,289.627,0,0.3488372093023256]
[8,289.9758372093023,0,0.3488372093023256]
[8,291.455,0,0.3380281690140845]
[0,292.1113023872679,0,0.3183023872679045]
[1,292.27045358090186,0,0.3183023872679045]
[3,292.588,0,0.36363636363636365]
[5,293.414,1,0.3314917127071823]
[1,293.745,0,0.31578947368421056]
[2,294.06,0,0.3333333333333333]
[0,294.726,0,0.3125]
[1,294.882,0,0.3380281690140845]
[8,295.2200281690141,0,0.3380281690140845]
[3,296.361,1,0.3]
[4,296.661,0,0.3380281690140845]
[8,296.88635211267604,0,0.3380281690140845]
[7,297.1117042253521,0,0.3380281690140845]
[4,297.337,0,0.37037037037037035]
[8,297.58391358024693,0,0.37037037037037035]
[6,298.448,1,0.3468208092485549]
[8,298.794,1,0.4166666666666667]
[7,299.21,1,0.3592814371257485]
[3,299.569,1,0.5027932960893855]
[5,300.071,1,0.48387096774193544]
[4,300.55400000000003,1,0.3529411764705882]
[0,300.906,1,0.3243243243243243]
[1,301.23,1,1]
[5,302.229,1,0.5113636363636364]
[4,302.74,1,0.4736842105263158]
[6,303.213,1,0.36585365853658536]
[7,303.57800000000003,1,1.3259668508287292]
[2,304.903,1,0.47120418848167545]
[1,305.374,1,0.5232558139534884]
[3,305.8972558139535,1,0.3488372093023256]
[4,306.246,1,0.31746031746031744]
[5,306.563,1,0.3380281690140845]
[6,306.90102816901407,1,0.3380281690140845]
[7,307.23900000000003,1,0.3278688524590164]
[2,307.56600000000003,1,0.4972375690607735]
[0,308.0632375690608,1,0.4972375690607735]
[1,308.56,1,0.3529411764705882]
[5,308.91200000000003,1,0.3305785123966942]
[6,309.24257851239673,1,0.3305785123966942]
[8,309.57315702479343,1,0.3305785123966942]
[7,309.90373553719013,1,0.3305785123966942]
[3,310.234,1,0.6521739130434783]
[2,310.886,1,0.3614457831325301]
[1,311.247,1,0.34285714285714286]
[0,311.589,1,0.6]
[5,312.189,1,0.3592814371257485]
[4,312.54828143712575,1,0.3592814371257485]
[3,312.907,1,0.6557377049180328]
[8,313.562,1,0.3]
[6,313.862,0,0.39473684210526316]
[7,314.0593684210527,0,0.39473684210526316]
[8,314.25600000000003,1,0.3]
[3,314.556,0,0.3529411764705882]
[4,314.732,1,0.6741573033707865]
[0,315.40615730337083,0,0.6741573033707865]
[1,315.574,1,0.6451612903225806]
[8,316.219,1,0.3225806451612903]
[7,316.5415806451613,1,0.3225806451612903]
[6,316.86400000000003,1,0.6185567010309279]
[5,317.482,1,0.35502958579881655]
[4,317.83702958579886,1,0.35502958579881655]
[3,318.192,1,2.0454545454545454]
[2,320.237,1,0.6629834254143646]
[6,320.899,0,0.7100591715976331]
[2,321.6090591715976,0,0.7100591715976331]
[1,321.786,0,0.7317073170731707]
[6,322.1518536585366,1,11.707317073170731]