[0,0,0,0.3333333333333333]
[1,0.2222222222222222,0,0.3333333333333333]
[2,0.4444444444444444,0,0.3333333333333333]
[3,0.6666666666666666,0,0.3333333333333333]
[4,0.8888888888888888,0,0.3333333333333333]
[5,1.1111111111111112,0,0.3333333333333333]
[0,1.3333333333333333,0,0.3333333333333333]
[4,1.5555555555555556,0,0.3333333333333333]
[5,1.7777777777777777,0,0.3333333333333333]
[6,2,0,0.3333333333333333]
[7,2.2222222222222223,0,0.3333333333333333]
[8,2.4444444444444446,0,0.3333333333333333]
[2,2.6666666666666665,0,0.3333333333333333]
[1,2.888888888888889,0,0.3333333333333333]
[0,3.111111111111111,0,0.3333333333333333]
[5,3.3333333333333335,0,0.3333333333333333]
[4,3.5555555555555554,0,0.3333333333333333]
[3,3.7777777777777777,0,0.3333333333333333]
[2,4,0,0.3333333333333333]
[4,4.222222222222222,0,0.3333333333333333]
[3,4.444444444444445,0,0.3333333333333333]
[8,4.666666666666667,0,0.3333333333333333]
[7,4.888888888888889,0,0.3333333333333333]
[6,5.111111111111111,0,0.3333333333333333]
[0,5.333333333333333,0,0.3333333333333333]
[1,5.555555555555555,0,0.3333333333333333]
[2,5.777777777777778,0,0.3333333333333333]
[3,6,0,0.3333333333333333]
[4,6.222222222222222,0,0.3333333333333333]
[5,6.444444444444445,0,0.3333333333333333]
[0,6.666666666666667,0,0.3333333333333333]
[4,6.888888888888889,0,0.3333333333333333]
[5,7.111111111111111,0,0.3333333333333333]
[6,7.333333333333333,0,0.3333333333333333]
[7,7.555555555555555,0,0.3333333333333333]
[8,7.777777777777778,0,0.3333333333333333]
[2,8,0,0.3333333333333333]
[1,8.222222222222221,0,0.3333333333333333]
[0,8.444444444444445,0,0.3333333333333333]
[5,8.666666666666666,0,0.3333333333333333]
[4,8.88888888888889,0,0.3333333333333333]
[3,9.11111111111111,0,0.3333333333333333]
[8,9.333333333333334,0,0.3333333333333333]
[7,9.555555555555555,0,0.3333333333333333]
[6,9.777777777777779,0,0.3333333333333333]
[5,10,0,0.3333333333333333]
[4,10.222222222222221,0,0.3333333333333333]
[3,10.444444444444445,0,0.3333333333333333]
[0,10.666666666666666,0,0.3333333333333333]
[1,10.88888888888889,0,0.3333333333333333]
[2,11.11111111111111,0,0.3333333333333333]
[3,11.333333333333334,0,0.3333333333333333]
[4,11.555555555555555,0,0.3333333333333333]
[5,11.777777777777779,0,0.3333333333333333]
[6,12,0,0.3333333333333333]
[4,12.222222222222221,0,0.3333333333333333]
[5,12.444444444444445,0,0.3333333333333333]
[6,12.666666666666666,0,0.3333333333333333]
[7,12.88888888888889,0,0.3333333333333333]
[8,13.11111111111111,0,0.3333333333333333]
[2,13.333333333333334,0,0.3333333333333333]
[1,13.555555555555555,0,0.3333333333333333]
[0,13.777777777777779,0,0.3333333333333333]
[5,14,0,0.3333333333333333]
[4,14.222222222222221,0,0.3333333333333333]
[3,14.444444444444445,0,0.3333333333333333]
[8,14.666666666666666,0,0.3333333333333333]
[4,14.88888888888889,0,0.3333333333333333]
[3,15.11111111111111,0,0.3333333333333333]
[8,15.333333333333334,0,0.3333333333333333]
[7,15.555555555555555,0,0.3333333333333333]
[6,15.777777777777779,0,0.3333333333333333]
[0,16,0,0.3333333333333333]
[1,16.22222222222222,0,0.3333333333333333]
[2,16.444444444444443,0,0.3333333333333333]
[3,16.666666666666668,0,0.3333333333333333]
[4,16.88888888888889,0,0.3333333333333333]
[5,17.11111111111111,0,0.3333333333333333]
[6,17.333333333333332,0,0.3333333333333333]
[4,17.555555555555557,0,0.3333333333333333]
[5,17.77777777777778,0,0.3333333333333333]
[6,18,0,0.3333333333333333]
[7,18.22222222222222,0,0.3333333333333333]
[8,18.444444444444443,0,0.3333333333333333]
[2,18.666666666666668,0,0.3333333333333333]
[1,18.88888888888889,0,0.3333333333333333]
[0,19.11111111111111,0,0.3333333333333333]
[5,19.333333333333332,0,0.3333333333333333]
[4,19.555555555555557,0,0.3333333333333333]
[3,19.77777777777778,0,0.3333333333333333]
[8,20,0,0.3333333333333333]
[7,20.22222222222222,0,0.3333333333333333]
[6,20.444444444444443,0,0.3333333333333333]
[5,20.666666666666668,0,0.3333333333333333]
[4,20.88888888888889,0,0.3333333333333333]
[3,21.11111111111111,0,0.3333333333333333]
[7,21.333333333333332,1,1.1666666666666667]
[0,22.5,0,1.1666666666666667]
[1,22.583333333333332,0,1.1666666666666667]
[2,22.666666666666668,0,1.1666666666666667]
[4,22.833333333333332,0,1.1666666666666667]
[3,23,0,1.1666666666666667]
[7,23.166666666666668,0,1.1666666666666667]
[8,23.333333333333332,0,1.1666666666666667]
[6,23.5,0,1.1666666666666667]
[5,23.666666666666668,0,1.1666666666666667]
[7,24,1,1.1666666666666667]
[2,25.166666666666668,0,1.1666666666666667]
[1,25.25,0,1.1666666666666667]
[0,25.333333333333332,0,1.1666666666666667]
[4,25.5,0,1.1666666666666667]
[5,25.666666666666668,0,1.1666666666666667]
[7,25.833333333333332,0,1.1666666666666667]
[6,26,0,1.1666666666666667]
[8,26.166666666666668,0,1.1666666666666667]
[3,26.333333333333332,0,1.1666666666666667]
[2,26.5,0,1.1666666666666667]
[7,26.666666666666668,1,1.1666666666666667]
[0,27.833333333333332,0,1.1666666666666667]
[1,27.916666666666668,0,1.1666666666666667]
[2,28,0,1.1666666666666667]
[4,28.166666666666668,0,1.1666666666666667]
[3,28.333333333333332,0,1.1666666666666667]
[7,28.5,0,1.1666666666666667]
[8,28.666666666666668,0,1.1666666666666667]
[6,28.833333333333332,0,1.1666666666666667]
[5,29,0,1.1666666666666667]
[0,29.166666666666668,0,1.1666666666666667]
[2,29.333333333333332,1,0.3333333333333333]
[3,29.666666666666668,0,0.3333333333333333]
[8,30,1,0.3333333333333333]
[6,30.333333333333332,0,0.3333333333333333]
[2,30.5,0,0.3333333333333333]
[1,30.583333333333332,0,0.3333333333333333]
[0,30.666666666666668,0,0.3333333333333333]
[7,30.833333333333332,0,0.3333333333333333]
[2,31,0,0.3333333333333333]
[3,31.166666666666668,0,0.3333333333333333]
[8,31.333333333333332,0,0.3333333333333333]
[1,31.5,0,0.3333333333333333]
[6,31.666666666666668,0,0.3333333333333333]
[5,31.833333333333332,0,0.3333333333333333]
[4,32,1,2]
[0,34.666666666666664,0,0.3333333333333333]
[1,34.833333333333336,0,0.3333333333333333]
[5,35,0,0.3333333333333333]
[4,35.166666666666664,0,0.3333333333333333]
[6,35.333333333333336,1,0.3333333333333333]
[7,35.666666666666664,1,0.3333333333333333]
[2,36,0,0.3333333333333333]
[3,36.166666666666664,0,0.3333333333333333]
[4,36.25,0,0.3333333333333333]
[5,36.333333333333336,0,0.3333333333333333]
[6,36.5,0,0.3333333333333333]
[8,36.666666666666664,1,0.3333333333333333]
[0,37,1,0.3333333333333333]
[2,37.333333333333336,0,0.3333333333333333]
[1,37.5,0,0.3333333333333333]
[3,37.666666666666664,0,0.3333333333333333]
[4,37.833333333333336,0,0.3333333333333333]
[8,38,1,0.3333333333333333]
[7,38.333333333333336,1,0.3333333333333333]
[0,38.666666666666664,0,0.3333333333333333]
[5,38.833333333333336,0,0.3333333333333333]
[4,38.916666666666664,0,0.3333333333333333]
[3,39,0,0.3333333333333333]
[8,39.166666666666664,0,0.3333333333333333]
[0,39.333333333333336,0,0.3333333333333333]
[1,39.5,0,0.3333333333333333]
[5,39.666666666666664,0,0.3333333333333333]
[4,39.833333333333336,0,0.3333333333333333]
[6,40,0,0.3333333333333333]
[7,40.166666666666664,0,0.3333333333333333]
[5,40.333333333333336,0,0.3333333333333333]
[4,40.5,0,0.3333333333333333]
[0,40.666666666666664,1,0.3333333333333333]
[1,41,1,0.3333333333333333]
[8,41.333333333333336,0,0.3333333333333333]
[3,41.5,0,0.3333333333333333]
[4,41.583333333333336,0,0.3333333333333333]
[5,41.666666666666664,0,0.3333333333333333]
[0,41.833333333333336,0,0.3333333333333333]
[2,42,1,0.3333333333333333]
[6,42.333333333333336,1,0.3333333333333333]
[8,42.666666666666664,0,0.3333333333333333]
[3,42.833333333333336,0,0.3333333333333333]
[2,43,0,0.3333333333333333]
[6,43.333333333333336,0,0.3333333333333333]
[5,43.5,0,0.3333333333333333]
[0,43.666666666666664,0,0.3333333333333333]
[2,44,0,0.3333333333333333]
[1,44.166666666666664,0,0.3333333333333333]
[6,44.333333333333336,0,0.3333333333333333]
[7,44.5,0,0.3333333333333333]
[8,44.666666666666664,0,0.3333333333333333]
[4,44.833333333333336,0,0.3333333333333333]
[0,45,0,0.3333333333333333]
[5,45.166666666666664,1,0.3333333333333333]
[6,45.5,0,0.3333333333333333]
[7,45.666666666666664,0,0.3333333333333333]
[8,45.833333333333336,0,0.3333333333333333]
[3,46,0,0.3333333333333333]
[2,46.166666666666664,0,0.3333333333333333]
[3,46.5,1,0.3333333333333333]
[8,46.833333333333336,0,0.3333333333333333]
[7,47,0,0.3333333333333333]
[6,47.166666666666664,0,0.3333333333333333]
[5,47.333333333333336,0,0.3333333333333333]
[0,47.5,0,0.3333333333333333]
[2,47.833333333333336,1,0.3333333333333333]
[3,48.166666666666664,0,0.3333333333333333]
[4,48.333333333333336,0,0.3333333333333333]
[8,48.5,0,0.3333333333333333]
[7,48.666666666666664,0,0.3333333333333333]
[0,48.833333333333336,0,0.3333333333333333]
[1,49,0,0.3333333333333333]
[5,49.166666666666664,0,0.3333333333333333]
[4,49.333333333333336,0,0.3333333333333333]
[6,49.5,0,0.3333333333333333]
[7,49.666666666666664,0,0.3333333333333333]
[8,49.833333333333336,0,0.3333333333333333]
[4,50,0,0.3333333333333333]
[3,50.5,1,0.3333333333333333]
[8,50.833333333333336,0,0.3333333333333333]
[7,51,0,0.3333333333333333]
[6,51.166666666666664,0,0.3333333333333333]
[4,51.333333333333336,0,0.3333333333333333]
[2,51.5,0,0.3333333333333333]
[5,51.833333333333336,1,0.3333333333333333]
[6,52.166666666666664,0,0.3333333333333333]
[7,52.333333333333336,0,0.3333333333333333]
[8,52.5,0,0.3333333333333333]
[4,52.666666666666664,0,0.3333333333333333]
[0,52.833333333333336,0,0.3333333333333333]
[2,53.333333333333336,0,0.3333333333333333]
[4,53.5,0,0.3333333333333333]
[8,53.666666666666664,0,0.3333333333333333]
[0,54,0,0.3333333333333333]
[4,54.166666666666664,0,0.3333333333333333]
[6,54.333333333333336,0,0.3333333333333333]
[2,54.666666666666664,0,0.3333333333333333]
[6,55,0,0.3333333333333333]
[0,55.333333333333336,0,0.3333333333333333]
[8,55.666666666666664,0,0.3333333333333333]
[3,55.833333333333336,1,0.3333333333333333]
[2,56.166666666666664,0,0.3333333333333333]
[1,56.333333333333336,0,0.3333333333333333]
[0,56.5,0,0.3333333333333333]
[5,56.666666666666664,0,0.3333333333333333]
[6,56.833333333333336,0,0.3333333333333333]
[5,57.166666666666664,1,0.3333333333333333]
[0,57.5,0,0.3333333333333333]
[1,57.666666666666664,0,0.3333333333333333]
[2,57.833333333333336,0,0.3333333333333333]
[3,58,0,0.3333333333333333]
[8,58.166666666666664,0,0.3333333333333333]
[6,58.5,1,0.3333333333333333]
[5,58.833333333333336,0,0.3333333333333333]
[4,59,0,0.3333333333333333]
[0,59.166666666666664,0,0.3333333333333333]
[1,59.333333333333336,0,0.3333333333333333]
[8,59.5,0,0.3333333333333333]
[7,59.666666666666664,0,0.3333333333333333]
[3,59.833333333333336,0,0.3333333333333333]
[4,60,0,0.3333333333333333]
[2,60.166666666666664,0,0.3333333333333333]
[1,60.333333333333336,0,0.3333333333333333]
[0,60.5,0,0.3333333333333333]
[4,60.666666666666664,0,0.3333333333333333]
[5,61.166666666666664,1,0.3333333333333333]
[0,61.5,0,0.3333333333333333]
[1,61.666666666666664,0,0.3333333333333333]
[2,61.833333333333336,0,0.3333333333333333]
[4,62,0,0.3333333333333333]
[6,62.166666666666664,0,0.3333333333333333]
[3,62.5,1,0.3333333333333333]
[2,62.833333333333336,0,0.3333333333333333]
[1,63,0,0.3333333333333333]
[0,63.166666666666664,0,0.3333333333333333]
[4,63.333333333333336,0,0.3333333333333333]
[8,63.5,0,0.3333333333333333]
[6,64,0,0.3333333333333333]
[4,64.16666666666667,0,0.3333333333333333]
[0,64.33333333333333,0,0.3333333333333333]
[8,64.66666666666667,0,0.3333333333333333]
[4,64.83333333333333,0,0.3333333333333333]
[2,65,0,0.3333333333333333]
[6,65.33333333333333,0,0.3333333333333333]
[2,65.66666666666667,0,0.3333333333333333]
[8,66,0,0.3333333333333333]
[0,66.33333333333333,0,0.3333333333333333]
[6,66.66666666666667,0,0.3333333333333333]
[7,66.66666666666667,0,0.3333333333333333]
[5,66.88888888888889,0,0.3333333333333333]
[0,67.11111111111111,0,0.3333333333333333]
[1,67.33333333333333,0,0.3333333333333333]
[2,67.33333333333333,0,0.3333333333333333]
[3,67.55555555555556,0,0.3333333333333333]
[8,67.77777777777777,0,0.3333333333333333]
[6,68,0,0.3333333333333333]
[7,68,0,0.3333333333333333]
[5,68.22222222222223,0,0.3333333333333333]
[0,68.44444444444444,0,0.3333333333333333]
[1,68.66666666666667,0,0.3333333333333333]
[2,68.66666666666667,0,0.3333333333333333]
[3,69.11111111111111,0,0.3333333333333333]
[7,69.33333333333333,0,0.3333333333333333]
[8,69.33333333333333,0,0.3333333333333333]
[6,69.55555555555556,0,0.3333333333333333]
[5,69.77777777777777,0,0.3333333333333333]
[0,70,0,0.3333333333333333]
[1,70,0,0.3333333333333333]
[2,70.22222222222223,0,0.3333333333333333]
[3,70.44444444444444,0,0.3333333333333333]
[7,70.66666666666667,0,0.3333333333333333]
[8,70.66666666666667,0,0.3333333333333333]
[6,70.88888888888889,0,0.3333333333333333]
[5,71.11111111111111,0,0.3333333333333333]
[1,71.33333333333333,0,0.8888888888888888]
[0,71.33333333333333,0,0.8888888888888888]
[2,74.66666666666667,0,0.6666666666666666]
[1,75.33333333333333,0,0.6666666666666666]
[0,76,0,0.6666666666666666]
[8,76.66666666666667,1,0.6666666666666666]
[6,76.66666666666667,1,0.6666666666666666]
[7,77.33333333333333,1,1.1666666666666667]
[0,78.5,0,1.1666666666666667]
[1,78.58333333333333,0,1.1666666666666667]
[2,78.66666666666667,0,1.1666666666666667]
[4,78.83333333333333,0,1.1666666666666667]
[3,79,0,1.1666666666666667]
[7,79.16666666666667,0,1.1666666666666667]
[8,79.33333333333333,0,1.1666666666666667]
[6,79.5,0,1.1666666666666667]
[5,79.66666666666667,0,1.1666666666666667]
[7,80,1,1.1666666666666667]
[2,81.16666666666667,0,1.1666666666666667]
[1,81.25,0,1.1666666666666667]
[0,81.33333333333333,0,1.1666666666666667]
[4,81.5,0,1.1666666666666667]
[5,81.66666666666667,0,1.1666666666666667]
[7,81.83333333333333,0,1.1666666666666667]
[6,82,0,1.1666666666666667]
[8,82.16666666666667,0,1.1666666666666667]
[3,82.33333333333333,0,1.1666666666666667]
[2,82.5,0,1.1666666666666667]
[7,82.66666666666667,1,1.1666666666666667]
[0,83.83333333333333,0,1.1666666666666667]
[1,83.91666666666667,0,1.1666666666666667]
[2,84,0,1.1666666666666667]
[4,84.16666666666667,0,1.1666666666666667]
[3,84.33333333333333,0,1.1666666666666667]
[7,84.5,0,1.1666666666666667]
[8,84.66666666666667,0,1.1666666666666667]
[6,84.83333333333333,0,1.1666666666666667]
[5,85,0,1.1666666666666667]
[0,85.16666666666667,0,1.1666666666666667]
[7,85.33333333333333,1,1.1666666666666667]
[2,86.5,0,1.1666666666666667]
[1,86.58333333333333,0,1.1666666666666667]
[0,86.66666666666667,0,1.1666666666666667]
[5,86.83333333333333,0,1.1666666666666667]
[6,87,0,1.1666666666666667]
[8,87.16666666666667,0,1.1666666666666667]
[3,87.33333333333333,0,1.1666666666666667]
[2,87.5,0,1.1666666666666667]
[0,87.66666666666667,0,1.1666666666666667]
[5,87.83333333333333,0,1.1666666666666667]
[6,88,0,1.1666666666666667]
[1,88.33333333333333,0,1.1666666666666667]
[2,88.5,0,1.1666666666666667]
[3,88.83333333333333,0,1.1666666666666667]
[8,89.16666666666667,0,1.1666666666666667]
[6,89.5,0,1.1666666666666667]
[1,89.83333333333333,0,1.1666666666666667]
[2,90,0,1.1666666666666667]
[4,90.33333333333333,0,1.1666666666666667]
[6,90.66666666666667,0,1.1666666666666667]
[1,91,0,1.1666666666666667]
[2,91.16666666666667,0,1.1666666666666667]
[3,91.5,0,1.1666666666666667]
[8,91.83333333333333,0,1.1666666666666667]
[6,92.16666666666667,0,1.1666666666666667]
[1,92.5,0,1.1666666666666667]
[2,92.66666666666667,0,1.1666666666666667]
[3,93,0,1.1666666666666667]
[8,93.33333333333333,0,1.1666666666666667]
[7,93.5,0,1.1666666666666667]
[0,93.66666666666667,0,1.1666666666666667]
[1,93.83333333333333,0,1.1666666666666667]
[5,94,0,1.1666666666666667]
[4,94.16666666666667,0,1.1666666666666667]
[6,94.33333333333333,0,1.1666666666666667]
[7,94.5,0,1.1666666666666667]
[2,94.66666666666667,0,1.1666666666666667]
[1,94.83333333333333,0,1.1666666666666667]
[6,95,0,1.1666666666666667]
[7,95.16666666666667,0,1.1666666666666667]
[5,95.33333333333333,0,1.1666666666666667]
[4,95.5,0,1.1666666666666667]
[0,95.66666666666667,0,1.1666666666666667]
[1,95.83333333333333,0,1.1666666666666667]
[2,96,0,1.1666666666666667]
[4,97.33333333333333,0,1.1666666666666667]
[6,98,1,0.6666666666666666]
[2,98.66666666666667,0,0.6666666666666666]
[1,98.77777777777777,0,0.6666666666666666]
[3,98.88888888888889,0,0.6666666666666666]
[4,99,0,0.6666666666666666]
[8,99.11111111111111,0,0.6666666666666666]
[7,99.22222222222223,0,0.6666666666666666]
[0,99.33333333333333,0,0.6666666666666666]
[1,99.44444444444444,0,0.6666666666666666]
[5,99.55555555555556,0,0.6666666666666666]
[4,99.66666666666667,0,0.6666666666666666]
[6,99.77777777777777,0,0.6666666666666666]
[7,99.88888888888889,0,0.6666666666666666]
[2,100,0,0.6666666666666666]
[1,100.1111111111111,0,0.6666666666666666]
[3,100.22222222222221,0,0.6666666666666666]
[4,100.33333333333333,0,0.6666666666666666]
[8,100.44444444444444,0,0.6666666666666666]
[7,100.55555555555556,0,0.6666666666666666]
[0,100.66666666666666,0,0.6666666666666666]
[1,100.77777777777777,0,0.6666666666666666]
[2,100.88888888888889,0,0.6666666666666666]
[3,101,0,0.6666666666666666]
[4,101.11111111111111,0,0.6666666666666666]
[5,101.22222222222223,0,0.6666666666666666]
[6,101.33333333333333,0,0.6666666666666666]
[7,101.44444444444444,0,0.6666666666666666]
[5,101.55555555555556,0,0.3333333333333333]
[4,101.66666666666667,0,0.3333333333333333]
[0,101.77777777777777,0,0.3333333333333333]
[1,101.88888888888889,0,0.3333333333333333]
[8,102,0,0.3333333333333333]
[7,102.11111111111111,0,0.3333333333333333]
[3,102.22222222222223,0,0.3333333333333333]
[4,102.33333333333333,0,0.3333333333333333]
[2,102.44444444444444,0,0.3333333333333333]
[1,102.55555555555556,0,0.3333333333333333]
[6,102.66666666666667,0,0.3333333333333333]
[7,102.77777777777777,0,0.3333333333333333]
[5,102.88888888888889,0,0.6666666666666666]
[4,103,0,0.6666666666666666]
[0,103.11111111111111,0,0.3333333333333333]
[1,103.22222222222223,0,0.3333333333333333]
[8,103.33333333333333,0,0.3333333333333333]
[0,104,0,0.6666666666666666]
[1,104.1111111111111,0,0.6666666666666666]
[2,104.22222222222221,0,0.6666666666666666]
[3,104.33333333333333,0,0.6666666666666666]
[4,104.44444444444444,0,0.6666666666666666]
[5,104.55555555555556,0,0.6666666666666666]
[6,104.66666666666666,0,0.6666666666666666]
[7,104.77777777777777,0,0.6666666666666666]
[8,104.88888888888889,0,0.6666666666666666]
[3,105,0,0.6666666666666666]
[4,105.1111111111111,0,0.6666666666666666]
[5,105.22222222222221,0,0.6666666666666666]
[0,105.33333333333333,0,0.6666666666666666]
[1,105.44444444444444,0,0.6666666666666666]
[2,105.55555555555556,0,0.6666666666666666]
[3,105.66666666666666,0,0.6666666666666666]
[4,105.77777777777777,0,0.6666666666666666]
[5,105.88888888888889,0,0.6666666666666666]
[6,106,0,0.6666666666666666]
[7,106.11111111111111,0,0.6666666666666666]
[5,106.22222222222223,0,0.6666666666666666]
[4,106.33333333333333,0,0.6666666666666666]
[0,106.44444444444444,0,0.6666666666666666]
[1,106.55555555555556,0,0.6666666666666666]
[5,106.66666666666667,0,0.6666666666666666]
[4,106.77777777777777,0,0.6666666666666666]
[3,106.88888888888889,0,0.6666666666666666]
[8,107,0,0.6666666666666666]
[7,107.11111111111111,0,0.6666666666666666]
[6,107.22222222222223,0,0.6666666666666666]
[5,107.33333333333333,0,0.6666666666666666]
[4,107.44444444444444,0,0.6666666666666666]
[3,107.55555555555556,0,0.6666666666666666]
[2,107.66666666666667,0,0.6666666666666666]
[1,107.77777777777777,0,0.6666666666666666]
[0,107.88888888888889,0,0.6666666666666666]
[5,108,0,0.6666666666666666]
[4,108.11111111111111,0,0.6666666666666666]
[3,108.22222222222223,0,0.6666666666666666]
[8,108.33333333333333,0,0.6666666666666666]
[7,108.44444444444444,0,0.6666666666666666]
[6,108.55555555555556,0,0.6666666666666666]
[2,108.66666666666667,0,0.6666666666666666]
[1,109.33333333333333,0,0.6666666666666666]
[2,109.44444444444444,0,0.6666666666666666]
[4,109.55555555555556,0,0.6666666666666666]
[3,109.66666666666667,0,0.6666666666666666]
[7,109.77777777777777,0,0.6666666666666666]
[8,109.88888888888889,0,0.6666666666666666]
[1,110,0,0.6666666666666666]
[0,110.11111111111111,0,0.6666666666666666]
[4,110.22222222222223,0,0.6666666666666666]
[5,110.33333333333333,0,0.6666666666666666]
[7,110.44444444444444,0,0.6666666666666666]
[6,110.55555555555556,0,0.6666666666666666]
[1,110.66666666666667,0,0.6666666666666666]
[2,110.77777777777777,0,0.6666666666666666]
[4,110.88888888888889,0,0.6666666666666666]
[3,111,0,0.6666666666666666]
[7,111.11111111111111,0,0.6666666666666666]
[8,111.22222222222223,0,0.6666666666666666]
[1,111.33333333333333,0,0.6666666666666666]
[0,111.44444444444444,0,0.6666666666666666]
[4,111.55555555555556,0,0.6666666666666666]
[5,111.66666666666667,0,0.6666666666666666]
[7,111.77777777777777,0,0.6666666666666666]
[6,111.88888888888889,0,0.6666666666666666]
[2,112,0,0.6666666666666666]
[1,112.11111111111111,0,0.6666666666666666]
[3,112.22222222222223,0,0.6666666666666666]
[4,112.33333333333333,0,0.6666666666666666]
[8,112.44444444444444,0,0.6666666666666666]
[7,112.55555555555556,0,0.6666666666666666]
[0,112.66666666666667,0,0.6666666666666666]
[1,112.77777777777777,0,0.6666666666666666]
[5,112.88888888888889,0,0.6666666666666666]
[4,113,0,0.6666666666666666]
[6,113.11111111111111,0,0.6666666666666666]
[7,113.22222222222223,0,0.6666666666666666]
[2,113.33333333333333,0,0.6666666666666666]
[1,113.44444444444444,0,0.6666666666666666]
[3,113.55555555555556,0,0.6666666666666666]
[4,113.66666666666667,0,0.6666666666666666]
[8,113.77777777777777,0,0.6666666666666666]
[7,113.88888888888889,0,0.6666666666666666]
[0,114,0,0.6666666666666666]
[0,114.66666666666667,0,0.6666666666666666]
[4,114.77777777777777,0,0.6666666666666666]
[6,114.88888888888889,0,0.6666666666666666]
[2,115,0,0.6666666666666666]
[4,115.11111111111111,0,0.6666666666666666]
[8,115.22222222222223,0,0.6666666666666666]
[0,115.33333333333333,0,0.6666666666666666]
[4,115.44444444444444,0,0.6666666666666666]
[6,115.55555555555556,0,0.6666666666666666]
[2,115.66666666666667,0,0.6666666666666666]
[4,115.77777777777777,0,0.6666666666666666]
[8,115.88888888888889,0,0.6666666666666666]
[0,116,0,0.6666666666666666]
[4,116.1111111111111,0,0.6666666666666666]
[6,116.22222222222221,0,0.6666666666666666]
[2,116.33333333333333,0,0.6666666666666666]
[4,116.44444444444444,0,0.6666666666666666]
[8,116.55555555555556,0,0.6666666666666666]
[0,116.66666666666666,0,0.6666666666666666]
[4,116.77777777777777,0,0.6666666666666666]
[6,116.88888888888889,0,0.6666666666666666]
[2,117,0,0.6666666666666666]
[4,117.1111111111111,0,0.6666666666666666]
[8,117.22222222222221,0,0.6666666666666666]
[0,117.33333333333333,0,0.6666666666666666]
[6,117.55555555555556,0,0.6666666666666666]
[8,117.77777777777777,0,0.6666666666666666]
[2,118,0,0.6666666666666666]
[0,118.66666666666667,0,0.6666666666666666]
[8,118.88888888888889,0,0.6666666666666666]
[6,119.11111111111111,0,0.6666666666666666]
[2,119.33333333333333,0,0.6666666666666666]
[0,120,0,0.6666666666666666]
[1,120.22222222222223,0,0.6666666666666666]
[2,120.44444444444444,0,0.6666666666666666]
[6,120.66666666666667,0,0.6666666666666666]
[7,120.88888888888889,0,0.6666666666666666]
[8,121.11111111111111,0,0.6666666666666666]
[0,121.33333333333333,0,0.6666666666666666]
[5,121.55555555555556,0,0.6666666666666666]
[6,121.77777777777777,0,0.6666666666666666]
[2,122,0,0.6666666666666666]
[3,122.22222222222223,0,0.6666666666666666]
[8,122.44444444444444,0,0.6666666666666666]
[4,122.66666666666667,1,0.8888888888888888]
[2,123.55555555555556,0,0.8888888888888888]
[0,123.77777777777777,0,0.8888888888888888]
[4,124,1,0.8888888888888888]
[8,124.88888888888889,0,0.8888888888888888]
[6,125.11111111111111,0,0.8888888888888888]
[4,125.33333333333333,1,0.8888888888888888]
[2,126.22222222222223,0,0.8888888888888888]
[0,126.44444444444444,0,0.8888888888888888]
[1,126.66666666666667,0,0.3333333333333333]
[7,127,0,0.8888888888888888]
[4,127.33333333333333,0,0.3333333333333333]
[5,127.5,0,0.8888888888888888]
[7,127.66666666666667,0,0.8888888888888888]
[3,127.83333333333333,0,0.8888888888888888]
[1,128,0,0.3333333333333333]
[0,130.66666666666669,0,0.3333333333333333]
[1,130.83333333333337,0,0.3333333333333333]
[5,131.00000000000003,0,0.3333333333333333]
[4,131.16666666666669,0,0.3333333333333333]
[6,131.33333333333337,1,0.3333333333333333]
[7,131.66666666666669,1,0.3333333333333333]
[2,132.00000000000003,0,0.3333333333333333]
[3,132.16666666666669,0,0.3333333333333333]
[4,132.25000000000003,0,0.3333333333333333]
[5,132.33333333333337,0,0.3333333333333333]
[6,132.50000000000003,0,0.3333333333333333]
[8,132.66666666666669,1,0.3333333333333333]
[0,133.00000000000003,1,0.3333333333333333]
[2,133.33333333333337,0,0.3333333333333333]
[1,133.50000000000003,0,0.3333333333333333]
[3,133.66666666666669,0,0.3333333333333333]
[4,133.83333333333337,0,0.3333333333333333]
[8,134.00000000000003,1,0.3333333333333333]
[7,134.33333333333337,1,0.3333333333333333]
[0,134.66666666666669,0,0.3333333333333333]
[5,134.83333333333337,0,0.3333333333333333]
[4,134.91666666666669,0,0.3333333333333333]
[3,135.00000000000003,0,0.3333333333333333]
[8,135.16666666666669,0,0.3333333333333333]
[0,135.33333333333337,0,0.3333333333333333]
[1,135.50000000000003,0,0.3333333333333333]
[5,135.66666666666669,0,0.3333333333333333]
[4,135.83333333333337,0,0.3333333333333333]
[6,136.00000000000003,0,0.3333333333333333]
[7,136.16666666666669,0,0.3333333333333333]
[5,136.33333333333337,0,0.3333333333333333]
[4,136.50000000000003,0,0.3333333333333333]
[0,136.66666666666669,1,0.3333333333333333]
[1,137.00000000000003,1,0.3333333333333333]
[8,137.33333333333337,0,0.3333333333333333]
[3,137.50000000000003,0,0.3333333333333333]
[4,137.58333333333337,0,0.3333333333333333]
[5,137.66666666666669,0,0.3333333333333333]
[0,137.83333333333337,0,0.3333333333333333]
[2,138.00000000000003,1,0.3333333333333333]
[6,138.33333333333337,1,0.3333333333333333]
[8,138.66666666666669,0,0.3333333333333333]
[3,138.83333333333337,0,0.3333333333333333]
[2,139.00000000000003,0,0.3333333333333333]
[6,139.33333333333337,0,0.3333333333333333]
[5,139.50000000000003,0,0.3333333333333333]
[0,139.66666666666669,0,0.3333333333333333]
[2,140.00000000000003,0,0.3333333333333333]
[1,140.16666666666669,0,0.3333333333333333]
[6,140.33333333333337,0,0.3333333333333333]
[7,140.50000000000003,0,0.3333333333333333]
[8,140.66666666666669,0,0.3333333333333333]
[4,140.83333333333337,0,0.3333333333333333]
[0,141.00000000000003,0,0.3333333333333333]
[2,141.33333333333334,0,0.8888888888888888]
[1,141.55555555555554,0,0.8888888888888888]
[0,141.77777777777777,0,0.8888888888888888]
[5,142,0,0.8888888888888888]
[4,142.22222222222223,0,0.8888888888888888]
[3,142.44444444444446,0,0.8888888888888888]
[8,142.66666666666666,0,0.8888888888888888]
[7,143.33333333333334,0,0.8888888888888888]
[6,143.33333333333334,0,0.8888888888888888]
[4,143.55555555555554,0,0.8888888888888888]
[5,143.55555555555554,0,0.8888888888888888]
[1,143.77777777777777,0,0.8888888888888888]
[0,143.77777777777777,0,0.8888888888888888]
[3,144,1,2.6666666666666665]
