[0,0,0,1.3333333333333333]
[4,0.2222222222222222,0,1.3333333333333333]
[5,0.4444444444444444,0,1.3333333333333333]
[3,0.6666666666666666,0,1.3333333333333333]
[7,0.8888888888888888,0,1.3333333333333333]
[8,1.1111111111111112,0,1.3333333333333333]
[6,1.3333333333333333,0,1.3333333333333333]
[4,1.5555555555555556,0,1.3333333333333333]
[5,1.7777777777777777,0,1.3333333333333333]
[3,2,0,1.3333333333333333]
[1,2.2222222222222223,0,1.3333333333333333]
[2,2.4444444444444446,0,1.3333333333333333]
[0,2.6666666666666665,0,0.3333333333333333]
[1,2.888888888888889,0,0.3333333333333333]
[5,3.111111111111111,0,0.3333333333333333]
[3,3.3333333333333335,0,0.3333333333333333]
[4,3.5555555555555554,0,0.3333333333333333]
[8,3.7777777777777777,0,0.3333333333333333]
[6,4,0,0.3333333333333333]
[7,4.222222222222222,0,0.3333333333333333]
[5,4.444444444444445,0,0.3333333333333333]
[3,4.666666666666667,0,0.3333333333333333]
[4,4.888888888888889,0,0.3333333333333333]
[2,5.111111111111111,0,0.3333333333333333]
[0,5.333333333333333,0,0.3333333333333333]
[4,5.555555555555555,0,0.3333333333333333]
[2,5.777777777777778,0,0.3333333333333333]
[3,6,0,0.3333333333333333]
[7,6.222222222222222,0,0.3333333333333333]
[5,6.444444444444445,0,0.3333333333333333]
[6,6.666666666666667,0,0.3333333333333333]
[4,6.888888888888889,0,0.3333333333333333]
[8,7.111111111111111,0,0.3333333333333333]
[3,7.333333333333333,0,0.3333333333333333]
[1,7.555555555555555,0,0.3333333333333333]
[5,7.777777777777778,0,0.3333333333333333]
[0,8,0,0.3333333333333333]
[4,8.222222222222221,0,0.3333333333333333]
[6,8.444444444444445,0,0.3333333333333333]
[2,8.666666666666666,0,0.3333333333333333]
[4,8.88888888888889,0,0.3333333333333333]
[8,9.11111111111111,0,0.3333333333333333]
[0,9.333333333333334,0,0.3333333333333333]
[4,9.555555555555555,0,0.3333333333333333]
[6,9.777777777777779,0,0.3333333333333333]
[2,10,0,0.3333333333333333]
[4,10.222222222222221,0,0.3333333333333333]
[8,10.444444444444445,0,0.3333333333333333]
[2,10.666666666666666,0,0.3333333333333333]
[4,10.88888888888889,0,0.3333333333333333]
[3,11.11111111111111,0,0.3333333333333333]
[5,11.333333333333334,0,0.3333333333333333]
[7,11.555555555555555,0,0.3333333333333333]
[6,11.777777777777779,0,0.3333333333333333]
[8,12,0,0.3333333333333333]
[4,12.222222222222221,0,0.3333333333333333]
[3,12.444444444444445,0,0.3333333333333333]
[5,12.666666666666666,0,0.3333333333333333]
[1,12.88888888888889,0,0.3333333333333333]
[0,13.11111111111111,0,0.3333333333333333]
[2,13.333333333333334,0,0.3333333333333333]
[1,13.555555555555555,0,0.3333333333333333]
[3,13.777777777777779,0,0.3333333333333333]
[5,14,0,0.3333333333333333]
[4,14.222222222222221,0,0.3333333333333333]
[6,14.444444444444445,0,0.3333333333333333]
[8,14.666666666666666,0,0.3333333333333333]
[7,14.88888888888889,0,0.3333333333333333]
[3,15.11111111111111,0,0.3333333333333333]
[5,15.333333333333334,0,0.3333333333333333]
[4,15.555555555555555,0,0.3333333333333333]
[0,15.777777777777779,0,0.3333333333333333]
[2,16,0,0.3333333333333333]
[4,16.22222222222222,0,0.3333333333333333]
[0,16.444444444444443,0,0.3333333333333333]
[5,16.666666666666668,0,0.3333333333333333]
[7,16.88888888888889,0,0.3333333333333333]
[3,17.11111111111111,0,0.3333333333333333]
[8,17.333333333333332,0,0.3333333333333333]
[4,17.555555555555557,0,0.3333333333333333]
[6,17.77777777777778,0,0.3333333333333333]
[5,18,0,0.3333333333333333]
[1,18.22222222222222,0,0.3333333333333333]
[3,18.444444444444443,0,0.3333333333333333]
[2,18.666666666666668,0,0.3333333333333333]
[4,18.88888888888889,0,0.3333333333333333]
[8,19.11111111111111,0,0.3333333333333333]
[0,19.333333333333332,0,0.3333333333333333]
[4,19.555555555555557,0,0.3333333333333333]
[6,19.77777777777778,0,0.3333333333333333]
[2,20,0,0.3333333333333333]
[4,20.22222222222222,0,0.3333333333333333]
[8,20.444444444444443,0,0.3333333333333333]
[0,20.666666666666668,0,0.3333333333333333]
[4,20.88888888888889,0,0.3333333333333333]
[6,21.11111111111111,0,0.3333333333333333]
[4,21.333333333333332,1,1.1666666666666667]
[0,22.5,0,1.1666666666666667]
[1,22.583333333333332,0,1.1666666666666667]
[2,22.666666666666668,0,1.1666666666666667]
[6,22.833333333333332,0,1.1666666666666667]
[4,23,0,1.1666666666666667]
[8,23.166666666666668,0,1.1666666666666667]
[7,23.333333333333332,0,1.1666666666666667]
[2,23.5,0,1.1666666666666667]
[1,23.583333333333332,0,1.1666666666666667]
[0,23.666666666666668,0,1.1666666666666667]
[4,24,1,1.1666666666666667]
[2,25.166666666666668,0,1.1666666666666667]
[1,25.25,0,1.1666666666666667]
[0,25.333333333333332,0,1.1666666666666667]
[8,25.5,0,1.1666666666666667]
[4,25.666666666666668,0,1.1666666666666667]
[6,25.833333333333332,0,1.1666666666666667]
[7,26,0,1.1666666666666667]
[2,26.166666666666668,0,1.1666666666666667]
[1,26.25,0,1.1666666666666667]
[3,26.333333333333332,0,1.1666666666666667]
[8,26.5,0,1.1666666666666667]
[4,26.666666666666668,1,1.1666666666666667]
[0,27.833333333333332,0,1.1666666666666667]
[1,27.916666666666668,0,1.1666666666666667]
[2,28,0,1.1666666666666667]
[6,28.166666666666668,0,1.1666666666666667]
[4,28.333333333333332,0,1.1666666666666667]
[8,28.5,0,1.1666666666666667]
[7,28.666666666666668,0,1.1666666666666667]
[0,28.833333333333332,0,1.1666666666666667]
[5,28.916666666666668,0,1.1666666666666667]
[6,29,0,1.1666666666666667]
[2,29.166666666666668,0,1.1666666666666667]
[3,29.25,0,1.1666666666666667]
[8,29.333333333333332,1,0.3333333333333333]
[7,29.666666666666668,0,0.3333333333333333]
[3,30,1,0.3333333333333333]
[4,30.333333333333332,0,0.3333333333333333]
[2,30.5,0,0.3333333333333333]
[1,30.583333333333332,0,0.3333333333333333]
[0,30.666666666666668,0,0.3333333333333333]
[5,30.833333333333332,0,0.3333333333333333]
[6,31,0,0.3333333333333333]
[1,31.166666666666668,0,0.3333333333333333]
[8,31.333333333333332,0,0.3333333333333333]
[3,31.5,0,0.3333333333333333]
[2,31.666666666666668,0,0.3333333333333333]
[7,31.833333333333332,0,0.3333333333333333]
[4,32,1,2]
[0,34,0,2]
[1,34.083333333333336,0,2]
[8,34.166666666666664,0,0.3333333333333333]
[7,34.25,0,0.3333333333333333]
[3,34.333333333333336,0,0.3333333333333333]
[0,34.666666666666664,0,2]
[5,34.833333333333336,0,2]
[4,34.916666666666664,0,2]
[3,35,0,2]
[8,35.166666666666664,0,2]
[6,35.333333333333336,1,0.3333333333333333]
[2,35.666666666666664,1,0.3333333333333333]
[1,36,0,0.3333333333333333]
[3,36.166666666666664,0,0.3333333333333333]
[4,36.25,0,0.3333333333333333]
[5,36.333333333333336,0,0.3333333333333333]
[7,36.5,0,0.3333333333333333]
[8,36.666666666666664,1,0.3333333333333333]
[0,37,1,0.3333333333333333]
[2,37.333333333333336,0,0.3333333333333333]
[3,37.5,0,0.3333333333333333]
[4,37.583333333333336,0,0.3333333333333333]
[5,37.666666666666664,0,0.3333333333333333]
[6,37.833333333333336,0,0.3333333333333333]
[0,38,1,0.3333333333333333]
[8,38.333333333333336,1,0.3333333333333333]
[1,38.666666666666664,0,0.3333333333333333]
[5,38.833333333333336,0,0.3333333333333333]
[4,38.916666666666664,0,0.3333333333333333]
[3,39,0,0.3333333333333333]
[7,39.166666666666664,0,0.3333333333333333]
[0,39.333333333333336,0,0.3333333333333333]
[1,39.5,0,0.3333333333333333]
[8,39.666666666666664,0,0.3333333333333333]
[7,39.833333333333336,0,0.3333333333333333]
[6,40,0,0.3333333333333333]
[5,40.166666666666664,0,0.3333333333333333]
[4,40.25,0,0.3333333333333333]
[3,40.333333333333336,0,0.3333333333333333]
[2,40.5,0,0.3333333333333333]
[0,40.666666666666664,1,0.3333333333333333]
[8,41,1,0.3333333333333333]
[7,41.333333333333336,0,0.3333333333333333]
[3,41.5,0,0.3333333333333333]
[4,41.583333333333336,0,0.3333333333333333]
[5,41.666666666666664,0,0.3333333333333333]
[1,41.833333333333336,0,0.3333333333333333]
[2,42,1,0.3333333333333333]
[6,42.333333333333336,1,0.3333333333333333]
[8,42.666666666666664,0,0.3333333333333333]
[3,42.833333333333336,0,0.3333333333333333]
[2,43,0,0.3333333333333333]
[6,43.333333333333336,0,0.3333333333333333]
[5,43.5,0,0.3333333333333333]
[0,43.666666666666664,0,0.3333333333333333]
[8,44,0,0.3333333333333333]
[7,44.083333333333336,0,0.3333333333333333]
[3,44.166666666666664,0,0.3333333333333333]
[4,44.25,0,0.3333333333333333]
[2,44.333333333333336,0,0.3333333333333333]
[1,44.416666666666664,0,0.3333333333333333]
[6,44.5,0,0.3333333333333333]
[7,44.583333333333336,0,0.3333333333333333]
[8,44.666666666666664,0,0.3333333333333333]
[4,44.833333333333336,0,0.3333333333333333]
[0,45,0,2.6666666666666665]
[3,45.166666666666664,1,0.3333333333333333]
[2,45.5,0,0.3333333333333333]
[4,45.666666666666664,0,0.3333333333333333]
[5,45.833333333333336,0,0.3333333333333333]
[7,46,0,0.3333333333333333]
[8,46.166666666666664,0,0.3333333333333333]
[5,46.5,1,0.3333333333333333]
[0,46.833333333333336,0,0.3333333333333333]
[4,47,0,0.3333333333333333]
[3,47.166666666666664,0,0.3333333333333333]
[7,47.333333333333336,0,0.3333333333333333]
[6,47.5,0,0.3333333333333333]
[2,47.833333333333336,1,0.3333333333333333]
[3,48.166666666666664,0,0.3333333333333333]
[4,48.333333333333336,0,0.3333333333333333]
[5,48.5,0,0.3333333333333333]
[7,48.666666666666664,1,0.16666666666666666]
[6,48.833333333333336,0,0.16666666666666666]
[2,49,1,0.16666666666666666]
[1,49.166666666666664,0,0.16666666666666666]
[3,49.333333333333336,0,0.3333333333333333]
[7,49.5,0,0.3333333333333333]
[5,49.666666666666664,0,0.16666666666666666]
[1,49.833333333333336,0,0.16666666666666666]
[4,50,0,0.3333333333333333]
[3,50.5,1,0.3333333333333333]
[8,50.833333333333336,0,0.3333333333333333]
[4,51,0,0.3333333333333333]
[2,51.166666666666664,0,0.3333333333333333]
[0,51.333333333333336,0,0.3333333333333333]
[1,51.333333333333336,0,0.3333333333333333]
[6,51.5,0,0.3333333333333333]
[7,51.5,0,0.3333333333333333]
[5,51.833333333333336,1,0.3333333333333333]
[6,52.166666666666664,0,0.3333333333333333]
[4,52.333333333333336,0,0.3333333333333333]
[0,52.5,0,0.3333333333333333]
[1,52.666666666666664,0,0.3333333333333333]
[2,52.666666666666664,0,0.3333333333333333]
[7,52.833333333333336,0,0.3333333333333333]
[8,52.833333333333336,0,0.3333333333333333]
[0,53.333333333333336,0,0.3333333333333333]
[4,53.5,0,0.3333333333333333]
[5,53.666666666666664,0,0.3333333333333333]
[7,53.666666666666664,0,0.3333333333333333]
[2,54,0,0.3333333333333333]
[4,54.166666666666664,0,0.3333333333333333]
[7,54.333333333333336,0,0.3333333333333333]
[3,54.333333333333336,0,0.3333333333333333]
[1,54.666666666666664,0,0.3333333333333333]
[2,54.666666666666664,0,0.3333333333333333]
[3,55,0,0.3333333333333333]
[4,55,0,0.3333333333333333]
[8,55.166666666666664,0,0.3333333333333333]
[7,55.25,0,0.3333333333333333]
[6,55.333333333333336,0,0.3333333333333333]
[4,55.416666666666664,0,0.3333333333333333]
[5,55.5,0,0.3333333333333333]
[1,55.583333333333336,0,0.3333333333333333]
[0,55.666666666666664,0,0.3333333333333333]
[5,55.833333333333336,1,0.3333333333333333]
[7,56.166666666666664,0,0.3333333333333333]
[3,56.333333333333336,0,0.3333333333333333]
[4,56.5,0,0.3333333333333333]
[0,56.666666666666664,0,2.6666666666666665]
[1,56.833333333333336,0,2.6666666666666665]
[3,57.166666666666664,1,0.3333333333333333]
[7,57.5,0,0.3333333333333333]
[5,57.666666666666664,0,0.3333333333333333]
[4,57.833333333333336,0,0.3333333333333333]
[2,58,0,2.6666666666666665]
[1,58.166666666666664,0,2.6666666666666665]
[4,58.5,1,0.3333333333333333]
[2,58.833333333333336,0,0.3333333333333333]
[7,59,0,0.3333333333333333]
[0,59.166666666666664,0,0.3333333333333333]
[5,59.333333333333336,0,0.3333333333333333]
[6,59.5,0,0.3333333333333333]
[1,59.666666666666664,0,0.3333333333333333]
[8,59.833333333333336,0,0.3333333333333333]
[3,60,0,0.3333333333333333]
[2,60.166666666666664,0,0.3333333333333333]
[4,60.333333333333336,0,0.3333333333333333]
[6,60.5,0,0.3333333333333333]
[8,60.666666666666664,0,0.3333333333333333]
[3,61.166666666666664,1,0.3333333333333333]
[2,61.5,0,0.3333333333333333]
[4,61.666666666666664,0,0.3333333333333333]
[8,61.833333333333336,0,0.3333333333333333]
[7,62,0,0.3333333333333333]
[6,62,0,0.3333333333333333]
[0,62.166666666666664,0,0.3333333333333333]
[1,62.166666666666664,0,0.3333333333333333]
[5,62.5,1,0.3333333333333333]
[0,62.833333333333336,0,0.3333333333333333]
[4,63,0,0.3333333333333333]
[6,63.166666666666664,0,0.3333333333333333]
[7,63.333333333333336,0,0.3333333333333333]
[8,63.333333333333336,0,0.3333333333333333]
[1,63.5,0,0.3333333333333333]
[2,63.5,0,0.3333333333333333]
[0,64.00000000000001,0,0.3333333333333333]
[4,64.16666666666669,0,0.3333333333333333]
[7,64.33333333333334,0,0.3333333333333333]
[5,64.33333333333334,0,0.3333333333333333]
[2,64.66666666666669,0,0.3333333333333333]
[4,64.83333333333334,0,0.3333333333333333]
[3,65.00000000000001,0,0.3333333333333333]
[7,65.00000000000001,0,0.3333333333333333]
[1,65.33333333333334,0,0.3333333333333333]
[2,65.33333333333334,0,0.3333333333333333]
[3,65.66666666666669,0,0.3333333333333333]
[4,65.66666666666669,0,0.3333333333333333]
[8,65.83333333333334,0,0.3333333333333333]
[7,65.91666666666669,0,0.3333333333333333]
[6,66.00000000000001,0,0.3333333333333333]
[4,66.08333333333334,0,0.3333333333333333]
[5,66.16666666666669,0,0.3333333333333333]
[1,66.25000000000001,0,0.3333333333333333]
[0,66.33333333333334,0,0.3333333333333333]
[2,66.66666666666667,0,2.6666666666666665]
[4,66.88888888888889,0,0.3333333333333333]
[3,66.88888888888889,0,2.6666666666666665]
[7,67.11111111111111,0,0.3333333333333333]
[6,67.11111111111111,0,2.6666666666666665]
[8,67.33333333333333,0,2.6666666666666665]
[4,67.55555555555556,0,0.3333333333333333]
[3,67.55555555555556,0,2.6666666666666665]
[1,67.77777777777777,0,0.3333333333333333]
[0,67.77777777777777,0,2.6666666666666665]
[6,68,0,2.6666666666666665]
[4,68.22222222222223,0,0.3333333333333333]
[5,68.22222222222223,0,2.6666666666666665]
[1,68.44444444444444,0,0.3333333333333333]
[2,68.44444444444444,0,2.6666666666666665]
[0,68.66666666666667,0,2.6666666666666665]
[8,69.11111111111111,0,0.3333333333333333]
[7,69.11111111111111,0,0.3333333333333333]
[6,69.33333333333333,0,2.6666666666666665]
[2,69.55555555555556,0,0.16666666666666666]
[5,69.55555555555556,0,0.16666666666666666]
[1,69.77777777777777,0,0.16666666666666666]
[4,69.77777777777777,0,0.16666666666666666]
[8,70,0,2.6666666666666665]
[0,70.22222222222223,0,0.16666666666666666]
[3,70.22222222222223,0,0.16666666666666666]
[1,70.44444444444444,0,0.16666666666666666]
[4,70.44444444444444,0,0.16666666666666666]
[2,70.66666666666667,0,2.6666666666666665]
[3,70.88888888888889,0,0.16666666666666666]
[6,70.88888888888889,0,0.16666666666666666]
[4,71.11111111111111,0,0.16666666666666666]
[7,71.11111111111111,0,0.16666666666666666]
[2,71.33333333333333,0,0.3333333333333333]
[0,74.66666666666667,0,0.3333333333333333]
[3,75.33333333333333,0,0.3333333333333333]
[1,75.33333333333333,0,0.3333333333333333]
[7,76,0,0.3333333333333333]
[5,76,0,0.3333333333333333]
[6,76.66666666666667,1,0.6666666666666666]
[4,76.66666666666667,1,0.6666666666666666]
[2,76.66666666666667,1,0.6666666666666666]
[8,77.33333333333333,1,1.1666666666666667]
[0,78.50000000000003,0,1.1666666666666667]
[1,78.58333333333336,0,1.1666666666666667]
[2,78.6666666666667,0,1.1666666666666667]
[6,78.83333333333336,0,1.1666666666666667]
[4,79.00000000000003,0,1.1666666666666667]
[8,79.1666666666667,0,1.1666666666666667]
[7,79.33333333333336,0,1.1666666666666667]
[2,79.50000000000003,0,1.1666666666666667]
[1,79.58333333333336,0,1.1666666666666667]
[0,79.6666666666667,0,1.1666666666666667]
[6,80,1,1.1666666666666667]
[4,80.00000000000003,1,1.1666666666666667]
[2,81.1666666666667,0,1.1666666666666667]
[1,81.25000000000003,0,1.1666666666666667]
[0,81.33333333333336,0,1.1666666666666667]
[8,81.50000000000003,0,1.1666666666666667]
[4,81.6666666666667,0,1.1666666666666667]
[6,81.83333333333336,0,1.1666666666666667]
[7,82.00000000000003,0,1.1666666666666667]
[2,82.1666666666667,0,1.1666666666666667]
[1,82.25000000000003,0,1.1666666666666667]
[3,82.33333333333336,0,1.1666666666666667]
[8,82.50000000000003,0,1.1666666666666667]
[7,82.66666666666667,1,1.1666666666666667]
[4,82.6666666666667,1,1.1666666666666667]
[0,83.83333333333336,0,1.1666666666666667]
[1,83.9166666666667,0,1.1666666666666667]
[2,84.00000000000003,0,1.1666666666666667]
[6,84.1666666666667,0,1.1666666666666667]
[4,84.33333333333336,0,1.1666666666666667]
[8,84.50000000000003,0,1.1666666666666667]
[7,84.6666666666667,0,1.1666666666666667]
[0,84.83333333333336,0,1.1666666666666667]
[5,84.9166666666667,0,1.1666666666666667]
[6,85.00000000000003,0,1.1666666666666667]
[2,85.1666666666667,0,1.1666666666666667]
[3,85.25000000000003,0,1.1666666666666667]
[4,85.33333333333333,1,1.1666666666666667]
[1,85.33333333333333,1,1.1666666666666667]
[8,86.5,0,1.1666666666666667]
[7,86.58333333333333,0,1.1666666666666667]
[6,86.66666666666667,0,1.1666666666666667]
[5,86.83333333333336,0,0.3333333333333333]
[0,87,0,1.1666666666666667]
[7,87.16666666666667,0,1.1666666666666667]
[2,87.33333333333333,0,1.1666666666666667]
[3,87.50000000000003,0,0.3333333333333333]
[8,87.66666666666667,0,1.1666666666666667]
[1,87.83333333333333,0,1.1666666666666667]
[8,88,1,0.3333333333333333]
[7,88.33333333333333,0,0.3333333333333333]
[3,88.5,1,0.3333333333333333]
[4,88.83333333333333,0,0.3333333333333333]
[0,89.16666666666667,1,0.3333333333333333]
[1,89.5,0,0.3333333333333333]
[5,89.83333333333333,0,0.3333333333333333]
[6,90,1,0.3333333333333333]
[7,90.33333333333333,1,0.3333333333333333]
[5,90.66666666666667,1,0.3333333333333333]
[4,91,0,0.3333333333333333]
[0,91.16666666666667,1,0.3333333333333333]
[1,91.5,0,0.3333333333333333]
[6,91.83333333333333,1,0.3333333333333333]
[7,92.16666666666667,0,0.3333333333333333]
[5,92.5,0,0.3333333333333333]
[0,92.66666666666667,1,0.3333333333333333]
[1,93,1,0.3333333333333333]
[8,93.33333333333333,0,0.3333333333333333]
[7,93.5,0,0.3333333333333333]
[3,93.66666666666667,0,0.3333333333333333]
[4,93.83333333333333,0,0.3333333333333333]
[2,94,0,0.3333333333333333]
[1,94.16666666666667,0,0.3333333333333333]
[3,94.33333333333333,0,0.3333333333333333]
[4,94.5,0,0.3333333333333333]
[8,94.66666666666667,0,0.3333333333333333]
[7,94.83333333333333,0,0.3333333333333333]
[3,95,0,0.3333333333333333]
[4,95.16666666666667,0,0.3333333333333333]
[5,95.33333333333333,0,0.16666666666666666]
[7,95.5,0,0.16666666666666666]
[3,95.66666666666667,0,0.16666666666666666]
[1,95.83333333333333,0,0.16666666666666666]
[4,96,1,1.3333333333333333]
[6,97.33333333333333,0,1.3333333333333333]
[8,97.33333333333333,0,1.3333333333333333]
[4,98,1,0.6666666666666666]
[2,98.66666666666667,0,0.3333333333333333]
[2,98.77777777777777,0,0.3333333333333333]
[3,98.88888888888889,0,0.3333333333333333]
[3,99,0,0.3333333333333333]
[8,99.11111111111111,0,0.3333333333333333]
[8,99.22222222222223,0,0.3333333333333333]
[0,99.33333333333333,0,0.3333333333333333]
[0,99.44444444444444,0,0.3333333333333333]
[5,99.55555555555556,0,0.3333333333333333]
[5,99.66666666666667,0,0.3333333333333333]
[6,99.77777777777777,0,0.3333333333333333]
[6,99.88888888888889,0,0.3333333333333333]
[2,100,0,0.3333333333333333]
[2,100.11111111111111,0,0.3333333333333333]
[3,100.22222222222223,0,0.3333333333333333]
[3,100.33333333333333,0,0.3333333333333333]
[8,100.44444444444444,0,0.3333333333333333]
[8,100.55555555555556,0,0.3333333333333333]
[0,100.66666666666667,0,0.3333333333333333]
[0,100.77777777777777,0,0.3333333333333333]
[5,100.88888888888889,0,0.3333333333333333]
[5,101,0,0.3333333333333333]
[6,101.11111111111111,0,0.3333333333333333]
[6,101.22222222222223,0,0.3333333333333333]
[8,101.33333333333333,0,0.3333333333333333]
[8,101.44444444444444,0,0.3333333333333333]
[3,101.55555555555556,0,0.3333333333333333]
[3,101.66666666666667,0,0.3333333333333333]
[2,101.77777777777777,0,0.3333333333333333]
[2,101.88888888888889,0,0.3333333333333333]
[6,102,0,0.3333333333333333]
[6,102.11111111111111,0,0.3333333333333333]
[5,102.22222222222223,0,0.3333333333333333]
[5,102.33333333333333,0,0.3333333333333333]
[0,102.44444444444444,0,0.3333333333333333]
[0,102.55555555555556,0,0.3333333333333333]
[8,102.66666666666667,0,0.3333333333333333]
[8,102.77777777777777,0,0.3333333333333333]
[3,102.88888888888889,0,0.3333333333333333]
[3,103,0,0.3333333333333333]
[2,103.11111111111111,0,0.3333333333333333]
[2,103.22222222222223,0,0.3333333333333333]
[4,103.33333333333333,0,2.6666666666666665]
[0,104,0,0.3333333333333333]
[0,104.11111111111111,0,0.3333333333333333]
[1,104.22222222222223,0,0.3333333333333333]
[1,104.33333333333333,0,0.3333333333333333]
[3,104.44444444444444,0,0.3333333333333333]
[3,104.55555555555556,0,0.3333333333333333]
[4,104.66666666666667,0,0.3333333333333333]
[4,104.77777777777777,0,0.3333333333333333]
[6,104.88888888888889,0,0.3333333333333333]
[6,105,0,0.3333333333333333]
[7,105.11111111111111,0,0.3333333333333333]
[7,105.22222222222223,0,0.3333333333333333]
[1,105.33333333333333,0,0.3333333333333333]
[1,105.44444444444444,0,0.3333333333333333]
[2,105.55555555555556,0,0.3333333333333333]
[2,105.66666666666667,0,0.3333333333333333]
[4,105.77777777777777,0,0.3333333333333333]
[4,105.88888888888889,0,0.3333333333333333]
[5,106,0,0.3333333333333333]
[5,106.11111111111111,0,0.3333333333333333]
[7,106.22222222222223,0,0.3333333333333333]
[7,106.33333333333333,0,0.3333333333333333]
[8,106.44444444444444,0,0.3333333333333333]
[8,106.55555555555556,0,0.3333333333333333]
[0,106.66666666666667,0,0.3333333333333333]
[0,106.77777777777777,0,0.3333333333333333]
[2,106.88888888888889,0,0.3333333333333333]
[2,107,0,0.3333333333333333]
[3,107.11111111111111,0,0.3333333333333333]
[3,107.22222222222223,0,0.3333333333333333]
[5,107.33333333333333,0,0.3333333333333333]
[5,107.44444444444444,0,0.3333333333333333]
[6,107.55555555555556,0,0.3333333333333333]
[6,107.66666666666667,0,0.3333333333333333]
[8,107.77777777777777,0,0.3333333333333333]
[8,107.88888888888889,0,0.3333333333333333]
[3,108,0,0.3333333333333333]
[3,108.11111111111111,0,0.3333333333333333]
[2,108.22222222222223,0,0.3333333333333333]
[2,108.33333333333333,0,0.3333333333333333]
[7,108.44444444444444,0,0.3333333333333333]
[7,108.55555555555556,0,0.3333333333333333]
[0,108.66666666666667,0,2.6666666666666665]
[2,109.33333333333333,0,0.3333333333333333]
[2,109.44444444444444,0,0.3333333333333333]
[4,109.55555555555556,0,0.3333333333333333]
[4,109.66666666666667,0,0.3333333333333333]
[8,109.77777777777777,0,0.3333333333333333]
[8,109.88888888888889,0,0.3333333333333333]
[0,110,0,0.3333333333333333]
[0,110.11111111111111,0,0.3333333333333333]
[4,110.22222222222223,0,0.3333333333333333]
[4,110.33333333333333,0,0.3333333333333333]
[6,110.44444444444444,0,0.3333333333333333]
[6,110.55555555555556,0,0.3333333333333333]
[2,110.66666666666667,0,0.3333333333333333]
[2,110.77777777777777,0,0.3333333333333333]
[4,110.88888888888889,0,0.3333333333333333]
[4,111,0,0.3333333333333333]
[8,111.11111111111111,0,0.3333333333333333]
[8,111.22222222222223,0,0.3333333333333333]
[0,111.33333333333333,0,0.3333333333333333]
[0,111.44444444444444,0,0.3333333333333333]
[4,111.55555555555556,0,0.3333333333333333]
[4,111.66666666666667,0,0.3333333333333333]
[6,111.77777777777777,0,0.3333333333333333]
[6,111.88888888888889,0,0.3333333333333333]
[7,112,0,0.3333333333333333]
[7,112.11111111111111,0,0.3333333333333333]
[3,112.22222222222223,0,0.3333333333333333]
[3,112.33333333333333,0,0.3333333333333333]
[1,112.44444444444444,0,0.3333333333333333]
[1,112.55555555555556,0,0.3333333333333333]
[7,112.66666666666667,0,0.3333333333333333]
[7,112.77777777777777,0,0.3333333333333333]
[5,112.88888888888889,0,0.3333333333333333]
[5,113,0,0.3333333333333333]
[1,113.11111111111111,0,0.3333333333333333]
[1,113.22222222222223,0,0.3333333333333333]
[7,113.33333333333333,0,0.3333333333333333]
[7,113.44444444444444,0,0.3333333333333333]
[3,113.55555555555556,0,0.3333333333333333]
[3,113.66666666666667,0,0.3333333333333333]
[1,113.77777777777777,0,0.3333333333333333]
[1,113.88888888888889,0,0.3333333333333333]
[4,114,0,2.6666666666666665]
[0,114.66666666666667,0,0.3333333333333333]
[0,114.77777777777777,0,0.3333333333333333]
[2,114.88888888888889,0,0.3333333333333333]
[2,115,0,0.3333333333333333]
[3,115.11111111111111,0,0.3333333333333333]
[3,115.22222222222223,0,0.3333333333333333]
[4,115.33333333333333,0,0.3333333333333333]
[4,115.44444444444444,0,0.3333333333333333]
[6,115.55555555555556,0,0.3333333333333333]
[6,115.66666666666667,0,0.3333333333333333]
[8,115.77777777777777,0,0.3333333333333333]
[8,115.88888888888889,0,0.3333333333333333]
[0,116,0,0.3333333333333333]
[0,116.11111111111111,0,0.3333333333333333]
[1,116.22222222222223,0,0.3333333333333333]
[1,116.33333333333333,0,0.3333333333333333]
[3,116.44444444444444,0,0.3333333333333333]
[3,116.55555555555556,0,0.3333333333333333]
[5,116.66666666666667,0,0.3333333333333333]
[5,116.77777777777777,0,0.3333333333333333]
[6,116.88888888888889,0,0.3333333333333333]
[6,117,0,0.3333333333333333]
[7,117.11111111111111,0,0.3333333333333333]
[7,117.22222222222223,0,0.3333333333333333]
[0,117.33333333333333,0,0.3333333333333333]
[2,117.55555555555556,0,0.3333333333333333]
[6,117.77777777777777,0,0.3333333333333333]
[8,118,0,0.3333333333333333]
[1,118.66666666666667,0,0.3333333333333333]
[5,118.88888888888889,0,0.3333333333333333]
[7,119.11111111111111,0,0.3333333333333333]
[3,119.33333333333333,0,0.3333333333333333]
[2,120,0,0.3333333333333333]
[3,120.22222222222223,0,0.3333333333333333]
[8,120.44444444444444,0,0.3333333333333333]
[0,120.66666666666667,0,0.3333333333333333]
[5,120.88888888888889,0,0.3333333333333333]
[6,121.11111111111111,0,0.3333333333333333]
[2,121.33333333333333,0,0.3333333333333333]
[1,121.44444444444444,0,0.3333333333333333]
[3,121.55555555555556,0,0.3333333333333333]
[4,121.66666666666667,0,0.3333333333333333]
[8,121.77777777777777,0,0.3333333333333333]
[7,121.88888888888889,0,0.3333333333333333]
[0,122,0,0.3333333333333333]
[1,122.11111111111111,0,0.3333333333333333]
[5,122.22222222222223,0,0.3333333333333333]
[4,122.33333333333333,0,0.3333333333333333]
[6,122.44444444444444,0,0.3333333333333333]
[7,122.55555555555556,0,0.3333333333333333]
[2,122.66666666666667,1,0.8888888888888888]
[6,123.55555555555556,0,0.8333333333333334]
[5,123.77777777777777,0,0.8333333333333334]
[0,124,1,0.8888888888888888]
[7,124.88888888888889,0,0.8888888888888888]
[8,124.88888888888889,0,0.8888888888888888]
[3,125.11111111111111,0,0.8888888888888888]
[4,125.11111111111111,0,0.8888888888888888]
[1,125.33333333333333,1,0.8888888888888888]
[2,125.33333333333333,1,0.8888888888888888]
[6,126.22222222222223,0,0.8888888888888888]
[7,126.22222222222223,0,0.8888888888888888]
[4,126.44444444444444,0,0.8888888888888888]
[5,126.44444444444444,0,0.8888888888888888]
[0,126.66666666666667,0,0.8888888888888888]
[1,126.66666666666667,0,0.8888888888888888]
[6,127,0,0.8888888888888888]
[7,127,0,0.8888888888888888]
[1,127.33333333333333,0,0.8888888888888888]
[2,127.33333333333333,0,0.8888888888888888]
[0,127.5,0,0.8888888888888888]
[3,127.5,0,0.8888888888888888]
[5,127.66666666666667,0,0.8888888888888888]
[8,127.66666666666667,0,0.8888888888888888]
[7,127.83333333333333,0,0.8888888888888888]
[6,127.83333333333333,0,0.8888888888888888]
[0,129.99999999999997,0,2]
[1,130.08333333333331,0,2]
[8,130.16666666666666,0,1.3333333333333333]
[7,130.25,0,1.3333333333333333]
[3,130.33333333333334,0,1.3333333333333333]
[0,130.66666666666663,0,2]
[5,130.83333333333331,0,2]
[4,130.91666666666663,0,2]
[3,130.99999999999997,0,2]
[8,131.16666666666663,0,2]
[6,131.33333333333331,1,0.3333333333333333]
[2,131.66666666666663,1,0.3333333333333333]
[1,131.99999999999997,0,0.3333333333333333]
[3,132.16666666666663,0,0.3333333333333333]
[4,132.24999999999997,0,0.3333333333333333]
[5,132.33333333333331,0,0.3333333333333333]
[7,132.49999999999997,0,0.3333333333333333]
[8,132.66666666666663,1,0.3333333333333333]
[0,132.99999999999997,1,0.3333333333333333]
[2,133.33333333333331,0,0.3333333333333333]
[3,133.49999999999997,0,0.3333333333333333]
[4,133.58333333333331,0,0.3333333333333333]
[5,133.66666666666663,0,0.3333333333333333]
[6,133.83333333333331,0,0.3333333333333333]
[0,133.99999999999997,1,0.3333333333333333]
[8,134.33333333333331,1,0.3333333333333333]
[1,134.66666666666663,0,0.3333333333333333]
[5,134.83333333333331,0,0.3333333333333333]
[4,134.91666666666663,0,0.3333333333333333]
[3,134.99999999999997,0,0.3333333333333333]
[7,135.16666666666663,0,0.3333333333333333]
[0,135.33333333333331,0,0.3333333333333333]
[1,135.49999999999997,0,0.3333333333333333]
[8,135.66666666666663,0,0.3333333333333333]
[7,135.83333333333331,0,0.3333333333333333]
[6,135.99999999999997,0,0.3333333333333333]
[5,136.16666666666663,0,0.3333333333333333]
[4,136.24999999999997,0,0.3333333333333333]
[3,136.33333333333331,0,0.3333333333333333]
[2,136.49999999999997,0,0.3333333333333333]
[0,136.66666666666663,1,0.3333333333333333]
[8,136.99999999999997,1,0.3333333333333333]
[7,137.33333333333331,0,0.3333333333333333]
[3,137.49999999999997,0,0.3333333333333333]
[4,137.58333333333331,0,0.3333333333333333]
[5,137.66666666666663,0,0.3333333333333333]
[1,137.83333333333331,0,0.3333333333333333]
[2,137.99999999999997,1,0.3333333333333333]
[6,138.33333333333331,1,0.3333333333333333]
[8,138.66666666666663,0,0.3333333333333333]
[3,138.83333333333331,0,0.3333333333333333]
[2,138.99999999999997,0,0.3333333333333333]
[6,139.33333333333331,0,0.3333333333333333]
[5,139.49999999999997,0,0.3333333333333333]
[0,139.66666666666663,0,0.3333333333333333]
[8,139.99999999999997,0,0.3333333333333333]
[7,140.08333333333331,0,0.3333333333333333]
[3,140.16666666666663,0,0.3333333333333333]
[4,140.24999999999997,0,0.3333333333333333]
[2,140.33333333333331,0,0.3333333333333333]
[1,140.41666666666663,0,0.3333333333333333]
[6,140.5,0,0.3333333333333333]
[7,140.58333333333334,0,0.3333333333333333]
[8,140.66666666666666,0,0.3333333333333333]
[4,140.83333333333334,0,0.3333333333333333]
[0,141,0,2.6666666666666665]
[2,141.33333333333334,0,2.6666666666666665]
[4,141.55555555555554,0,0.8888888888888888]
[3,141.77777777777777,0,2.6666666666666665]
[5,142,0,2.6666666666666665]
[7,142.22222222222223,0,0.8888888888888888]
[6,142.44444444444446,0,2.6666666666666665]
[8,142.66666666666666,0,2.6666666666666665]
[1,143.33333333333334,0,0.8888888888888888]
[2,143.33333333333334,0,0.8888888888888888]
[3,143.55555555555554,0,0.8888888888888888]
[5,143.55555555555554,0,0.8888888888888888]
[6,143.77777777777777,0,0.8888888888888888]
[7,143.77777777777777,0,0.8888888888888888]
[0,144,1,2.6666666666666665]
[4,144,1,2.6666666666666665]
[8,144,1,2.6666666666666665]