[6,0,0,0.3333333333333333]
[7,0.6666666666666666,0,0.3333333333333333]
[5,1.3333333333333333,0,0.3333333333333333]
[8,2,0,0.3333333333333333]
[3,2.6666666666666665,0,0.3333333333333333]
[4,3.3333333333333335,0,0.3333333333333333]
[2,4,0,0.3333333333333333]
[5,4.666666666666667,0,0.3333333333333333]
[0,5.333333333333333,0,0.3333333333333333]
[1,6,0,0.3333333333333333]
[5,6.666666666666667,0,0.3333333333333333]
[2,7.333333333333333,0,0.3333333333333333]
[3,8,0,0.3333333333333333]
[4,8.666666666666666,0,0.3333333333333333]
[8,9.333333333333334,0,0.3333333333333333]
[5,10,0,0.3333333333333333]
[2,10.666666666666666,0,0.3333333333333333]
[1,11.333333333333334,0,0.3333333333333333]
[3,12,0,0.3333333333333333]
[0,12.666666666666666,0,0.3333333333333333]
[5,13.333333333333334,0,0.3333333333333333]
[4,14,0,0.3333333333333333]
[6,14.666666666666666,0,0.3333333333333333]
[3,15.333333333333334,0,0.3333333333333333]
[8,16,0,0.3333333333333333]
[7,16.666666666666668,0,0.3333333333333333]
[3,17.333333333333332,0,0.3333333333333333]
[6,18,0,0.3333333333333333]
[5,18.666666666666668,0,0.3333333333333333]
[4,19.333333333333332,0,0.3333333333333333]
[0,20,0,0.3333333333333333]
[3,20.666666666666668,0,0.3333333333333333]
[6,21.333333333333332,1,1.3333333333333333]
[7,22.666666666666668,0,1.1666666666666667]
[8,23,0,1.1666666666666667]
[3,23.333333333333332,0,1.3333333333333333]
[4,23.666666666666668,0,1.3333333333333333]
[2,24,1,1.3333333333333333]
[1,25.333333333333332,0,1.3333333333333333]
[0,25.666666666666668,0,1.3333333333333333]
[5,26,0,1.3333333333333333]
[4,26.333333333333332,0,1.3333333333333333]
[6,26.666666666666668,1,1.3333333333333333]
[7,28,0,1.3333333333333333]
[8,28.333333333333332,0,1.3333333333333333]
[3,28.666666666666668,0,1.3333333333333333]
[4,29,0,1.3333333333333333]
[2,29.333333333333332,1,0.3333333333333333]
[1,29.666666666666668,0,0.3333333333333333]
[3,30,1,0.3333333333333333]
[4,30.333333333333332,0,0.3333333333333333]
[8,30.666666666666668,0,0.3333333333333333]
[7,31,0,0.3333333333333333]
[3,31.333333333333332,0,0.3333333333333333]
[4,31.666666666666668,0,0.3333333333333333]
[2,32,1,2]
[6,34.666666666666664,0,2.6666666666666665]
[7,35,0,2.6666666666666665]
[5,35.333333333333336,0,2.6666666666666665]
[4,35.666666666666664,0,2.6666666666666665]
[0,36,0,2.6666666666666665]
[1,36.333333333333336,0,2.6666666666666665]
[5,36.666666666666664,0,2.6666666666666665]
[6,37,0,2.6666666666666665]
[8,37.333333333333336,0,2.6666666666666665]
[7,37.666666666666664,0,2.6666666666666665]
[3,38,0,2.6666666666666665]
[4,38.333333333333336,0,2.6666666666666665]
[2,38.666666666666664,0,2.6666666666666665]
[1,39,0,2.6666666666666665]
[0,39.333333333333336,0,2]
[3,39.666666666666664,0,2]
[6,40,0,2.6666666666666665]
[7,40.333333333333336,0,2.6666666666666665]
[5,40.666666666666664,0,2.6666666666666665]
[4,41,0,2.6666666666666665]
[0,41.333333333333336,0,2.6666666666666665]
[1,41.666666666666664,0,2.6666666666666665]
[2,42,0,2.6666666666666665]
[3,42.333333333333336,0,2.6666666666666665]
[6,42.666666666666664,0,0.3333333333333333]
[7,42.833333333333336,0,0.3333333333333333]
[8,43,0,0.3333333333333333]
[3,43.333333333333336,0,0.3333333333333333]
[4,43.5,0,0.3333333333333333]
[5,43.666666666666664,0,0.3333333333333333]
[2,44,0,0.3333333333333333]
[7,44.333333333333336,0,0.3333333333333333]
[0,44.666666666666664,1,0.3333333333333333]
[3,45.333333333333336,0,0.3333333333333333]
[4,45.666666666666664,0,0.16666666666666666]
[1,46,0,0.16666666666666666]
[2,46.333333333333336,0,0.16666666666666666]
[6,46.666666666666664,0,0.16666666666666666]
[7,47,0,0.16666666666666666]
[4,47.333333333333336,0,0.16666666666666666]
[5,47.666666666666664,0,0.16666666666666666]
[8,48,0,0.16666666666666666]
[7,48.333333333333336,0,0.16666666666666666]
[0,48.666666666666664,0,0.16666666666666666]
[1,49,0,0.16666666666666666]
[6,49.333333333333336,0,0.16666666666666666]
[3,49.666666666666664,0,0.16666666666666666]
[2,50,1,0.3333333333333333]
[8,50.666666666666664,0,0.16666666666666666]
[7,51,0,0.16666666666666666]
[0,51.333333333333336,0,0.16666666666666666]
[1,51.333333333333336,0,0.16666666666666666]
[6,52,0,0.16666666666666666]
[7,52.333333333333336,0,0.16666666666666666]
[1,52.666666666666664,0,0.16666666666666666]
[2,52.666666666666664,0,0.16666666666666666]
[8,53.333333333333336,0,0.16666666666666666]
[3,53.666666666666664,0,0.16666666666666666]
[4,53.666666666666664,0,0.16666666666666666]
[0,54,0,0.6666666666666666]
[4,54.333333333333336,0,0.16666666666666666]
[5,54.333333333333336,0,0.6666666666666666]
[6,54.666666666666664,0,0.16666666666666666]
[4,55,0,0.16666666666666666]
[5,55,0,0.16666666666666666]
[2,55.333333333333336,0,0.6666666666666666]
[4,55.666666666666664,0,0.16666666666666666]
[3,55.666666666666664,0,0.6666666666666666]
[5,56,0,0.16666666666666666]
[4,56.33333333333333,0,0.16666666666666666]
[1,56.666666666666664,0,0.16666666666666666]
[0,57,0,0.16666666666666666]
[8,57.333333333333336,0,0.16666666666666666]
[7,57.666666666666664,0,0.16666666666666666]
[4,58,0,0.16666666666666666]
[3,58.333333333333336,0,0.16666666666666666]
[6,58.666666666666664,0,0.16666666666666666]
[7,59,0,0.16666666666666666]
[2,59.333333333333336,0,0.16666666666666666]
[1,59.666666666666664,0,0.16666666666666666]
[8,60,0,0.16666666666666666]
[5,60.333333333333336,0,0.16666666666666666]
[0,60.666666666666664,1,0.3333333333333333]
[6,61.333333333333336,0,0.16666666666666666]
[7,61.666666666666664,0,0.16666666666666666]
[1,62,0,0.16666666666666666]
[2,62,0,0.16666666666666666]
[8,62.666666666666664,0,0.16666666666666666]
[7,63,0,0.16666666666666666]
[0,63.333333333333336,0,0.16666666666666666]
[1,63.333333333333336,0,0.16666666666666666]
[6,64,0,0.16666666666666666]
[4,64.33333333333333,0,0.16666666666666666]
[5,64.33333333333333,0,0.16666666666666666]
[2,64.66666666666667,0,0.6666666666666666]
[4,65,0,0.16666666666666666]
[3,65,0,0.6666666666666666]
[8,65.33333333333333,0,0.16666666666666666]
[3,65.66666666666667,0,0.16666666666666666]
[4,65.66666666666667,0,0.16666666666666666]
[0,66,0,0.6666666666666666]
[4,66.33333333333333,0,0.16666666666666666]
[5,66.33333333333333,0,0.6666666666666666]
[8,66.66666666666667,0,0.16666666666666666]
[1,67.33333333333333,0,0.16666666666666666]
[3,67.33333333333333,0,0.16666666666666666]
[6,68,0,0.16666666666666666]
[1,68.66666666666667,0,0.16666666666666666]
[5,68.66666666666667,0,0.16666666666666666]
[0,69.33333333333333,0,0.16666666666666666]
[7,70,0,0.16666666666666666]
[5,70,0,0.16666666666666666]
[2,70.66666666666667,0,0.16666666666666666]
[3,71.33333333333333,0,0.16666666666666666]
[7,71.33333333333333,0,0.16666666666666666]
[8,74.66666666666667,0,0.16666666666666666]
[7,75.33333333333333,0,0.16666666666666666]
[6,76,0,0.16666666666666666]
[4,76.66666666666667,1,0.6666666666666666]
[0,77.33333333333333,1,1.3333333333333333]
[1,78.66666666666667,0,1.3333333333333333]
[2,79,0,1.3333333333333333]
[3,79.33333333333333,0,1.3333333333333333]
[4,79.66666666666667,0,1.3333333333333333]
[8,80,1,1.3333333333333333]
[7,81.33333333333333,0,1.3333333333333333]
[6,81.66666666666667,0,1.3333333333333333]
[5,82,0,1.3333333333333333]
[4,82.33333333333333,0,1.3333333333333333]
[0,82.66666666666667,1,1.3333333333333333]
[1,84,0,1.3333333333333333]
[2,84.33333333333333,0,1.3333333333333333]
[3,84.66666666666667,0,1.3333333333333333]
[4,85,0,1.3333333333333333]
[8,85.33333333333333,1,1.3333333333333333]
[7,86.66666666666667,0,0.3333333333333333]
[6,87,0,0.3333333333333333]
[5,87.33333333333333,0,0.3333333333333333]
[4,87.66666666666667,0,0.3333333333333333]
[0,88,0,1.3333333333333333]
[1,88.33333333333333,0,1.3333333333333333]
[2,88.66666666666667,0,1.3333333333333333]
[5,89,0,1.3333333333333333]
[3,89.33333333333333,0,1.3333333333333333]
[6,89.66666666666667,0,1.3333333333333333]
[7,90,0,1.3333333333333333]
[8,90.33333333333333,0,1.3333333333333333]
[0,90.66666666666667,0,1.3333333333333333]
[1,91,0,1.3333333333333333]
[5,91.33333333333333,0,0.3333333333333333]
[4,91.66666666666667,0,0.3333333333333333]
[6,92,0,0.3333333333333333]
[7,92.33333333333333,0,0.3333333333333333]
[8,92.66666666666667,0,0.3333333333333333]
[4,93,0,0.3333333333333333]
[0,93.33333333333333,0,1.3333333333333333]
[1,93.66666666666667,0,1.3333333333333333]
[8,94,0,1.3333333333333333]
[7,94.33333333333333,0,1.3333333333333333]
[2,94.66666666666667,0,1.3333333333333333]
[5,95,0,1.3333333333333333]
[6,95.33333333333333,0,1.3333333333333333]
[3,95.66666666666667,0,1.3333333333333333]
[4,96,1,1.3333333333333333]
[2,97.33333333333333,0,0.3333333333333333]
[6,98,1,0.6666666666666666]
[7,98,1,0.6666666666666666]
[2,98.66666666666667,1,0.6666666666666666]
[1,99.33333333333333,1,0.4444444444444444]
[3,99.77777777777777,0,0.4444444444444444]
[8,100,1,0.6666666666666666]
[7,100.66666666666667,1,0.4444444444444444]
[3,101.11111111111111,0,0.4444444444444444]
[2,101.33333333333333,1,0.6666666666666666]
[4,102,1,0.4444444444444444]
[8,102.44444444444444,0,0.4444444444444444]
[3,102.66666666666667,1,0.6666666666666666]
[4,103.33333333333333,0,0.6666666666666666]
[0,104,1,0.6666666666666666]
[1,104.66666666666667,1,0.4444444444444444]
[5,105.11111111111111,0,0.4444444444444444]
[6,105.33333333333333,1,0.6666666666666666]
[7,106,1,0.4444444444444444]
[5,106.44444444444444,0,0.4444444444444444]
[0,106.66666666666667,1,0.6666666666666666]
[4,107.33333333333333,1,0.4444444444444444]
[6,107.77777777777777,0,0.4444444444444444]
[2,108,1,0.6666666666666666]
[4,108.66666666666667,0,0.6666666666666666]
[1,109.33333333333333,1,0.4444444444444444]
[2,109.77777777777777,0,0.4444444444444444]
[4,110,1,0.4444444444444444]
[3,110.44444444444444,0,0.4444444444444444]
[7,110.66666666666667,1,0.4444444444444444]
[8,111.11111111111111,0,0.4444444444444444]
[4,111.33333333333333,1,0.4444444444444444]
[3,111.77777777777777,0,0.4444444444444444]
[2,112,1,0.4444444444444444]
[1,112.44444444444444,0,0.4444444444444444]
[3,112.66666666666667,1,0.4444444444444444]
[4,113.11111111111111,0,0.4444444444444444]
[8,113.33333333333333,1,0.6666666666666666]
[6,114,0,0.6666666666666666]
[1,114.66666666666667,1,0.4444444444444444]
[0,115.11111111111111,0,0.4444444444444444]
[4,115.33333333333333,1,0.4444444444444444]
[5,115.77777777777777,0,0.4444444444444444]
[7,116,1,0.4444444444444444]
[6,116.44444444444444,0,0.4444444444444444]
[4,116.66666666666667,1,0.4444444444444444]
[5,117.11111111111111,0,0.4444444444444444]
[0,117.33333333333333,0,0.5]
[2,117.55555555555556,0,0.4444444444444444]
[6,117.77777777777777,0,0.4444444444444444]
[8,118,0,0.5]
[1,118.66666666666667,0,0.4444444444444444]
[5,118.88888888888889,0,0.4444444444444444]
[7,119.11111111111111,0,0.4444444444444444]
[3,119.33333333333333,0,0.4444444444444444]
[2,120,0,0.4444444444444444]
[4,120.22222222222223,0,0.3333333333333333]
[6,120.44444444444444,0,0.3333333333333333]
[8,120.66666666666667,0,0.3333333333333333]
[4,120.88888888888889,0,0.3333333333333333]
[0,121.11111111111111,0,0.4444444444444444]
[2,121.33333333333333,0,0.3333333333333333]
[3,121.55555555555556,0,0.3333333333333333]
[8,121.77777777777777,0,0.3333333333333333]
[6,122,0,0.3333333333333333]
[5,122.22222222222223,0,0.3333333333333333]
[0,122.44444444444444,0,0.3333333333333333]
[1,122.66666666666667,0,0.4444444444444444]
[0,123.55555555555556,0,0.6666666666666666]
[4,123.77777777777777,0,0.3333333333333333]
[2,124,0,0.6666666666666666]
[6,124.88888888888889,0,0.6666666666666666]
[4,125.11111111111111,0,0.3333333333333333]
[8,125.33333333333333,0,0.6666666666666666]
[0,126.22222222222223,0,0.3333333333333333]
[4,126.44444444444444,0,0.6666666666666666]
[2,126.66666666666667,0,0.6666666666666666]
[5,127,0,0.6666666666666666]
[6,127.33333333333333,0,0.6666666666666666]
[3,127.66666666666667,0,0.6666666666666666]
[4,128,0,0.6666666666666666]
[6,130.66666666666666,0,2.6666666666666665]
[7,131,0,2.6666666666666665]
[5,131.33333333333334,0,2.6666666666666665]
[4,131.66666666666666,0,2.6666666666666665]
[0,132,0,2.6666666666666665]
[1,132.33333333333334,0,2.6666666666666665]
[5,132.66666666666666,0,2.6666666666666665]
[6,133,0,2.6666666666666665]
[8,133.33333333333334,0,2.6666666666666665]
[7,133.66666666666666,0,2.6666666666666665]
[3,134,0,2.6666666666666665]
[4,134.33333333333334,0,2.6666666666666665]
[2,134.66666666666666,0,2.6666666666666665]
[1,135,0,2.6666666666666665]
[0,135.33333333333334,0,2]
[3,135.66666666666666,0,2]
[6,136,0,2.6666666666666665]
[7,136.33333333333334,0,2.6666666666666665]
[5,136.66666666666666,0,2.6666666666666665]
[4,137,0,2.6666666666666665]
[0,137.33333333333334,0,2.6666666666666665]
[1,137.66666666666666,0,2.6666666666666665]
[2,138,0,2.6666666666666665]
[3,138.33333333333334,0,2.6666666666666665]
[6,138.66666666666666,0,1.3333333333333333]
[7,138.83333333333334,0,1.3333333333333333]
[8,139,0,1.3333333333333333]
[3,139.33333333333334,0,0.4444444444444444]
[4,139.5,0,0.4444444444444444]
[5,139.66666666666666,0,0.4444444444444444]
[0,140,0,0.16666666666666666]
[7,140.33333333333334,0,0.4444444444444444]
[2,140.66666666666666,1,0.3333333333333333]
[0,141.33333333333334,0,0.6666666666666666]
[1,142,0,0.6666666666666666]
[2,142.66666666666666,0,0.6666666666666666]
[6,143.33333333333334,0,0.3333333333333333]
[4,143.55555555555554,0,0.3333333333333333]
[8,143.77777777777777,0,0.3333333333333333]
[1,144,0,0.3333333333333333]
