[0,0,0,0.3333333333333333]
[1,0,0,0.3333333333333333]
[5,0.2222222222222222,0,0.3333333333333333]
[6,0.4444444444444444,0,0.3333333333333333]
[1,0.6666666666666666,0,0.3333333333333333]
[2,0.6666666666666666,0,0.3333333333333333]
[3,0.8888888888888888,0,0.3333333333333333]
[8,1.1111111111111112,0,0.3333333333333333]
[0,1.3333333333333333,0,0.3333333333333333]
[3,1.3333333333333333,0,0.3333333333333333]
[5,1.5555555555555556,0,0.3333333333333333]
[6,1.7777777777777777,0,0.3333333333333333]
[1,2,0,0.3333333333333333]
[2,2,0,0.3333333333333333]
[3,2.2222222222222223,0,0.3333333333333333]
[8,2.4444444444444446,0,0.3333333333333333]
[6,2.6666666666666665,0,0.3333333333333333]
[7,2.6666666666666665,0,0.3333333333333333]
[5,2.888888888888889,0,0.3333333333333333]
[0,3.111111111111111,0,0.3333333333333333]
[8,3.3333333333333335,0,0.3333333333333333]
[7,3.3333333333333335,0,0.3333333333333333]
[3,3.5555555555555554,0,0.3333333333333333]
[2,3.7777777777777777,0,0.3333333333333333]
[6,4,0,0.3333333333333333]
[3,4,0,0.3333333333333333]
[5,4.222222222222222,0,0.3333333333333333]
[0,4.444444444444445,0,0.3333333333333333]
[8,4.666666666666667,0,0.3333333333333333]
[7,4.666666666666667,0,0.3333333333333333]
[3,4.888888888888889,0,0.3333333333333333]
[2,5.111111111111111,0,0.3333333333333333]
[0,5.333333333333333,0,0.3333333333333333]
[1,5.333333333333333,0,0.3333333333333333]
[4,5.555555555555555,0,0.3333333333333333]
[8,5.777777777777778,0,0.3333333333333333]
[6,6,0,0.3333333333333333]
[7,6,0,0.3333333333333333]
[4,6.222222222222222,0,0.3333333333333333]
[2,6.444444444444445,0,0.3333333333333333]
[0,6.666666666666667,0,0.3333333333333333]
[3,6.666666666666667,0,0.3333333333333333]
[4,6.888888888888889,0,0.3333333333333333]
[8,7.111111111111111,0,0.3333333333333333]
[6,7.333333333333333,0,0.3333333333333333]
[7,7.333333333333333,0,0.3333333333333333]
[4,7.555555555555555,0,0.3333333333333333]
[2,7.777777777777778,0,0.3333333333333333]
[0,8,0,0.3333333333333333]
[1,8,0,0.3333333333333333]
[4,8.222222222222221,0,0.3333333333333333]
[5,8.444444444444445,0,0.3333333333333333]
[6,8.666666666666666,0,0.3333333333333333]
[3,8.666666666666666,0,0.3333333333333333]
[4,8.88888888888889,0,0.3333333333333333]
[1,9.11111111111111,0,0.3333333333333333]
[7,9.333333333333334,0,0.3333333333333333]
[8,9.333333333333334,0,0.3333333333333333]
[4,9.555555555555555,0,0.3333333333333333]
[3,9.777777777777779,0,0.3333333333333333]
[5,10,0,0.3333333333333333]
[2,10,0,0.3333333333333333]
[4,10.222222222222221,0,0.3333333333333333]
[7,10.444444444444445,0,0.3333333333333333]
[0,10.666666666666666,0,0.3333333333333333]
[1,10.666666666666666,0,0.3333333333333333]
[5,10.88888888888889,0,0.3333333333333333]
[6,11.11111111111111,0,0.3333333333333333]
[1,11.333333333333334,0,0.3333333333333333]
[2,11.333333333333334,0,0.3333333333333333]
[3,11.555555555555555,0,0.3333333333333333]
[8,11.777777777777779,0,0.3333333333333333]
[0,12,0,0.3333333333333333]
[3,12,0,0.3333333333333333]
[5,12.222222222222221,0,0.3333333333333333]
[6,12.444444444444445,0,0.3333333333333333]
[2,12.666666666666666,1,0.4444444444444444]
[1,12.666666666666666,0,0.4444444444444444]
[3,12.88888888888889,0,0.4444444444444444]
[8,13.11111111111111,0,0.4444444444444444]
[6,13.333333333333334,0,0.4444444444444444]
[7,13.333333333333334,0,0.4444444444444444]
[5,13.555555555555555,0,0.4444444444444444]
[0,13.777777777777779,0,0.4444444444444444]
[8,14,1,0.4444444444444444]
[7,14,0,0.4444444444444444]
[3,14.222222222222221,0,0.4444444444444444]
[2,14.444444444444445,0,0.4444444444444444]
[6,14.666666666666666,0,0.4444444444444444]
[3,14.666666666666666,0,0.4444444444444444]
[5,14.88888888888889,0,0.4444444444444444]
[0,15.11111111111111,0,0.4444444444444444]
[8,15.333333333333334,1,0.4444444444444444]
[7,15.333333333333334,0,0.4444444444444444]
[3,15.555555555555555,0,0.4444444444444444]
[2,15.777777777777779,0,0.4444444444444444]
[0,16,0,0.4444444444444444]
[1,16,0,0.4444444444444444]
[4,16.22222222222222,0,0.4444444444444444]
[8,16.444444444444443,0,0.4444444444444444]
[7,16.666666666666668,0,0.4444444444444444]
[6,16.666666666666668,1,0.4444444444444444]
[4,16.88888888888889,0,0.4444444444444444]
[2,17.11111111111111,0,0.4444444444444444]
[0,17.333333333333332,0,0.4444444444444444]
[3,17.333333333333332,0,0.3333333333333333]
[4,17.555555555555557,0,0.4444444444444444]
[8,17.77777777777778,0,0.4444444444444444]
[6,18,1,0.4444444444444444]
[7,18,0,0.4444444444444444]
[4,18.22222222222222,0,0.4444444444444444]
[2,18.444444444444443,0,0.4444444444444444]
[0,18.666666666666668,0,0.4444444444444444]
[1,18.666666666666668,0,0.4444444444444444]
[4,18.88888888888889,0,0.4444444444444444]
[5,19.11111111111111,0,0.4444444444444444]
[6,19.333333333333332,1,0.4444444444444444]
[3,19.333333333333332,0,0.4444444444444444]
[4,19.555555555555557,0,0.4444444444444444]
[1,19.77777777777778,0,0.4444444444444444]
[7,20,0,0.4444444444444444]
[8,20,0,0.4444444444444444]
[4,20.22222222222222,0,0.4444444444444444]
[3,20.444444444444443,0,0.4444444444444444]
[2,20.666666666666668,1,0.4444444444444444]
[5,20.666666666666668,0,0.4444444444444444]
[4,20.88888888888889,0,0.4444444444444444]
[7,21.11111111111111,0,0.4444444444444444]
[3,21.333333333333332,1,1.1666666666666667]
[1,21.333333333333332,1,1.1666666666666667]
[2,22.5,0,0.3333333333333333]
[4,22.583333333333332,0,0.3333333333333333]
[6,22.666666666666668,0,0.3333333333333333]
[7,22.833333333333332,0,0.3333333333333333]
[5,23,0,0.3333333333333333]
[1,23.166666666666668,0,1.1666666666666667]
[0,23.333333333333332,0,1.1666666666666667]
[8,23.5,0,0.3333333333333333]
[7,23.583333333333332,0,0.3333333333333333]
[6,23.666666666666668,0,0.3333333333333333]
[1,24,1,1.1666666666666667]
[5,24,1,1.1666666666666667]
[0,25.166666666666668,0,1.1666666666666667]
[4,25.25,0,1.1666666666666667]
[8,25.333333333333332,0,1.1666666666666667]
[7,25.5,0,1.1666666666666667]
[3,25.666666666666668,0,1.1666666666666667]
[1,25.833333333333332,0,1.1666666666666667]
[5,26,0,1.1666666666666667]
[6,26.166666666666668,0,1.1666666666666667]
[7,26.22222222222222,0,1.1666666666666667]
[8,26.27777777777778,0,1.1666666666666667]
[4,26.333333333333332,0,1.1666666666666667]
[2,26.5,0,1.1666666666666667]
[1,26.666666666666668,1,1.1666666666666667]
[3,26.666666666666668,1,1.1666666666666667]
[2,27.833333333333332,0,1.1666666666666667]
[4,27.916666666666668,0,1.1666666666666667]
[6,28,0,1.1666666666666667]
[7,28.166666666666668,0,1.1666666666666667]
[5,28.333333333333332,0,1.1666666666666667]
[1,28.5,0,1.1666666666666667]
[0,28.666666666666668,0,1.1666666666666667]
[7,28.833333333333332,0,1.1666666666666667]
[8,28.833333333333332,0,1.1666666666666667]
[3,28.916666666666668,0,1.1666666666666667]
[1,29,0,1.1666666666666667]
[2,29,0,1.1666666666666667]
[6,29.166666666666668,0,1.1666666666666667]
[7,29.166666666666668,0,1.1666666666666667]
[5,29.25,0,1.1666666666666667]
[1,29.333333333333332,1,0.3333333333333333]
[0,29.333333333333332,1,0.3333333333333333]
[8,29.666666666666668,0,0.3333333333333333]
[7,29.666666666666668,0,0.3333333333333333]
[1,30,1,0.3333333333333333]
[2,30,1,0.3333333333333333]
[7,30.333333333333332,0,0.3333333333333333]
[6,30.333333333333332,0,0.3333333333333333]
[5,30.500000000000004,0,0.3333333333333333]
[4,30.583333333333336,0,0.3333333333333333]
[3,30.666666666666668,0,0.3333333333333333]
[2,30.833333333333336,0,0.3333333333333333]
[7,31.000000000000004,0,0.3333333333333333]
[0,31.166666666666668,0,0.3333333333333333]
[7,31.333333333333336,0,0.3333333333333333]
[8,31.333333333333336,0,0.3333333333333333]
[3,31.500000000000004,0,0.3333333333333333]
[6,31.500000000000004,0,0.3333333333333333]
[2,31.666666666666668,0,0.3333333333333333]
[5,31.666666666666668,0,0.3333333333333333]
[0,31.833333333333336,0,0.3333333333333333]
[1,31.833333333333336,0,0.3333333333333333]
[4,32,1,2]
[2,34,1,0.08333333333333333]
[1,34.083333333333336,0,0.08333333333333333]
[6,34.166666666666664,1,0.08333333333333333]
[7,34.25,0,0.08333333333333333]
[5,34.333333333333336,0,0.08333333333333333]
[0,34.666666666666664,1,0.16666666666666666]
[5,34.833333333333336,0,0.3333333333333333]
[4,34.916666666666664,0,0.3333333333333333]
[3,35,0,0.3333333333333333]
[8,35.166666666666664,0,0.3333333333333333]
[6,35.333333333333336,1,0.3333333333333333]
[7,35.5,0,0.3333333333333333]
[2,35.666666666666664,1,0.3333333333333333]
[1,35.833333333333336,0,0.3333333333333333]
[0,36,1,0.16666666666666666]
[5,36.166666666666664,0,0.3333333333333333]
[4,36.25,0,0.3333333333333333]
[3,36.333333333333336,0,0.3333333333333333]
[8,36.5,0,0.16666666666666666]
[6,36.666666666666664,0,0.16666666666666666]
[2,36.833333333333336,0,0.16666666666666666]
[4,36.916666666666664,0,0.16666666666666666]
[8,37,0,0.16666666666666666]
[0,37.166666666666664,0,0.16666666666666666]
[2,37.333333333333336,1,0.16666666666666666]
[3,37.5,0,0.16666666666666666]
[4,37.583333333333336,0,0.16666666666666666]
[5,37.666666666666664,0,0.16666666666666666]
[6,37.833333333333336,0,0.16666666666666666]
[7,38,1,0.3333333333333333]
[8,38.166666666666664,0,0.3333333333333333]
[1,38.333333333333336,1,0.3333333333333333]
[0,38.5,0,0.3333333333333333]
[2,38.666666666666664,1,0.16666666666666666]
[3,38.833333333333336,0,0.16666666666666666]
[4,38.916666666666664,0,0.16666666666666666]
[5,39,0,0.16666666666666666]
[6,39.166666666666664,0,0.16666666666666666]
[7,39.333333333333336,0,0.3333333333333333]
[8,39.333333333333336,0,0.3333333333333333]
[5,39.5,0,0.3333333333333333]
[4,39.5,0,0.3333333333333333]
[0,39.666666666666664,0,0.3333333333333333]
[1,39.666666666666664,0,0.3333333333333333]
[3,39.833333333333336,0,0.3333333333333333]
[4,39.833333333333336,0,0.3333333333333333]
[8,40,1,0.16666666666666666]
[3,40.166666666666664,0,0.16666666666666666]
[4,40.25,0,0.16666666666666666]
[5,40.333333333333336,0,0.16666666666666666]
[0,40.5,0,0.16666666666666666]
[2,40.666666666666664,1,0.3333333333333333]
[1,40.833333333333336,0,0.3333333333333333]
[6,41,1,0.3333333333333333]
[7,41.166666666666664,0,0.3333333333333333]
[8,41.333333333333336,1,0.16666666666666666]
[3,41.5,0,0.16666666666666666]
[4,41.583333333333336,0,0.16666666666666666]
[5,41.666666666666664,0,0.16666666666666666]
[0,41.833333333333336,0,0.16666666666666666]
[2,42,0,0.16666666666666666]
[1,42.083333333333336,0,0.16666666666666666]
[3,42.166666666666664,0,0.16666666666666666]
[4,42.25,0,0.16666666666666666]
[8,42.333333333333336,0,0.16666666666666666]
[6,42.5,0,0.16666666666666666]
[1,42.666666666666664,0,0.16666666666666666]
[2,42.666666666666664,0,0.16666666666666666]
[3,42.833333333333336,0,0.16666666666666666]
[4,42.833333333333336,0,0.16666666666666666]
[7,43,0,0.16666666666666666]
[8,43,0,0.16666666666666666]
[0,43.333333333333336,0,0.16666666666666666]
[1,43.333333333333336,0,0.16666666666666666]
[4,43.5,0,0.16666666666666666]
[5,43.5,0,0.16666666666666666]
[6,43.666666666666664,0,0.16666666666666666]
[7,43.666666666666664,0,0.16666666666666666]
[2,44,0,0.16666666666666666]
[1,44.083333333333336,0,0.16666666666666666]
[0,44.166666666666664,0,0.16666666666666666]
[1,44.25,0,0.16666666666666666]
[5,44.333333333333336,0,0.16666666666666666]
[4,44.416666666666664,0,0.16666666666666666]
[3,44.5,0,0.16666666666666666]
[4,44.583333333333336,0,0.16666666666666666]
[8,44.666666666666664,0,0.16666666666666666]
[7,44.666666666666664,0,0.16666666666666666]
[6,44.666666666666664,0,0.16666666666666666]
[5,44.833333333333336,0,0.16666666666666666]
[4,44.833333333333336,0,0.16666666666666666]
[3,44.833333333333336,0,0.16666666666666666]
[2,45,0,0.16666666666666666]
[1,45,0,0.16666666666666666]
[0,45,0,0.16666666666666666]
[8,45.166666666666664,1,0.3333333333333333]
[3,45.5,0,0.3333333333333333]
[4,45.583333333333336,0,0.3333333333333333]
[3,45.666666666666664,0,0.3333333333333333]
[5,45.833333333333336,0,0.3333333333333333]
[6,46,0,0.3333333333333333]
[2,46.166666666666664,0,0.3333333333333333]
[0,46.5,1,0.3333333333333333]
[5,46.833333333333336,0,0.3333333333333333]
[4,46.916666666666664,0,0.3333333333333333]
[5,47,0,0.3333333333333333]
[3,47.166666666666664,0,0.3333333333333333]
[2,47.333333333333336,0,0.3333333333333333]
[6,47.5,0,0.3333333333333333]
[7,47.583333333333336,0,0.3333333333333333]
[6,47.666666666666664,0,0.3333333333333333]
[8,47.833333333333336,1,0.3333333333333333]
[0,48.166666666666664,0,0.3333333333333333]
[1,48.25,0,0.3333333333333333]
[0,48.333333333333336,0,0.3333333333333333]
[5,48.5,0,0.3333333333333333]
[4,48.583333333333336,0,0.3333333333333333]
[5,48.666666666666664,0,0.3333333333333333]
[6,48.833333333333336,0,0.3333333333333333]
[7,48.916666666666664,0,0.3333333333333333]
[6,49,0,0.3333333333333333]
[2,49.166666666666664,0,0.3333333333333333]
[1,49.25,0,0.3333333333333333]
[2,49.333333333333336,0,0.3333333333333333]
[4,49.5,0,0.16666666666666666]
[6,49.666666666666664,0,0.16666666666666666]
[8,49.833333333333336,0,0.16666666666666666]
[0,50,0,0.16666666666666666]
[4,50.166666666666664,0,0.16666666666666666]
[5,50.166666666666664,0,0.16666666666666666]
[6,50.333333333333336,0,0.3333333333333333]
[7,50.333333333333336,0,0.3333333333333333]
[8,50.5,1,0.3333333333333333]
[3,50.833333333333336,0,0.3333333333333333]
[4,50.916666666666664,0,0.3333333333333333]
[3,51,0,0.3333333333333333]
[5,51.166666666666664,0,0.3333333333333333]
[6,51.333333333333336,0,0.3333333333333333]
[7,51.333333333333336,0,0.3333333333333333]
[1,51.5,0,0.3333333333333333]
[2,51.5,0,0.3333333333333333]
[0,51.833333333333336,1,0.3333333333333333]
[5,52.166666666666664,0,0.3333333333333333]
[4,52.25,0,0.3333333333333333]
[5,52.333333333333336,0,0.3333333333333333]
[3,52.5,0,0.3333333333333333]
[1,52.666666666666664,0,0.3333333333333333]
[2,52.666666666666664,0,0.3333333333333333]
[7,52.833333333333336,0,0.3333333333333333]
[6,52.833333333333336,0,0.3333333333333333]
[5,52.916666666666664,0,0.3333333333333333]
[4,53,0,0.3333333333333333]
[0,53.166666666666664,0,0.3333333333333333]
[2,53.333333333333336,0,0.3333333333333333]
[1,53.333333333333336,0,0.3333333333333333]
[3,53.5,0,0.3333333333333333]
[4,53.5,0,0.3333333333333333]
[8,53.666666666666664,0,0.3333333333333333]
[5,53.666666666666664,0,0.3333333333333333]
[0,54,0,0.3333333333333333]
[1,54,0,0.3333333333333333]
[4,54.166666666666664,0,0.3333333333333333]
[5,54.166666666666664,0,0.3333333333333333]
[6,54.333333333333336,0,0.3333333333333333]
[3,54.333333333333336,0,0.3333333333333333]
[2,54.666666666666664,0,0.3333333333333333]
[5,54.666666666666664,0,0.3333333333333333]
[1,55,0,0.16666666666666666]
[4,55,0,0.16666666666666666]
[6,55.166666666666664,0,0.16666666666666666]
[7,55.25,0,0.16666666666666666]
[8,55.333333333333336,0,0.16666666666666666]
[4,55.416666666666664,0,0.16666666666666666]
[3,55.5,0,0.16666666666666666]
[1,55.583333333333336,0,0.16666666666666666]
[2,55.666666666666664,0,0.3333333333333333]
[0,55.833333333333336,1,0.3333333333333333]
[5,56.166666666666664,0,0.3333333333333333]
[4,56.25,0,0.3333333333333333]
[5,56.333333333333336,0,0.3333333333333333]
[3,56.5,0,0.3333333333333333]
[2,56.666666666666664,0,0.3333333333333333]
[6,56.833333333333336,0,0.3333333333333333]
[8,57.166666666666664,1,0.3333333333333333]
[3,57.5,0,0.3333333333333333]
[4,57.583333333333336,0,0.3333333333333333]
[3,57.666666666666664,0,0.3333333333333333]
[5,57.833333333333336,0,0.3333333333333333]
[6,58,0,0.3333333333333333]
[2,58.166666666666664,0,0.3333333333333333]
[1,58.25,0,0.3333333333333333]
[2,58.333333333333336,0,0.3333333333333333]
[0,58.5,1,0.3333333333333333]
[8,58.833333333333336,0,0.3333333333333333]
[7,58.916666666666664,0,0.3333333333333333]
[8,59,0,0.3333333333333333]
[3,59.166666666666664,0,0.3333333333333333]
[4,59.25,0,0.3333333333333333]
[3,59.333333333333336,0,0.3333333333333333]
[2,59.5,0,0.3333333333333333]
[1,59.583333333333336,0,0.3333333333333333]
[2,59.666666666666664,0,0.3333333333333333]
[6,59.833333333333336,0,0.3333333333333333]
[7,59.916666666666664,0,0.3333333333333333]
[6,60,0,0.3333333333333333]
[2,60.166666666666664,0,0.3333333333333333]
[0,60.333333333333336,0,0.3333333333333333]
[8,60.5,0,0.3333333333333333]
[4,60.666666666666664,0,0.3333333333333333]
[6,60.833333333333336,0,0.3333333333333333]
[3,60.833333333333336,0,0.3333333333333333]
[5,61,0,0.3333333333333333]
[2,61,0,0.3333333333333333]
[0,61.166666666666664,1,0.3333333333333333]
[5,61.5,0,0.3333333333333333]
[4,61.583333333333336,0,0.3333333333333333]
[5,61.666666666666664,0,0.3333333333333333]
[3,61.833333333333336,0,0.3333333333333333]
[1,62,0,0.3333333333333333]
[2,62,0,0.3333333333333333]
[6,62.166666666666664,0,0.3333333333333333]
[7,62.166666666666664,0,0.3333333333333333]
[8,62.5,1,0.3333333333333333]
[3,62.833333333333336,0,0.3333333333333333]
[4,62.916666666666664,0,0.3333333333333333]
[3,63,0,0.3333333333333333]
[5,63.166666666666664,0,0.3333333333333333]
[6,63.333333333333336,0,0.3333333333333333]
[7,63.333333333333336,0,0.3333333333333333]
[1,63.5,0,0.3333333333333333]
[2,63.5,0,0.3333333333333333]
[3,63.583333333333336,0,0.3333333333333333]
[4,63.666666666666664,0,0.3333333333333333]
[8,63.833333333333336,0,0.3333333333333333]
[6,64,0,0.3333333333333333]
[7,64,0,0.3333333333333333]
[4,64.16666666666667,0,0.3333333333333333]
[5,64.16666666666667,0,0.3333333333333333]
[0,64.33333333333333,0,0.3333333333333333]
[3,64.33333333333333,0,0.3333333333333333]
[8,64.66666666666667,0,0.3333333333333333]
[7,64.66666666666667,0,0.3333333333333333]
[3,64.83333333333333,0,0.3333333333333333]
[4,64.83333333333333,0,0.3333333333333333]
[2,65,0,0.3333333333333333]
[5,65,0,0.3333333333333333]
[3,65.33333333333333,0,0.3333333333333333]
[6,65.33333333333333,0,0.3333333333333333]
[4,65.66666666666667,0,0.3333333333333333]
[7,65.66666666666667,0,0.3333333333333333]
[2,65.83333333333334,0,0.3333333333333333]
[1,65.91666666666667,0,0.3333333333333333]
[0,66.00000000000001,0,0.3333333333333333]
[4,66.08333333333334,0,0.3333333333333333]
[5,66.16666666666667,0,0.3333333333333333]
[7,66.25000000000001,0,0.3333333333333333]
[6,66.33333333333334,0,0.3333333333333333]
[1,66.66666666666667,0,0.3333333333333333]
[8,66.66666666666667,0,0.3333333333333333]
[0,66.66666666666667,0,0.3333333333333333]
[7,66.88888888888889,0,0.3333333333333333]
[4,67.11111111111111,0,0.3333333333333333]
[2,67.33333333333333,0,0.3333333333333333]
[6,67.33333333333333,0,0.3333333333333333]
[5,67.33333333333333,0,0.3333333333333333]
[7,67.55555555555556,0,0.3333333333333333]
[4,67.77777777777777,0,0.3333333333333333]
[1,68,0,0.3333333333333333]
[0,68,0,0.3333333333333333]
[8,68,0,0.3333333333333333]
[7,68.22222222222221,0,0.3333333333333333]
[4,68.44444444444444,0,0.3333333333333333]
[6,68.66666666666667,0,0.3333333333333333]
[2,68.66666666666667,0,0.3333333333333333]
[5,68.66666666666667,0,0.3333333333333333]
[4,69.11111111111111,0,0.3333333333333333]
[6,69.33333333333333,0,0.3333333333333333]
[2,69.33333333333333,0,0.3333333333333333]
[7,69.33333333333333,0,0.3333333333333333]
[1,69.55555555555556,0,0.3333333333333333]
[4,69.77777777777777,0,0.3333333333333333]
[0,70,0,0.3333333333333333]
[5,70,0,0.3333333333333333]
[8,70,0,0.3333333333333333]
[1,70.22222222222223,0,0.3333333333333333]
[4,70.44444444444444,0,0.3333333333333333]
[6,70.66666666666667,0,0.3333333333333333]
[7,70.66666666666667,0,0.3333333333333333]
[2,70.66666666666667,0,0.3333333333333333]
[1,70.88888888888889,0,0.3333333333333333]
[4,71.11111111111111,0,0.3333333333333333]
[0,71.33333333333333,0,0.3333333333333333]
[5,71.33333333333333,0,0.3333333333333333]
[8,71.33333333333333,0,0.3333333333333333]
[2,74.66666666666667,0,1.1666666666666667]
[5,74.66666666666667,0,1.1666666666666667]
[4,75.33333333333333,0,1.1666666666666667]
[7,75.33333333333333,0,0.3333333333333333]
[0,76,0,1.1666666666666667]
[3,76,0,1.1666666666666667]
[4,76.66666666666667,1,0.6666666666666666]
[8,76.66666666666667,1,0.6666666666666666]
[3,77.33333333333333,1,1.1666666666666667]
[1,77.33333333333333,1,1.1666666666666667]
[0,77.33333333333333,1,1.1666666666666667]
[2,78.5,0,0.3333333333333333]
[4,78.58333333333333,0,0.3333333333333333]
[6,78.66666666666667,0,0.3333333333333333]
[7,78.83333333333333,0,0.3333333333333333]
[5,79,0,0.3333333333333333]
[1,79.16666666666667,0,1.1666666666666667]
[0,79.33333333333333,0,1.1666666666666667]
[8,79.5,0,0.3333333333333333]
[7,79.58333333333333,0,0.3333333333333333]
[6,79.66666666666667,0,0.3333333333333333]
[1,80,1,1.1666666666666667]
[5,80,1,1.1666666666666667]
[2,80,1,1.1666666666666667]
[0,81.16666666666667,0,1.1666666666666667]
[4,81.25,0,1.1666666666666667]
[8,81.33333333333333,0,1.1666666666666667]
[7,81.5,0,1.1666666666666667]
[3,81.66666666666667,0,1.1666666666666667]
[1,81.83333333333333,0,1.1666666666666667]
[5,82,0,1.1666666666666667]
[6,82.16666666666667,0,1.1666666666666667]
[7,82.22222222222223,0,1.1666666666666667]
[8,82.27777777777777,0,1.1666666666666667]
[4,82.33333333333333,0,1.1666666666666667]
[2,82.5,0,1.1666666666666667]
[1,82.66666666666667,1,1.1666666666666667]
[3,82.66666666666667,1,1.1666666666666667]
[0,82.66666666666667,1,1.1666666666666667]
[2,83.83333333333333,0,1.1666666666666667]
[4,83.91666666666667,0,1.1666666666666667]
[6,84,0,1.1666666666666667]
[7,84.16666666666667,0,1.1666666666666667]
[5,84.33333333333333,0,1.1666666666666667]
[1,84.5,0,1.1666666666666667]
[0,84.66666666666667,0,1.1666666666666667]
[6,84.83333333333333,0,0.16666666666666666]
[4,84.91666666666667,0,0.16666666666666666]
[2,85,0,0.16666666666666666]
[8,85.16666666666667,0,0.16666666666666666]
[1,85.33333333333333,1,1.1666666666666667]
[5,85.33333333333333,1,1.1666666666666667]
[7,85.33333333333333,1,1.1666666666666667]
[3,85.33333333333333,1,1.1666666666666667]
[0,86.5,0,0.6666666666666666]
[4,86.58333333333333,0,0.6666666666666666]
[8,86.66666666666667,0,0.6666666666666666]
[6,86.83333333333333,0,0.3333333333333333]
[7,87,0,0.3333333333333333]
[5,87.16666666666667,0,0.3333333333333333]
[0,87.33333333333333,0,0.3333333333333333]
[1,87.33333333333333,0,0.3333333333333333]
[7,87.5,0,0.3333333333333333]
[8,87.5,0,0.3333333333333333]
[3,87.66666666666667,0,0.3333333333333333]
[6,87.66666666666667,0,0.3333333333333333]
[2,87.83333333333333,0,0.3333333333333333]
[5,87.83333333333333,0,0.3333333333333333]
[0,88,1,0.3333333333333333]
[1,88,1,0.3333333333333333]
[2,88.33333333333333,0,0.3333333333333333]
[3,88.5,1,0.3333333333333333]
[4,88.5,1,0.3333333333333333]
[5,88.83333333333333,1,0.3333333333333333]
[8,88.83333333333333,1,0.3333333333333333]
[6,89.16666666666667,1,0.3333333333333333]
[7,89.16666666666667,1,0.3333333333333333]
[4,89.5,1,0.3333333333333333]
[5,89.5,1,0.3333333333333333]
[3,89.83333333333333,0,0.3333333333333333]
[1,90,1,0.3333333333333333]
[2,90,1,0.3333333333333333]
[0,90.33333333333333,1,0.3333333333333333]
[4,90.33333333333333,1,0.3333333333333333]
[7,90.66666666666667,1,0.3333333333333333]
[8,90.66666666666667,1,0.3333333333333333]
[6,91,0,0.3333333333333333]
[4,91.16666666666667,1,0.3333333333333333]
[5,91.16666666666667,1,0.3333333333333333]
[0,91.5,1,0.3333333333333333]
[3,91.5,1,0.3333333333333333]
[1,91.83333333333333,1,0.3333333333333333]
[2,91.83333333333333,1,0.3333333333333333]
[3,92.16666666666667,1,0.3333333333333333]
[4,92.16666666666667,1,0.3333333333333333]
[5,92.5,0,0.3333333333333333]
[6,92.66666666666667,1,0.3333333333333333]
[7,92.66666666666667,1,0.3333333333333333]
[8,93,1,0.3333333333333333]
[4,93,1,0.3333333333333333]
[3,93.33333333333333,1,0.16666666666666666]
[1,93.5,1,0.16666666666666666]
[2,93.66666666666667,1,0.16666666666666666]
[6,93.83333333333333,1,0.16666666666666666]
[4,94,1,0.16666666666666666]
[5,94.16666666666667,1,0.16666666666666666]
[7,94.33333333333333,1,0.16666666666666666]
[8,94.5,1,0.16666666666666666]
[0,94.66666666666667,1,0.16666666666666666]
[3,94.66666666666667,1,0.16666666666666666]
[1,94.83333333333333,1,0.16666666666666666]
[2,95,1,0.16666666666666666]
[4,95.16666666666667,1,0.16666666666666666]
[7,95.16666666666667,1,0.16666666666666666]
[8,95.33333333333333,1,0.16666666666666666]
[3,95.5,1,0.16666666666666666]
[2,95.66666666666667,1,0.16666666666666666]
[5,95.66666666666667,1,0.16666666666666666]
[6,95.83333333333333,1,0.16666666666666666]
[7,96,0,0.16666666666666666]
[0,98,1,0.6666666666666666]
[4,98,1,0.6666666666666666]
[1,98.66666666666667,0,0.6666666666666666]
[2,98.66666666666667,0,0.6666666666666666]
[1,98.77777777777777,0,0.6666666666666666]
[2,98.77777777777777,0,0.6666666666666666]
[3,98.88888888888889,0,0.6666666666666666]
[3,99,0,0.6666666666666666]
[8,99.11111111111111,0,0.6666666666666666]
[8,99.22222222222223,0,0.6666666666666666]
[0,99.33333333333333,0,0.6666666666666666]
[1,99.33333333333333,0,0.6666666666666666]
[1,99.44444444444444,0,0.6666666666666666]
[0,99.44444444444444,0,0.6666666666666666]
[5,99.55555555555556,0,0.6666666666666666]
[5,99.66666666666667,0,0.6666666666666666]
[6,99.77777777777777,0,0.6666666666666666]
[7,99.77777777777777,0,0.6666666666666666]
[6,99.88888888888889,0,0.6666666666666666]
[7,99.88888888888889,0,0.6666666666666666]
[2,100,0,0.6666666666666666]
[1,100,0,0.6666666666666666]
[1,100.11111111111111,0,0.6666666666666666]
[2,100.11111111111111,0,0.6666666666666666]
[3,100.22222222222223,0,0.6666666666666666]
[3,100.33333333333333,0,0.6666666666666666]
[8,100.44444444444444,0,0.6666666666666666]
[8,100.55555555555556,0,0.6666666666666666]
[0,100.66666666666667,0,0.6666666666666666]
[1,100.66666666666667,0,0.6666666666666666]
[0,100.77777777777777,0,0.6666666666666666]
[1,100.77777777777777,0,0.6666666666666666]
[5,100.88888888888889,0,0.6666666666666666]
[5,101,0,0.6666666666666666]
[6,101.11111111111111,0,0.6666666666666666]
[7,101.11111111111111,0,0.6666666666666666]
[6,101.22222222222223,0,0.6666666666666666]
[7,101.22222222222223,0,0.6666666666666666]
[8,101.33333333333333,0,0.6666666666666666]
[5,101.33333333333333,0,0.16666666666666666]
[8,101.44444444444444,0,0.6666666666666666]
[5,101.44444444444444,0,0.16666666666666666]
[3,101.55555555555556,0,0.6666666666666666]
[3,101.66666666666667,0,0.6666666666666666]
[2,101.77777777777777,0,0.6666666666666666]
[2,101.88888888888889,0,0.6666666666666666]
[6,102,0,0.6666666666666666]
[3,102,0,0.16666666666666666]
[6,102.11111111111111,0,0.6666666666666666]
[3,102.11111111111111,0,0.16666666666666666]
[5,102.22222222222223,0,0.6666666666666666]
[5,102.33333333333333,0,0.6666666666666666]
[0,102.44444444444444,0,0.6666666666666666]
[1,102.44444444444444,0,0.6666666666666666]
[0,102.55555555555556,0,0.6666666666666666]
[1,102.55555555555556,0,0.6666666666666666]
[8,102.66666666666667,0,0.6666666666666666]
[5,102.66666666666667,0,0.16666666666666666]
[8,102.77777777777777,0,0.6666666666666666]
[5,102.77777777777777,0,0.16666666666666666]
[3,102.88888888888889,0,0.6666666666666666]
[3,103,0,0.6666666666666666]
[2,103.11111111111111,0,0.6666666666666666]
[2,103.22222222222223,0,0.6666666666666666]
[4,103.33333333333333,0,0.6666666666666666]
[1,104,0,0.16666666666666666]
[2,104,0,0.16666666666666666]
[1,104.11111111111111,0,0.16666666666666666]
[2,104.11111111111111,0,0.16666666666666666]
[0,104.22222222222223,0,0.16666666666666666]
[0,104.33333333333333,0,0.16666666666666666]
[5,104.44444444444444,0,0.16666666666666666]
[5,104.55555555555556,0,0.16666666666666666]
[3,104.66666666666667,0,0.16666666666666666]
[4,104.66666666666667,0,0.16666666666666666]
[4,104.77777777777777,0,0.16666666666666666]
[3,104.77777777777777,0,0.16666666666666666]
[8,104.88888888888889,0,0.16666666666666666]
[8,105,0,0.16666666666666666]
[7,105.11111111111111,0,0.16666666666666666]
[6,105.11111111111111,0,0.16666666666666666]
[6,105.22222222222223,0,0.16666666666666666]
[7,105.22222222222223,0,0.16666666666666666]
[1,105.33333333333333,0,0.16666666666666666]
[2,105.33333333333333,0,0.16666666666666666]
[1,105.44444444444444,0,0.16666666666666666]
[2,105.44444444444444,0,0.16666666666666666]
[0,105.55555555555556,0,0.16666666666666666]
[0,105.66666666666667,0,0.16666666666666666]
[5,105.77777777777777,0,0.16666666666666666]
[5,105.88888888888889,0,0.16666666666666666]
[3,106,0,0.16666666666666666]
[4,106,0,0.16666666666666666]
[3,106.11111111111111,0,0.16666666666666666]
[4,106.11111111111111,0,0.16666666666666666]
[8,106.22222222222223,0,0.16666666666666666]
[8,106.33333333333333,0,0.16666666666666666]
[7,106.44444444444444,0,0.16666666666666666]
[6,106.44444444444444,0,0.16666666666666666]
[6,106.55555555555556,0,0.16666666666666666]
[7,106.55555555555556,0,0.16666666666666666]
[4,106.66666666666667,0,0.16666666666666666]
[2,106.66666666666667,0,0.16666666666666666]
[4,106.77777777777777,0,0.16666666666666666]
[2,106.77777777777777,0,0.16666666666666666]
[0,106.88888888888889,0,0.16666666666666666]
[0,107,0,0.16666666666666666]
[5,107.11111111111111,0,0.16666666666666666]
[7,107.11111111111111,0,0.16666666666666666]
[5,107.22222222222223,0,0.16666666666666666]
[7,107.22222222222223,0,0.16666666666666666]
[3,107.33333333333333,0,0.16666666666666666]
[4,107.33333333333333,0,0.16666666666666666]
[3,107.44444444444444,0,0.16666666666666666]
[4,107.44444444444444,0,0.16666666666666666]
[8,107.55555555555556,0,0.16666666666666666]
[8,107.66666666666667,0,0.16666666666666666]
[3,107.77777777777777,0,0.16666666666666666]
[6,107.77777777777777,0,0.16666666666666666]
[3,107.88888888888889,0,0.16666666666666666]
[6,107.88888888888889,0,0.16666666666666666]
[2,108,0,0.16666666666666666]
[4,108,0,0.16666666666666666]
[2,108.11111111111111,0,0.16666666666666666]
[4,108.11111111111111,0,0.16666666666666666]
[0,108.22222222222223,0,0.16666666666666666]
[0,108.33333333333333,0,0.16666666666666666]
[5,108.44444444444444,0,0.16666666666666666]
[5,108.55555555555556,0,0.16666666666666666]
[4,108.66666666666667,0,0.16666666666666666]
[1,109.33333333333333,0,0.6666666666666666]
[2,109.33333333333333,0,0.6666666666666666]
[1,109.44444444444444,0,0.6666666666666666]
[2,109.44444444444444,0,0.6666666666666666]
[0,109.55555555555556,0,0.3333333333333333]
[0,109.66666666666667,0,0.3333333333333333]
[4,109.77777777777777,0,0.3333333333333333]
[5,109.77777777777777,0,0.3333333333333333]
[5,109.88888888888889,0,0.3333333333333333]
[4,109.88888888888889,0,0.3333333333333333]
[6,110,0,0.6666666666666666]
[7,110,0,0.6666666666666666]
[6,110.11111111111111,0,0.6666666666666666]
[7,110.11111111111111,0,0.6666666666666666]
[8,110.22222222222223,0,0.3333333333333333]
[8,110.33333333333333,0,0.3333333333333333]
[4,110.44444444444444,0,0.6666666666666666]
[3,110.44444444444444,0,0.3333333333333333]
[4,110.55555555555556,0,0.6666666666666666]
[3,110.55555555555556,0,0.3333333333333333]
[1,110.66666666666667,0,0.6666666666666666]
[2,110.66666666666667,0,0.6666666666666666]
[1,110.77777777777777,0,0.6666666666666666]
[2,110.77777777777777,0,0.6666666666666666]
[0,110.88888888888889,0,0.3333333333333333]
[0,111,0,0.3333333333333333]
[4,111.11111111111111,0,0.6666666666666666]
[5,111.11111111111111,0,0.3333333333333333]
[4,111.22222222222223,0,0.6666666666666666]
[5,111.22222222222223,0,0.3333333333333333]
[6,111.33333333333333,0,0.6666666666666666]
[7,111.33333333333333,0,0.6666666666666666]
[6,111.44444444444444,0,0.6666666666666666]
[7,111.44444444444444,0,0.6666666666666666]
[8,111.55555555555556,0,0.3333333333333333]
[8,111.66666666666667,0,0.3333333333333333]
[4,111.77777777777777,0,0.6666666666666666]
[3,111.77777777777777,0,0.3333333333333333]
[4,111.88888888888889,0,0.6666666666666666]
[3,111.88888888888889,0,0.3333333333333333]
[7,112,0,0.6666666666666666]
[8,112,0,0.6666666666666666]
[7,112.11111111111111,0,0.6666666666666666]
[8,112.11111111111111,0,0.6666666666666666]
[6,112.22222222222223,0,0.3333333333333333]
[6,112.33333333333333,0,0.3333333333333333]
[5,112.44444444444444,0,0.3333333333333333]
[5,112.55555555555556,0,0.3333333333333333]
[0,112.66666666666667,0,0.6666666666666666]
[1,112.66666666666667,0,0.6666666666666666]
[0,112.77777777777777,0,0.6666666666666666]
[1,112.77777777777777,0,0.6666666666666666]
[2,112.88888888888889,0,0.3333333333333333]
[2,113,0,0.3333333333333333]
[4,113.11111111111111,0,0.6666666666666666]
[3,113.11111111111111,0,0.3333333333333333]
[4,113.22222222222223,0,0.6666666666666666]
[3,113.22222222222223,0,0.3333333333333333]
[7,113.33333333333333,0,0.6666666666666666]
[8,113.33333333333333,0,0.6666666666666666]
[7,113.44444444444444,0,0.6666666666666666]
[8,113.44444444444444,0,0.6666666666666666]
[6,113.55555555555556,0,0.3333333333333333]
[6,113.66666666666667,0,0.3333333333333333]
[5,113.77777777777777,0,0.3333333333333333]
[5,113.88888888888889,0,0.3333333333333333]
[1,114,0,0.6666666666666666]
[2,114.66666666666667,0,1.1666666666666667]
[4,114.66666666666667,0,1.1666666666666667]
[2,114.77777777777777,0,1.1666666666666667]
[4,114.77777777777777,0,1.1666666666666667]
[3,114.88888888888889,0,1.1666666666666667]
[3,115,0,1.1666666666666667]
[5,115.11111111111111,0,1.1666666666666667]
[8,115.11111111111111,0,1.1666666666666667]
[5,115.22222222222223,0,1.1666666666666667]
[8,115.22222222222223,0,1.1666666666666667]
[0,115.33333333333333,0,1.1666666666666667]
[4,115.33333333333333,0,1.1666666666666667]
[0,115.44444444444444,0,1.1666666666666667]
[4,115.44444444444444,0,1.1666666666666667]
[5,115.55555555555556,0,1.1666666666666667]
[5,115.66666666666667,0,1.1666666666666667]
[3,115.77777777777777,0,1.1666666666666667]
[6,115.77777777777777,0,1.1666666666666667]
[3,115.88888888888889,0,1.1666666666666667]
[6,115.88888888888889,0,1.1666666666666667]
[4,116,0,0.6666666666666666]
[2,116,0,0.6666666666666666]
[4,116.11111111111111,0,0.6666666666666666]
[2,116.11111111111111,0,0.6666666666666666]
[3,116.22222222222223,0,0.6666666666666666]
[3,116.33333333333333,0,0.6666666666666666]
[5,116.44444444444444,0,0.6666666666666666]
[8,116.44444444444444,0,0.6666666666666666]
[5,116.55555555555556,0,0.6666666666666666]
[8,116.55555555555556,0,0.6666666666666666]
[0,116.66666666666667,0,0.6666666666666666]
[4,116.66666666666667,0,0.6666666666666666]
[0,116.77777777777777,0,0.6666666666666666]
[4,116.77777777777777,0,0.6666666666666666]
[5,116.88888888888889,0,0.6666666666666666]
[5,117,0,0.6666666666666666]
[3,117.11111111111111,0,0.6666666666666666]
[6,117.11111111111111,0,0.6666666666666666]
[3,117.22222222222223,0,0.6666666666666666]
[6,117.22222222222223,0,0.6666666666666666]
[8,117.33333333333333,0,0.6666666666666666]
[7,117.33333333333333,0,0.6666666666666666]
[0,117.55555555555556,0,0.6666666666666666]
[1,117.55555555555556,0,0.6666666666666666]
[2,117.77777777777777,0,0.6666666666666666]
[5,117.77777777777777,0,0.6666666666666666]
[3,118,0,0.6666666666666666]
[6,118,0,0.6666666666666666]
[0,118.66666666666667,0,0.6666666666666666]
[4,118.66666666666667,0,0.6666666666666666]
[2,118.66666666666667,0,0.6666666666666666]
[3,118.88888888888889,0,0.6666666666666666]
[7,118.88888888888889,0,0.6666666666666666]
[5,118.88888888888889,0,0.6666666666666666]
[6,119.11111111111111,0,0.6666666666666666]
[4,119.11111111111111,0,0.6666666666666666]
[8,119.11111111111111,0,0.6666666666666666]
[3,119.33333333333333,0,0.6666666666666666]
[1,119.33333333333333,0,0.6666666666666666]
[5,119.33333333333333,0,0.6666666666666666]
[7,120,0,0.16666666666666666]
[8,120,0,0.16666666666666666]
[0,120.22222222222223,0,0.16666666666666666]
[1,120.22222222222223,0,0.16666666666666666]
[2,120.44444444444444,0,0.16666666666666666]
[5,120.44444444444444,0,0.16666666666666666]
[3,120.66666666666667,0,0.16666666666666666]
[6,120.66666666666667,0,0.16666666666666666]
[4,120.88888888888889,0,0.16666666666666666]
[5,120.88888888888889,0,0.16666666666666666]
[7,121.11111111111111,0,0.16666666666666666]
[6,121.11111111111111,0,0.16666666666666666]
[1,121.33333333333333,0,0.3333333333333333]
[2,121.33333333333333,0,0.3333333333333333]
[1,121.44444444444444,0,0.3333333333333333]
[2,121.44444444444444,0,0.3333333333333333]
[3,121.55555555555556,0,0.3333333333333333]
[4,121.55555555555556,0,0.3333333333333333]
[3,121.66666666666667,0,0.3333333333333333]
[4,121.66666666666667,0,0.3333333333333333]
[7,121.77777777777777,0,0.3333333333333333]
[8,121.77777777777777,0,0.3333333333333333]
[7,121.88888888888889,0,0.3333333333333333]
[8,121.88888888888889,0,0.3333333333333333]
[0,122,0,0.3333333333333333]
[3,122,0,0.16666666666666666]
[0,122.11111111111111,0,0.3333333333333333]
[3,122.11111111111111,0,0.16666666666666666]
[5,122.22222222222223,0,0.3333333333333333]
[8,122.22222222222223,0,0.16666666666666666]
[5,122.33333333333333,0,0.3333333333333333]
[8,122.33333333333333,0,0.16666666666666666]
[6,122.44444444444444,0,0.3333333333333333]
[7,122.44444444444444,0,0.3333333333333333]
[6,122.55555555555556,0,0.3333333333333333]
[7,122.55555555555556,0,0.3333333333333333]
[1,122.66666666666667,1,0.6666666666666666]
[5,122.66666666666667,1,0.6666666666666666]
[0,123.55555555555556,0,0.8888888888888888]
[4,123.55555555555556,0,0.8888888888888888]
[3,123.77777777777777,0,0.8888888888888888]
[7,123.77777777777777,0,0.8888888888888888]
[4,124,1,0.6666666666666666]
[8,124,1,0.6666666666666666]
[1,124.88888888888889,0,0.6666666666666666]
[5,124.88888888888889,0,0.6666666666666666]
[0,125.11111111111111,0,0.8888888888888888]
[4,125.11111111111111,0,0.8888888888888888]
[3,125.33333333333333,1,0.6666666666666666]
[7,125.33333333333333,1,0.6666666666666666]
[4,126.22222222222223,0,0.6666666666666666]
[8,126.22222222222223,0,0.6666666666666666]
[1,126.44444444444444,0,0.6666666666666666]
[5,126.44444444444444,0,0.6666666666666666]
[0,126.66666666666667,0,2.6666666666666665]
[4,126.66666666666667,0,2.6666666666666665]
[7,127,0,0.3333333333333333]
[5,127,0,0.3333333333333333]
[3,127.33333333333333,0,0.3333333333333333]
[6,127.33333333333333,0,0.3333333333333333]
[2,127.5,0,2.6666666666666665]
[5,127.5,0,0.3333333333333333]
[0,127.66666666666667,0,2.6666666666666665]
[1,127.66666666666667,0,0.3333333333333333]
[8,127.83333333333333,0,2.6666666666666665]
[7,127.83333333333333,0,0.3333333333333333]
[4,128,0,0.3333333333333333]
[2,130,1,0.08333333333333333]
[1,130.08333333333334,0,0.08333333333333333]
[6,130.16666666666666,1,0.08333333333333333]
[7,130.25,0,0.08333333333333333]
[5,130.33333333333334,0,0.08333333333333333]
[0,130.66666666666666,1,0.16666666666666666]
[5,130.83333333333334,0,0.3333333333333333]
[4,130.91666666666666,0,0.3333333333333333]
[3,131,0,0.3333333333333333]
[8,131.16666666666666,0,0.3333333333333333]
[6,131.33333333333334,1,0.3333333333333333]
[7,131.5,0,0.3333333333333333]
[2,131.66666666666666,1,0.3333333333333333]
[1,131.83333333333334,0,0.3333333333333333]
[0,132,1,0.16666666666666666]
[5,132.16666666666666,0,0.3333333333333333]
[4,132.25,0,0.3333333333333333]
[3,132.33333333333334,0,0.3333333333333333]
[8,132.5,0,0.16666666666666666]
[6,132.66666666666666,0,0.16666666666666666]
[2,132.83333333333334,0,0.16666666666666666]
[4,132.91666666666666,0,0.16666666666666666]
[8,133,0,0.16666666666666666]
[0,133.16666666666666,0,0.16666666666666666]
[2,133.33333333333334,1,0.16666666666666666]
[3,133.5,0,0.16666666666666666]
[4,133.58333333333334,0,0.16666666666666666]
[5,133.66666666666666,0,0.16666666666666666]
[6,133.83333333333334,0,0.16666666666666666]
[7,134,1,0.3333333333333333]
[8,134.16666666666666,0,0.3333333333333333]
[1,134.33333333333334,1,0.3333333333333333]
[0,134.5,0,0.3333333333333333]
[2,134.66666666666666,1,0.16666666666666666]
[3,134.83333333333334,0,0.16666666666666666]
[4,134.91666666666666,0,0.16666666666666666]
[5,135,0,0.16666666666666666]
[6,135.16666666666666,0,0.16666666666666666]
[7,135.33333333333334,0,0.3333333333333333]
[8,135.33333333333334,0,0.3333333333333333]
[5,135.5,0,0.3333333333333333]
[4,135.5,0,0.3333333333333333]
[0,135.66666666666666,0,0.3333333333333333]
[1,135.66666666666666,0,0.3333333333333333]
[3,135.83333333333334,0,0.3333333333333333]
[4,135.83333333333334,0,0.3333333333333333]
[8,136,1,0.16666666666666666]
[3,136.16666666666666,0,0.16666666666666666]
[4,136.25,0,0.16666666666666666]
[5,136.33333333333334,0,0.16666666666666666]
[0,136.5,0,0.16666666666666666]
[2,136.66666666666666,1,0.3333333333333333]
[1,136.83333333333334,0,0.3333333333333333]
[6,137,1,0.3333333333333333]
[7,137.16666666666666,0,0.3333333333333333]
[8,137.33333333333334,1,0.16666666666666666]
[3,137.5,0,0.16666666666666666]
[4,137.58333333333334,0,0.16666666666666666]
[5,137.66666666666666,0,0.16666666666666666]
[0,137.83333333333334,0,0.16666666666666666]
[2,138,0,0.16666666666666666]
[1,138.08333333333334,0,0.16666666666666666]
[3,138.16666666666666,0,0.16666666666666666]
[4,138.25,0,0.16666666666666666]
[8,138.33333333333334,0,0.16666666666666666]
[6,138.5,0,0.16666666666666666]
[1,138.66666666666666,0,0.16666666666666666]
[2,138.66666666666666,0,0.16666666666666666]
[3,138.83333333333334,0,0.16666666666666666]
[4,138.83333333333334,0,0.16666666666666666]
[7,139,0,0.16666666666666666]
[8,139,0,0.16666666666666666]
[0,139.33333333333334,0,0.16666666666666666]
[1,139.33333333333334,0,0.16666666666666666]
[4,139.5,0,0.16666666666666666]
[5,139.5,0,0.16666666666666666]
[6,139.66666666666666,0,0.16666666666666666]
[7,139.66666666666666,0,0.16666666666666666]
[2,140,0,0.16666666666666666]
[1,140.08333333333334,0,0.16666666666666666]
[0,140.16666666666666,0,0.16666666666666666]
[1,140.25,0,0.16666666666666666]
[5,140.33333333333334,0,0.16666666666666666]
[4,140.41666666666666,0,0.16666666666666666]
[3,140.5,0,0.16666666666666666]
[4,140.58333333333334,0,0.16666666666666666]
[8,140.66666666666666,0,0.16666666666666666]
[7,140.66666666666666,0,0.16666666666666666]
[6,140.66666666666666,0,0.16666666666666666]
[5,140.83333333333334,0,0.16666666666666666]
[4,140.83333333333334,0,0.16666666666666666]
[3,140.83333333333334,0,0.16666666666666666]
[2,141,0,0.16666666666666666]
[1,141,0,0.16666666666666666]
[0,141,0,0.16666666666666666]
[7,141.33333333333334,0,0.6666666666666666]
[8,141.33333333333334,0,0.6666666666666666]
[3,141.55555555555554,0,0.6666666666666666]
[2,141.77777777777777,0,0.6666666666666666]
[6,142,0,0.6666666666666666]
[7,142,0,0.6666666666666666]
[5,142.22222222222223,0,0.6666666666666666]
[0,142.44444444444446,0,0.6666666666666666]
[7,142.66666666666666,0,0.6666666666666666]
[0,143.33333333333334,0,0.6666666666666666]
[3,143.33333333333334,0,0.6666666666666666]
[4,143.55555555555554,0,0.6666666666666666]
[7,143.55555555555554,0,0.6666666666666666]
[2,143.77777777777777,0,0.6666666666666666]
[5,143.77777777777777,0,0.6666666666666666]
[6,144,1,2.6666666666666665]
[1,144,1,2.6666666666666665]
[8,144,1,2.6666666666666665]