[3,1.4117647058823528,0,0.3529411764705882]
[5,1.588235294117647,0,0.3529411764705882]
[6,1.7647058823529411,0,0.3529411764705882]
[7,1.7647058823529411,0,0.3529411764705882]
[5,1.9411764705882353,0,0.3529411764705882]
[3,2.1176470588235294,0,0.3529411764705882]
[5,2.2941176470588234,0,0.3529411764705882]
[0,2.4705882352941173,0,0.3529411764705882]
[1,2.4705882352941173,0,0.3529411764705882]
[5,2.6470588235294117,0,0.3529411764705882]
[3,2.8235294117647056,0,0.3529411764705882]
[2,3,0,0.3529411764705882]
[6,3.176470588235294,0,0.3529411764705882]
[7,3.176470588235294,0,0.3529411764705882]
[5,3.352941176470588,0,0.3529411764705882]
[3,3.5294117647058822,0,0.3529411764705882]
[8,3.705882352941176,0,0.3529411764705882]
[0,3.8823529411764706,0,0.3529411764705882]
[1,3.8823529411764706,0,0.3529411764705882]
[5,4.0588235294117645,0,0.3529411764705882]
[3,4.235294117647059,0,0.3529411764705882]
[2,4.411764705882352,0,0.3529411764705882]
[6,4.588235294117647,0,0.3529411764705882]
[7,4.588235294117647,0,0.3529411764705882]
[5,4.764705882352941,0,0.3529411764705882]
[3,4.941176470588235,0,0.3529411764705882]
[2,5.117647058823529,0,0.3529411764705882]
[6,5.294117647058823,0,0.3529411764705882]
[7,5.294117647058823,0,0.3529411764705882]
[5,5.470588235294118,0,0.3529411764705882]
[3,5.647058823529411,0,0.3529411764705882]
[2,5.823529411764706,0,0.3529411764705882]
[1,5.911764705882352,0,0.3529411764705882]
[0,6,0,0.3529411764705882]
[5,6.1764705882352935,0,0.3529411764705882]
[6,6.352941176470588,0,0.3529411764705882]
[7,6.441176470588235,0,0.3529411764705882]
[5,6.529411764705882,0,0.3529411764705882]
[4,6.617647058823529,0,0.3529411764705882]
[3,6.705882352941176,0,0.3529411764705882]
[2,6.88235294117647,0,0.3529411764705882]
[0,7.0588235294117645,0,0.3529411764705882]
[8,7.235294117647059,0,0.3529411764705882]
[6,7.411764705882352,0,0.3529411764705882]
[7,7.411764705882352,0,0.3529411764705882]
[5,7.588235294117647,0,0.3529411764705882]
[3,7.764705882352941,0,0.3529411764705882]
[8,7.941176470588235,0,0.3529411764705882]
[7,8.117647058823529,0,0.3529411764705882]
[6,8.117647058823529,0,0.3529411764705882]
[2,8.294117647058822,0,0.3529411764705882]
[0,8.470588235294118,0,0.3529411764705882]
[8,8.647058823529408,0,0.3529411764705882]
[6,8.823529411764701,0,0.3529411764705882]
[7,8.823529411764701,0,0.3529411764705882]
[5,8.999999999999996,0,0.3529411764705882]
[3,9.17647058823529,0,0.3529411764705882]
[8,9.352941176470583,0,0.3529411764705882]
[6,9.529411764705877,0,0.3529411764705882]
[7,9.529411764705877,0,0.3529411764705882]
[2,9.70588235294117,0,0.3529411764705882]
[0,9.882352941176467,0,0.3529411764705882]
[5,10.058823529411764,0,0.3529411764705882]
[3,10.235294117647058,0,0.3529411764705882]
[8,10.411764705882353,0,0.3529411764705882]
[6,10.588235294117647,0,0.3529411764705882]
[5,10.76470588235294,0,0.3529411764705882]
[3,10.941176470588236,0,0.3529411764705882]
[2,11.117647058823529,0,0.3529411764705882]
[0,11.294117647058822,0,0.3529411764705882]
[1,11.38235294117647,0,0.3529411764705882]
[5,11.470588235294118,0,0.3529411764705882]
[4,11.558823529411764,0,0.3529411764705882]
[6,11.647058823529411,0,0.3529411764705882]
[7,11.735294117647058,0,0.3529411764705882]
[8,11.823529411764705,0,0.3529411764705882]
[0,12,0,0.3529411764705882]
[1,12.117647058823529,0,0.3529411764705882]
[2,12.235294117647058,0,0.3529411764705882]
[3,12.352941176470587,0,0.3529411764705882]
[4,12.352941176470587,0,0.3529411764705882]
[5,12.529411764705882,0,0.3529411764705882]
[6,12.705882352941176,0,0.3529411764705882]
[8,12.88235294117647,0,0.3529411764705882]
[0,13.058823529411764,0,0.3529411764705882]
[1,13.058823529411764,0,0.3529411764705882]
[2,13.235294117647058,0,0.3529411764705882]
[3,13.411764705882351,0,0.3529411764705882]
[5,13.588235294117647,0,0.3529411764705882]
[6,13.76470588235294,0,0.3529411764705882]
[7,13.76470588235294,0,0.3529411764705882]
[8,13.941176470588234,0,0.3529411764705882]
[3,14.117647058823529,0,0.3529411764705882]
[5,14.294117647058822,0,0.3529411764705882]
[0,14.470588235294118,0,0.3529411764705882]
[1,14.470588235294118,0,0.3529411764705882]
[2,14.647058823529411,0,0.3529411764705882]
[3,14.823529411764705,0,0.3529411764705882]
[5,15,0,0.3529411764705882]
[6,15.176470588235293,0,0.3529411764705882]
[7,15.176470588235293,0,0.3529411764705882]
[8,15.352941176470587,0,0.3529411764705882]
[3,15.529411764705882,0,0.3529411764705882]
[2,15.705882352941176,0,0.3529411764705882]
[0,15.88235294117647,0,0.3529411764705882]
[1,15.88235294117647,0,0.3529411764705882]
[5,16.058823529411764,0,0.3529411764705882]
[3,16.235294117647058,0,0.3529411764705882]
[8,16.41176470588235,0,0.3529411764705882]
[6,16.588235294117645,0,0.3529411764705882]
[7,16.588235294117645,0,0.3529411764705882]
[5,16.764705882352942,0,0.3529411764705882]
[3,16.941176470588236,0,0.3529411764705882]
[2,17.11764705882353,0,0.3529411764705882]
[0,17.294117647058822,0,0.3529411764705882]
[5,17.470588235294116,0,0.3529411764705882]
[6,17.64705882352941,0,0.3529411764705882]
[1,17.823529411764707,0,0.3529411764705882]
[8,18,0,0.3529411764705882]
[0,18.176470588235293,0,0.3529411764705882]
[2,18.352941176470587,0,0.3529411764705882]
[1,18.441176470588236,0,0.3529411764705882]
[3,18.52941176470588,0,0.3529411764705882]
[4,18.61764705882353,0,0.3529411764705882]
[2,18.705882352941174,0,0.3529411764705882]
[1,18.794117647058822,0,0.3529411764705882]
[3,18.88235294117647,0,0.3529411764705882]
[4,18.970588235294116,0,0.3529411764705882]
[2,19.058823529411764,0,0.3529411764705882]
[1,19.14705882352941,0,0.3529411764705882]
[3,19.235294117647058,0,0.3529411764705882]
[4,19.323529411764707,0,0.3529411764705882]
[8,19.41176470588235,0,0.3529411764705882]
[7,19.5,0,0.3529411764705882]
[0,19.588235294117645,0,0.3529411764705882]
[1,19.676470588235293,0,0.3529411764705882]
[5,19.76470588235294,0,0.3529411764705882]
[4,19.852941176470587,0,0.3529411764705882]
[6,19.941176470588236,0,0.3529411764705882]
[7,20.02941176470588,0,0.3529411764705882]
[5,20.11764705882353,0,0.3529411764705882]
[4,20.205882352941174,0,0.3529411764705882]
[6,20.294117647058822,0,0.3529411764705882]
[7,20.38235294117647,0,0.3529411764705882]
[2,20.470588235294116,0,0.3529411764705882]
[1,20.558823529411764,0,0.3529411764705882]
[3,20.64705882352941,0,0.3529411764705882]
[4,20.735294117647058,0,0.3529411764705882]
[5,20.823529411764707,0,0.3529411764705882]
[0,21,0,0.3529411764705882]
[2,21.176470588235293,0,0.3529411764705882]
[1,21.26470588235294,0,0.3529411764705882]
[3,21.352941176470587,0,0.3529411764705882]
[4,21.441176470588236,0,0.3529411764705882]
[8,21.52941176470588,0,0.3529411764705882]
[7,21.61764705882353,0,0.3529411764705882]
[0,21.705882352941174,0,0.3529411764705882]
[1,21.794117647058822,0,0.3529411764705882]
[5,21.88235294117647,0,0.3529411764705882]
[4,21.970588235294116,0,0.3529411764705882]
[6,22.058823529411764,0,0.3529411764705882]
[7,22.14705882352941,0,0.3529411764705882]
[2,22.235294117647058,0,0.3529411764705882]
[1,22.323529411764703,0,0.3529411764705882]
[3,22.41176470588235,0,0.3529411764705882]
[4,22.5,0,0.3529411764705882]
[5,22.588235294117645,0,0.3529411764705882]
[0,22.852941176470587,0,0.3529411764705882]
[8,23.11764705882353,0,0.3529411764705882]
[3,23.38235294117647,0,0.3529411764705882]
[2,23.64705882352941,0,0.3529411764705882]
[6,23.823529411764703,0,0.3529411764705882]
[4,24,0,0.3529411764705882]
[3,24.176470588235293,0,0.3529411764705882]
[2,24.352941176470587,0,0.3529411764705882]
[1,24.352941176470587,0,0.3529411764705882]
[0,24.52941176470588,0,0.3529411764705882]
[5,24.705882352941174,0,0.3529411764705882]
[6,24.88235294117647,0,0.3529411764705882]
[7,25.058823529411764,0,0.3529411764705882]
[8,25.058823529411764,0,0.3529411764705882]
[3,25.235294117647058,0,0.3529411764705882]
[5,25.41176470588235,0,0.3529411764705882]
[0,25.588235294117645,0,0.3529411764705882]
[2,25.76470588235294,0,0.3529411764705882]
[1,25.76470588235294,0,0.3529411764705882]
[3,25.941176470588236,0,0.3529411764705882]
[5,26.11764705882353,0,0.3529411764705882]
[6,26.294117647058822,0,0.3529411764705882]
[7,26.470588235294116,0,0.3529411764705882]
[8,26.470588235294116,0,0.3529411764705882]
[0,26.64705882352941,0,0.3529411764705882]
[4,26.823529411764703,0,0.3529411764705882]
[2,27,0,0.3529411764705882]
[0,27.176470588235293,0,0.3529411764705882]
[1,27.176470588235293,0,0.3529411764705882]
[5,27.352941176470587,0,0.3529411764705882]
[6,27.52941176470588,0,0.1764705882352941]
[8,27.705882352941174,0,0.3529411764705882]
[3,27.882352941176467,0,0.3529411764705882]
[4,27.882352941176467,0,0.3529411764705882]
[7,28.058823529411764,0,0.1764705882352941]
[2,28.235294117647058,0,0.1764705882352941]
[0,28.41176470588235,0,0.3529411764705882]
[1,28.5,0,0.3529411764705882]
[4,28.588235294117645,0,0.3529411764705882]
[5,28.588235294117645,0,0.3529411764705882]
[6,28.76470588235294,0,0.3529411764705882]
[7,28.852941176470587,0,0.3529411764705882]
[8,28.941176470588236,0,0.3529411764705882]
[0,29.11764705882353,0,0.3529411764705882]
[1,29.205882352941174,0,0.3529411764705882]
[4,29.294117647058822,0,0.3529411764705882]
[5,29.294117647058822,0,0.3529411764705882]
[6,29.470588235294116,0,0.3529411764705882]
[7,29.558823529411764,0,0.3529411764705882]
[8,29.64705882352941,0,0.3529411764705882]
[3,29.823529411764703,0,0.3529411764705882]
[1,30,0,0.3529411764705882]
[2,30,0,0.3529411764705882]
[0,30.176470588235293,0,0.3529411764705882]
[7,30.352941176470587,0,0.3529411764705882]
[5,30.52941176470588,0,0.3529411764705882]
[3,30.705882352941174,0,0.3529411764705882]
[4,30.705882352941174,0,0.3529411764705882]
[8,30.882352941176467,0,0.3529411764705882]
[6,31.058823529411764,0,0.3529411764705882]
[2,31.235294117647058,0,0.3529411764705882]
[0,31.41176470588235,0,0.3529411764705882]
[1,31.41176470588235,0,0.3529411764705882]
[5,31.588235294117645,0,0.3529411764705882]
[3,31.76470588235294,0,0.3529411764705882]
[8,31.941176470588232,0,0.3529411764705882]
[6,32.11764705882353,0,0.3529411764705882]
[7,32.11764705882353,0,0.3529411764705882]
[2,32.29411764705882,0,0.3529411764705882]
[4,32.470588235294116,0,0.3529411764705882]
[0,32.64705882352941,0,0.3529411764705882]
[1,32.8235294117647,0,0.3529411764705882]
[2,32.8235294117647,0,0.3529411764705882]
[3,33,0,0.3529411764705882]
[5,33.17647058823529,0,0.3529411764705882]
[0,33.35294117647059,0,0.3529411764705882]
[7,33.529411764705884,0,0.3529411764705882]
[8,33.529411764705884,0,0.3529411764705882]
[6,33.705882352941174,0,0.3529411764705882]
[2,33.88235294117647,1,0.3529411764705882]
[3,34.23529411764706,0,0.3529411764705882]
[4,34.35294117647059,0,0.3529411764705882]
[5,34.470588235294116,0,0.3529411764705882]
[0,34.588235294117645,1,0.3529411764705882]
[1,34.588235294117645,0,0.3529411764705882]
[8,34.94117647058823,1,0.3529411764705882]
[7,34.94117647058823,0,0.3529411764705882]
[6,35.29411764705882,0,0.3529411764705882]
[5,35.470588235294116,0,0.3529411764705882]
[3,35.64705882352941,0,0.3529411764705882]
[4,35.64705882352941,0,0.3529411764705882]
[2,35.8235294117647,0,0.3529411764705882]
[0,36,0,0.3529411764705882]
[8,36.17647058823529,0,0.3529411764705882]
[3,36.35294117647059,0,0.3529411764705882]
[4,36.35294117647059,0,0.3529411764705882]
[5,36.52941176470588,0,0.3529411764705882]
[0,36.705882352941174,0,0.3529411764705882]
[2,36.88235294117647,0,0.3529411764705882]
[6,37.05882352941176,0,0.3529411764705882]
[7,37.05882352941176,0,0.3529411764705882]
[8,37.23529411764706,0,0.3529411764705882]
[0,37.41176470588235,0,0.3529411764705882]
[1,37.5,0,0.3529411764705882]
[5,37.588235294117645,0,0.3529411764705882]
[4,37.67647058823529,0,0.3529411764705882]
[3,37.76470588235294,0,0.3529411764705882]
[2,37.94117647058823,0,0.3529411764705882]
[6,38.11764705882353,0,0.3529411764705882]
[8,38.29411764705882,0,0.3529411764705882]
[3,38.470588235294116,0,0.3529411764705882]
[4,38.470588235294116,0,0.3529411764705882]
[5,38.64705882352941,0,0.3529411764705882]
[0,38.8235294117647,0,0.3529411764705882]
[1,38.94117647058823,0,0.3529411764705882]
[2,39.05882352941177,0,0.3529411764705882]
[6,39.17647058823529,0,0.3529411764705882]
[7,39.17647058823529,0,0.3529411764705882]
[5,39.35294117647059,0,0.3529411764705882]
[3,39.52941176470588,0,0.3529411764705882]
[2,39.705882352941174,0,0.3529411764705882]
[1,39.79411764705882,0,0.3529411764705882]
[6,39.88235294117647,0,0.3529411764705882]
[7,39.88235294117647,0,0.3529411764705882]
[5,40.05882352941176,0,0.3529411764705882]
[4,40.14705882352941,0,0.3529411764705882]
[3,40.23529411764706,0,0.3529411764705882]
[2,40.41176470588235,0,0.3529411764705882]
[1,40.5,0,0.3529411764705882]
[6,40.588235294117645,0,0.3529411764705882]
[7,40.588235294117645,0,0.3529411764705882]
[5,40.76470588235294,0,0.3529411764705882]
[4,40.85294117647059,0,0.3529411764705882]
[3,40.94117647058823,0,0.3529411764705882]
[8,41.11764705882353,0,0.3529411764705882]
[0,41.29411764705882,0,0.3529411764705882]
[1,41.29411764705882,0,0.3529411764705882]
[5,41.470588235294116,0,0.3529411764705882]
[7,41.64705882352941,0,0.3529411764705882]
[3,41.8235294117647,0,0.3529411764705882]
[1,42,0,0.3529411764705882]
[2,42,0,0.3529411764705882]
[0,42.17647058823529,0,0.3529411764705882]
[5,42.35294117647059,0,0.3529411764705882]
[6,42.52941176470588,0,0.3529411764705882]
[7,42.705882352941174,0,0.3529411764705882]
[8,42.705882352941174,0,0.3529411764705882]
[0,42.88235294117647,0,0.3529411764705882]
[2,43.05882352941176,0,0.3529411764705882]
[1,43.14705882352941,0,0.3529411764705882]
[3,43.23529411764706,0,0.3529411764705882]
[4,43.3235294117647,0,0.3529411764705882]
[5,43.41176470588235,0,0.3529411764705882]
[6,43.588235294117645,0,0.3529411764705882]
[8,43.76470588235294,0,0.3529411764705882]
[3,43.94117647058823,0,0.3529411764705882]
[1,44.11764705882353,0,0.3529411764705882]
[2,44.11764705882353,0,0.3529411764705882]
[0,44.29411764705882,0,0.3529411764705882]
[8,44.470588235294116,0,0.3529411764705882]
[6,44.647058823529406,0,0.3529411764705882]
[2,44.8235294117647,0,0.3529411764705882]
[1,44.8235294117647,0,0.3529411764705882]
[0,45,0,0.3529411764705882]
[7,45.17647058823529,0,0.3529411764705882]
[5,45.35294117647059,0,0.3529411764705882]
[3,45.52941176470588,0,0.3529411764705882]
[4,45.52941176470588,0,0.3529411764705882]
[8,45.705882352941174,0,0.3529411764705882]
[0,45.88235294117647,0,0.3529411764705882]
[1,46,0,0.3529411764705882]
[2,46.11764705882353,0,0.3529411764705882]
[3,46.23529411764706,0,0.3529411764705882]
[4,46.35294117647059,0,0.3529411764705882]
[5,46.470588235294116,0,0.3529411764705882]
[6,46.588235294117645,1,0.7058823529411764]
[8,47.294117647058826,1,0.3529411764705882]
[0,47.64705882352941,0,0.3529411764705882]
[1,47.8235294117647,0,0.3529411764705882]
[5,48,1,0.2647058823529412]
[4,48.26470588235294,1,0.2647058823529412]
[3,48.52941176470588,1,0.1764705882352941]
[2,48.705882352941174,1,0.7058823529411764]
[6,49.41176470588235,1,0.7058823529411764]
[5,50.11764705882353,1,0.1764705882352941]
[4,50.29411764705882,1,0.1764705882352941]
[3,50.470588235294116,1,0.3529411764705882]
[8,50.8235294117647,1,0.3529411764705882]
[7,51.17647058823529,0,0.3529411764705882]
[6,51.35294117647059,0,0.3529411764705882]
[1,51.52941176470588,1,0.3529411764705882]
[0,51.88235294117647,1,0.3529411764705882]
[5,52.23529411764706,1,0.7058823529411764]
[6,52.94117647058823,0,0.7058823529411764]
[7,53.05882352941177,0,0.7058823529411764]
[8,53.1764705882353,0,0.7058823529411764]
[3,53.294117647058826,0,0.7058823529411764]
[2,53.64705882352941,1,0.7058823529411764]
[0,54.35294117647059,1,0.3529411764705882]
[1,54.705882352941174,1,0.3529411764705882]
[8,55.05882352941177,1,0.7058823529411764]
[3,55.76470588235294,1,0.7058823529411764]
[5,56.470588235294116,1,0.3529411764705882]
[6,56.8235294117647,1,0.3529411764705882]
[8,57.1764705882353,1,0.3529411764705882]
[3,57.529411764705884,0,0.3529411764705882]
[2,57.88235294117647,0,0.3529411764705882]
[0,58.05882352941176,0,0.3529411764705882]
[4,58.23529411764706,0,0.3529411764705882]
[5,58.23529411764706,0,0.3529411764705882]
[3,58.41176470588235,0,0.3529411764705882]
[8,58.588235294117645,0,0.3529411764705882]
[6,58.764705882352935,0,0.3529411764705882]
[5,58.94117647058823,0,0.3529411764705882]
[4,58.94117647058823,0,0.3529411764705882]
[3,59.11764705882353,0,0.3529411764705882]
[2,59.29411764705882,0,0.3529411764705882]
[0,59.470588235294116,0,0.3529411764705882]
[7,59.647058823529406,0,0.3529411764705882]
[8,59.647058823529406,0,0.3529411764705882]
[3,59.8235294117647,0,0.3529411764705882]
[5,60,0,0.3529411764705882]
[6,60.17647058823529,0,0.3529411764705882]
[1,60.35294117647059,0,0.3529411764705882]
[2,60.35294117647059,0,0.3529411764705882]
[3,60.52941176470588,0,0.3529411764705882]
[8,60.705882352941174,0,0.3529411764705882]
[0,60.882352941176464,0,0.3529411764705882]
[1,61.05882352941176,0,0.3529411764705882]
[2,61.05882352941176,0,0.3529411764705882]
[3,61.23529411764706,0,0.3529411764705882]
[8,61.41176470588235,0,0.3529411764705882]
[0,61.588235294117645,0,0.3529411764705882]
[1,61.764705882352935,0,0.3529411764705882]
[2,61.764705882352935,0,0.3529411764705882]
[3,61.94117647058823,0,0.3529411764705882]
[5,62.11764705882353,0,0.3529411764705882]
[6,62.29411764705882,0,0.3529411764705882]
[7,62.470588235294116,0,0.3529411764705882]
[8,62.470588235294116,0,0.3529411764705882]
[0,62.647058823529406,0,0.3529411764705882]
[2,62.8235294117647,0,0.3529411764705882]
[3,63,0,0.3529411764705882]
[4,63.17647058823529,0,0.3529411764705882]
[5,63.17647058823529,0,0.3529411764705882]
[6,63.35294117647059,0,0.3529411764705882]
[8,63.52941176470588,0,0.3529411764705882]
[0,63.705882352941174,0,0.3529411764705882]
[1,63.882352941176464,0,0.3529411764705882]
[2,63.882352941176464,0,0.3529411764705882]
[3,64.05882352941177,0,0.3529411764705882]
[8,64.23529411764706,0,0.3529411764705882]
[0,64.41176470588235,0,0.3529411764705882]
[5,64.58823529411764,0,0.3529411764705882]
[4,64.58823529411764,0,0.3529411764705882]
[6,64.76470588235294,0,0.3529411764705882]
[2,64.94117647058823,0,0.3529411764705882]
[3,65.11764705882352,0,0.3529411764705882]
[7,65.29411764705883,0,0.3529411764705882]
[8,65.29411764705883,0,0.3529411764705882]
[6,65.47058823529412,0,0.3529411764705882]
[2,65.6470588235294,0,0.3529411764705882]
[0,65.8235294117647,0,0.3529411764705882]
[4,66,0,0.3529411764705882]
[5,66,0,0.3529411764705882]
[3,66.17647058823529,0,0.3529411764705882]
[8,66.35294117647058,0,0.3529411764705882]
[6,66.52941176470588,0,0.3529411764705882]
[2,66.70588235294117,0,0.3529411764705882]
[1,66.70588235294117,0,0.3529411764705882]
[3,66.87210526315789,0,0.3508771929824561]
[5,67.04754385964912,0,0.3508771929824561]
[6,67.22298245614034,0,0.3508771929824561]
[2,67.39842105263158,0,0.3508771929824561]
[0,67.57385964912281,0,0.3508771929824561]
[5,67.74929824561403,0,0.3508771929824561]
[3,67.92473684210526,0,0.3508771929824561]
[8,68.1001754385965,0,0.3508771929824561]
[6,68.27561403508771,0,0.3508771929824561]
[5,68.45105263157895,0,0.3508771929824561]
[3,68.62649122807018,0,0.3508771929824561]
[2,68.8019298245614,0,0.3508771929824561]
[0,68.97736842105263,0,0.3508771929824561]
[8,69.15280701754386,0,0.3508771929824561]
[6,69.32824561403508,0,0.3508771929824561]
[2,69.48416184971099,0,0.3468208092485549]
[1,69.57086705202313,0,0.3468208092485549]
[3,69.65757225433526,0,0.3468208092485549]
[4,69.74427745664741,0,0.3468208092485549]
[5,69.83098265895954,0,0.3468208092485549]
[0,70.00439306358382,0,0.3468208092485549]
[8,70.1778034682081,1,0.3468208092485549]
[3,70.52462427745665,0,0.3468208092485549]
[5,70.78473988439306,0,0.3468208092485549]
[6,71.04485549132949,0,0.3468208092485549]
[8,71.3049710982659,0,0.3468208092485549]
[3,71.56508670520232,0,0.3468208092485549]
[5,71.7384971098266,0,0.3468208092485549]
[0,71.91190751445087,1,0.3468208092485549]
[2,72.25872832369943,0,0.3468208092485549]
[1,72.34543352601156,0,0.3468208092485549]
[3,72.43213872832371,0,0.3468208092485549]
[4,72.51884393063584,0,0.3468208092485549]
[2,72.60554913294798,0,0.3468208092485549]
[1,72.69225433526012,0,0.3468208092485549]
[3,72.77895953757226,0,0.3468208092485549]
[4,72.8656647398844,0,0.3468208092485549]
[2,72.95236994219654,0,0.3468208092485549]
[1,73.03907514450867,0,0.3468208092485549]
[3,73.12578034682082,0,0.3468208092485549]
[4,73.21248554913295,0,0.3468208092485549]
[8,73.2991907514451,0,0.3468208092485549]
[7,73.38589595375723,0,0.3468208092485549]
[0,73.47260115606937,0,0.3468208092485549]
[1,73.5593063583815,0,0.3468208092485549]
[5,73.64601156069365,0,0.3468208092485549]
[3,73.81942196531793,0,0.3468208092485549]
[8,73.9928323699422,0,0.3468208092485549]
[6,74.16624277456648,0,0.3468208092485549]
[5,74.33965317919076,0,0.3468208092485549]
[3,74.51306358381504,0,0.3468208092485549]
[2,74.68647398843932,1,0.3468208092485549]
[0,75.03329479768787,0,0.3468208092485549]
[1,75.12,0,0.3468208092485549]
[5,75.20670520231215,0,0.3468208092485549]
[4,75.29341040462428,0,0.3468208092485549]
[0,75.38011560693643,0,0.3468208092485549]
[1,75.46682080924856,0,0.3468208092485549]
[5,75.5535260115607,0,0.3468208092485549]
[4,75.64023121387284,0,0.3468208092485549]
[0,75.72693641618496,0,0.3468208092485549]
[1,75.81364161849709,0,0.3468208092485549]
[5,75.90034682080923,0,0.3468208092485549]
[4,75.98705202312136,0,0.3468208092485549]
[6,76.07375722543352,0,0.3468208092485549]
[7,76.16046242774567,0,0.3468208092485549]
[8,76.2471676300578,0,0.3468208092485549]
[3,76.42057803468208,0,0.3468208092485549]
[2,76.59398843930636,0,0.3468208092485549]
[0,76.76739884393064,0,0.3468208092485549]
[5,76.94080924855491,0,0.3468208092485549]
[3,77.11421965317919,0,0.3468208092485549]
[8,77.28763005780347,0,0.3468208092485549]
[6,77.46104046242775,1,0.3468208092485549]
[8,77.8078612716763,0,0.3468208092485549]
[7,77.89456647398845,0,0.3468208092485549]
[3,77.98127167630058,0,0.3468208092485549]
[4,78.06797687861273,0,0.3468208092485549]
[8,78.15468208092486,0,0.3468208092485549]
[7,78.241387283237,0,0.3468208092485549]
[3,78.32809248554913,0,0.3468208092485549]
[4,78.41479768786128,0,0.3468208092485549]
[8,78.50150289017341,0,0.3468208092485549]
[7,78.58820809248556,0,0.3468208092485549]
[3,78.67491329479769,0,0.3468208092485549]
[4,78.76161849710984,0,0.3468208092485549]
[2,78.84832369942197,0,0.3468208092485549]
[1,78.93502890173411,0,0.3468208092485549]
[6,79.02173410404625,0,0.3468208092485549]
[7,79.10843930635839,0,0.3468208092485549]
[8,79.19514450867052,0,0.3468208092485549]
[0,79.3685549132948,0,0.3468208092485549]
[5,79.54196531791908,0,0.3468208092485549]
[3,79.71537572254336,0,0.3468208092485549]
[2,79.88878612716763,0,0.3468208092485549]
[6,80.06219653179191,0,0.3468208092485549]
[8,80.23560693641619,1,0.3468208092485549]
[6,80.58242774566475,0,0.3468208092485549]
[7,80.66913294797689,0,0.3468208092485549]
[5,80.75583815028902,0,0.3468208092485549]
[4,80.84254335260115,0,0.3468208092485549]
[6,80.9292485549133,0,0.3468208092485549]
[7,81.01595375722543,0,0.3468208092485549]
[5,81.10265895953758,0,0.3468208092485549]
[4,81.18936416184971,0,0.3468208092485549]
[6,81.27606936416186,0,0.3468208092485549]
[7,81.36277456647399,0,0.3468208092485549]
[5,81.44947976878613,0,0.3468208092485549]
[4,81.53618497109827,0,0.3468208092485549]
[0,81.62289017341041,0,0.3468208092485549]
[1,81.70959537572254,0,0.3468208092485549]
[8,81.79630057803469,0,0.3468208092485549]
[7,81.88300578034682,0,0.3468208092485549]
[3,81.96971098265897,0,0.3468208092485549]
[2,82.14312138728324,0,0.3468208092485549]
[0,82.31653179190752,0,0.3468208092485549]
[1,82.40323699421965,0,0.3468208092485549]
[5,82.4899421965318,0,0.3468208092485549]
[3,82.66335260115608,0,0.3468208092485549]
[4,82.75005780346821,0,0.3468208092485549]
[8,82.83676300578036,0,0.3468208092485549]
[7,82.92346820809249,0,0.3468208092485549]
[6,83.01017341040463,1,0.3468208092485549]
[2,83.35699421965319,0,0.3468208092485549]
[1,83.44369942196532,0,0.3468208092485549]
[3,83.53040462427747,0,0.3468208092485549]
[4,83.6171098265896,0,0.3468208092485549]
[2,83.70381502890174,0,0.3468208092485549]
[1,83.79052023121388,0,0.3468208092485549]
[3,83.87722543352602,0,0.3468208092485549]
[4,83.96393063583815,0,0.3468208092485549]
[2,84.0506358381503,0,0.3468208092485549]
[1,84.13734104046243,0,0.3468208092485549]
[3,84.22404624277458,0,0.3468208092485549]
[4,84.31075144508671,0,0.3468208092485549]
[8,84.39745664739885,0,0.3468208092485549]
[7,84.48416184971099,0,0.3468208092485549]
[0,84.57086705202313,0,0.3468208092485549]
[1,84.65757225433526,0,0.3468208092485549]
[5,84.74427745664741,1,0.17341040462427745]
[6,84.91768786127169,1,0.17341040462427745]
[8,85.09109826589597,1,0.17341040462427745]
[3,85.26450867052024,1,0.17341040462427745]
[2,85.43791907514452,1,0.17341040462427745]
[0,85.6113294797688,1,0.17341040462427745]
[5,85.78473988439306,1,0.3468208092485549]
[3,86.13156069364162,0,0.3468208092485549]
[4,86.21826589595376,0,0.3468208092485549]
[8,86.3049710982659,0,0.3468208092485549]
[7,86.39167630057804,0,0.3468208092485549]
[3,86.47838150289017,0,0.3468208092485549]
[4,86.56508670520232,0,0.3468208092485549]
[8,86.65179190751445,0,0.3468208092485549]
[7,86.7384971098266,0,0.3468208092485549]
[3,86.82520231213873,0,0.3468208092485549]
[4,86.91190751445087,0,0.3468208092485549]
[8,86.998612716763,0,0.3468208092485549]
[7,87.08531791907515,0,0.3468208092485549]
[0,87.17202312138728,0,0.3468208092485549]
[1,87.25872832369943,0,0.3468208092485549]
[5,87.34543352601156,0,0.3468208092485549]
[4,87.43213872832371,0,0.3468208092485549]
[6,87.51884393063584,1,0.17341040462427745]
[2,87.69225433526012,0,0.17341040462427745]
[3,87.8656647398844,0,0.17341040462427745]
[8,88.03907514450867,1,0.17341040462427745]
[0,88.21248554913295,0,0.17341040462427745]
[5,88.38589595375723,1,0.17341040462427745]
[3,88.5593063583815,1,0.3468208092485549]
[2,88.90612716763006,0,0.3468208092485549]
[1,88.9928323699422,0,0.3468208092485549]
[6,89.07953757225434,0,0.3468208092485549]
[7,89.16624277456648,0,0.3468208092485549]
[2,89.25294797687862,0,0.3468208092485549]
[1,89.33965317919076,0,0.3468208092485549]
[6,89.4263583815029,0,0.3468208092485549]
[7,89.51306358381504,0,0.3468208092485549]
[2,89.59976878612717,0,0.3468208092485549]
[1,89.68647398843932,0,0.3468208092485549]
[6,89.77317919075145,0,0.3468208092485549]
[7,89.8598843930636,0,0.3468208092485549]
[5,89.94658959537573,0,0.3468208092485549]
[4,90.03329479768787,0,0.3468208092485549]
[0,90.12,0,0.3468208092485549]
[1,90.20670520231215,0,0.3468208092485549]
[8,90.29341040462428,1,0.17341040462427745]
[3,90.46682080924856,1,0.17341040462427745]
[2,90.64023121387284,1,0.17341040462427745]
[0,90.81364161849712,1,0.17341040462427745]
[5,90.9870520231214,1,0.17341040462427745]
[6,91.16046242774567,1,0.17341040462427745]
[8,91.33387283236995,1,0.3468208092485549]
[0,91.6806936416185,0,0.3468208092485549]
[1,91.76739884393064,0,0.3468208092485549]
[5,91.85410404624278,0,0.3468208092485549]
[4,91.94080924855491,0,0.3468208092485549]
[0,92.02751445086706,0,0.3468208092485549]
[1,92.11421965317919,0,0.3468208092485549]
[5,92.20092485549134,0,0.3468208092485549]
[4,92.28763005780347,0,0.3468208092485549]
[0,92.37433526011561,0,0.3468208092485549]
[1,92.46104046242775,0,0.3468208092485549]
[5,92.54774566473989,0,0.3468208092485549]
[4,92.63445086705202,0,0.3468208092485549]
[6,92.72115606936417,0,0.3468208092485549]
[7,92.8078612716763,0,0.3468208092485549]
[2,92.89456647398845,0,0.3468208092485549]
[1,92.98127167630058,0,0.3468208092485549]
[3,93.06797687861273,1,0.17341040462427745]
[5,93.241387283237,1,0.17341040462427745]
[0,93.41479768786128,1,0.17341040462427745]
[8,93.58820809248556,1,0.17341040462427745]
[6,93.76161849710984,1,0.17341040462427745]
[2,93.93502890173411,1,0.17341040462427745]
[3,94.10843930635839,1,0.3468208092485549]
[8,94.45526011560695,0,0.3468208092485549]
[7,94.54196531791908,0,0.3468208092485549]
[6,94.62867052023122,0,0.3468208092485549]
[7,94.71537572254336,0,0.3468208092485549]
[5,94.8020809248555,0,0.3468208092485549]
[4,94.88878612716763,0,0.3468208092485549]
[3,94.97549132947978,0,0.3468208092485549]
[4,95.06219653179191,0,0.3468208092485549]
[2,95.14890173410406,0,0.3468208092485549]
[1,95.23560693641619,0,0.3468208092485549]
[0,95.32231213872834,0,0.3468208092485549]
[1,95.40901734104047,0,0.3468208092485549]
[8,95.49572254335261,0,0.3468208092485549]
[7,95.58242774566475,0,0.3468208092485549]
[3,95.66913294797689,0,0.3468208092485549]
[4,95.75583815028902,0,0.3468208092485549]
[5,95.84254335260115,1,0.17341040462427745]
[1,96.01595375722543,1,0.17341040462427745]
[3,96.18936416184971,1,0.17341040462427745]
[7,96.36277456647399,1,0.17341040462427745]
[2,96.53618497109827,1,0.17341040462427745]
[0,96.70959537572254,1,0.17341040462427745]
[8,96.88300578034682,1,0.3468208092485549]
[0,97.22982658959538,0,0.3468208092485549]
[1,97.31653179190752,0,0.3468208092485549]
[2,97.40323699421965,0,0.3468208092485549]
[1,97.4899421965318,0,0.3468208092485549]
[3,97.57664739884393,0,0.3468208092485549]
[4,97.66335260115608,0,0.3468208092485549]
[5,97.75005780346821,0,0.3468208092485549]
[4,97.83676300578036,0,0.3468208092485549]
[6,97.92346820809249,0,0.3468208092485549]
[7,98.01017341040463,0,0.3468208092485549]
[8,98.09687861271676,0,0.3468208092485549]
[7,98.18358381502891,0,0.3468208092485549]
[0,98.27028901734104,0,0.3468208092485549]
[1,98.35699421965319,0,0.3468208092485549]
[5,98.44369942196532,0,0.3468208092485549]
[4,98.53040462427747,0,0.3468208092485549]
[3,98.6171098265896,1,0.17341040462427745]
[7,98.79052023121388,1,0.17341040462427745]
[2,98.96393063583815,1,0.17341040462427745]
[4,99.13734104046243,1,0.17341040462427745]
[6,99.31075144508671,1,0.17341040462427745]
[5,99.48416184971099,1,0.17341040462427745]
[0,99.65757225433526,1,0.3468208092485549]
[2,100.00439306358382,0,0.3468208092485549]
[1,100.09109826589597,0,0.3468208092485549]
[3,100.1778034682081,0,0.3468208092485549]
[4,100.26450867052024,0,0.3468208092485549]
[8,100.35121387283237,0,0.3468208092485549]
[7,100.43791907514452,0,0.3468208092485549]
[6,100.52462427745665,0,0.3468208092485549]
[7,100.6113294797688,0,0.3468208092485549]
[5,100.69803468208093,0,0.3468208092485549]
[4,100.78473988439308,0,0.3468208092485549]
[3,100.87144508670521,0,0.3468208092485549]
[4,100.95815028901734,0,0.3468208092485549]
[2,101.04485549132949,0,0.3468208092485549]
[1,101.13156069364162,0,0.3468208092485549]
[0,101.21826589595376,0,0.3468208092485549]
[1,101.3049710982659,0,0.3468208092485549]
[5,101.39167630057804,1,0.17341040462427745]
[3,101.56508670520232,1,0.17341040462427745]
[7,101.7384971098266,1,0.17341040462427745]
[6,101.91190751445087,1,0.17341040462427745]
[8,102.08531791907515,1,0.17341040462427745]
[4,102.25872832369943,1,0.17341040462427745]
[0,102.43213872832371,1,0.17341040462427745]
[2,102.60554913294798,1,0.17341040462427745]
[6,102.77895953757226,0,0.17341040462427745]
[7,102.8656647398844,0,0.17341040462427745]
[5,102.95236994219654,0,0.17341040462427745]
[4,103.03907514450867,0,0.17341040462427745]
[0,103.12578034682082,0,0.17341040462427745]
[1,103.21248554913295,0,0.17341040462427745]
[8,103.2991907514451,0,0.17341040462427745]
[7,103.38589595375723,0,0.17341040462427745]
[3,103.47260115606937,0,0.17341040462427745]
[4,103.5593063583815,0,0.17341040462427745]
[2,103.64601156069365,0,0.17341040462427745]
[1,103.73271676300578,0,0.17341040462427745]
[6,103.81942196531793,0,0.17341040462427745]
[7,103.90612716763006,0,0.17341040462427745]
[5,103.9928323699422,0,0.17341040462427745]
[4,104.07953757225434,0,0.17341040462427745]
[3,104.16624277456648,1,0.17341040462427745]
[8,104.33965317919076,1,0.17341040462427745]
[0,104.51306358381504,0,0.17341040462427745]
[1,104.59976878612717,0,0.17341040462427745]
[2,104.68647398843932,0,0.17341040462427745]
[1,104.77317919075145,0,0.17341040462427745]
[3,104.8598843930636,0,0.17341040462427745]
[4,104.94658959537573,0,0.17341040462427745]
[5,105.03329479768787,0,0.17341040462427745]
[4,105.12,0,0.17341040462427745]
[6,105.20670520231215,0,0.17341040462427745]