[3,0.5263157894736843,0,0.5263157894736842]
[4,2.6315789473684212,0,0.5263157894736842]
[5,4.736842105263158,0,0.5263157894736842]
[4,6.842105263157896,0,0.5263157894736842]
[0,8.947368421052632,0,0.5263157894736842]
[1,11.05263157894737,0,0.5263157894736842]
[2,13.157894736842106,0,0.5263157894736842]
[4,15.263157894736844,0,0.5263157894736842]
[6,17.368421052631582,0,0.5263157894736842]
[7,19.47368421052632,0,0.5263157894736842]
[5,21.578947368421055,0,0.5263157894736842]
[1,23.68421052631579,0,0.5263157894736842]
[3,25.78947368421053,0,0.5263157894736842]
[4,27.894736842105267,0,0.5263157894736842]
[5,30.000000000000004,0,0.5263157894736842]
[7,32.10526315789474,0,0.5263157894736842]
[3,34.21052631578948,0,0.5263157894736842]
[5,36.31578947368421,0,0.5263157894736842]
[0,38.42105263157895,0,0.5263157894736842]
[2,40.52631578947369,0,0.5263157894736842]
[4,42.631578947368425,0,0.5263157894736842]
[6,44.736842105263165,0,0.5263157894736842]
[7,46.8421052631579,0,0.5263157894736842]
[8,48.94736842105264,0,0.5263157894736842]
[5,51.05263157894738,0,0.5263157894736842]
[3,53.15789473684211,0,0.5263157894736842]
[4,55.26315789473685,0,0.5263157894736842]
[5,57.36842105263159,0,0.5263157894736842]
[2,59.47368421052632,0,0.5263157894736842]