[0,0,0,0.4347826086956522]
[3,0.4347826086956522,0,0.4347826086956522]
[5,0.7608695652173914,0,0.4347826086956522]
[6,0.9782608695652175,0,0.4347826086956522]
[7,1.0869565217391306,0,0.4347826086956522]
[0,1.3043478260869565,0,0.4347826086956522]
[1,1.5217391304347827,0,0.4347826086956522]
[6,1.7391304347826089,0,0.4347826086956522]
[3,2.173913043478261,0,0.4347826086956522]
[5,2.5,0,0.4347826086956522]
[0,2.717391304347826,0,0.4347826086956522]
[1,2.8260869565217392,0,0.4347826086956522]
[6,3.0434782608695654,0,0.4347826086956522]
[7,3.2608695652173916,0,0.4347826086956522]
[0,3.4782608695652177,0,0.4347826086956522]
[1,3.695652173913044,0,0.4347826086956522]
[2,3.91304347826087,0,0.4347826086956522]
[3,4.130434782608696,0,0.4347826086956522]
[5,4.239130434782609,0,0.4347826086956522]
[6,4.4565217391304355,0,0.4347826086956522]
[8,4.565217391304349,0,0.4347826086956522]
[0,4.782608695652175,1,0.2173913043478261]
[2,5,1,0.6521739130434783]
[0,6.086956521739131,0,0.7608695652173914]
[2,6.086956521739131,0,0.7608695652173914]
[6,6.521739130434783,0,0.7608695652173914]
[8,6.521739130434783,0,0.7608695652173914]
[0,6.9565217391304355,0,0.4347826086956522]
[3,7.391304347826088,0,0.4347826086956522]
[5,7.717391304347827,0,0.4347826086956522]
[6,7.934782608695653,0,0.4347826086956522]
[7,8.043478260869566,0,0.4347826086956522]
[0,8.260869565217392,0,0.4347826086956522]
[1,8.478260869565219,0,0.4347826086956522]
[6,8.695652173913045,0,0.4347826086956522]
[3,9.130434782608697,0,0.4347826086956522]
[5,9.456521739130435,0,0.4347826086956522]
[0,9.673913043478262,0,0.4347826086956522]
[1,9.782608695652176,0,0.4347826086956522]
[6,10,0,0.4347826086956522]
[7,10.217391304347828,0,0.4347826086956522]
[0,10.434782608695652,0,0.4347826086956522]
[1,10.65217391304348,0,0.4347826086956522]
[2,10.869565217391305,0,0.4347826086956522]
[3,11.086956521739133,0,0.4347826086956522]
[5,11.195652173913045,0,0.4347826086956522]
[6,11.413043478260871,0,0.4347826086956522]
[7,11.521739130434783,0,0.6521739130434783]
[8,11.73913043478261,0,0.6521739130434783]
[0,11.956521739130435,0,0.7608695652173914]
[1,11.956521739130435,0,0.7608695652173914]
[5,12.173913043478262,0,0.7608695652173914]
[4,12.173913043478262,0,0.7608695652173914]
[7,12.391304347826088,0,0.7608695652173914]
[6,12.391304347826088,0,0.7608695652173914]
[2,12.608695652173914,0,0.7608695652173914]
[1,12.608695652173914,0,0.7608695652173914]
[7,12.82608695652174,0,0.7608695652173914]
[6,12.82608695652174,0,0.7608695652173914]
[4,13.043478260869566,1,0.7608695652173914]
[2,13.913043478260871,0,0.4347826086956522]
[1,13.967391304347828,0,0.4347826086956522]
[3,14.021739130434783,0,0.4347826086956522]
[4,14.07608695652174,0,0.4347826086956522]
[2,14.130434782608697,0,0.4347826086956522]
[1,14.184782608695654,0,0.4347826086956522]
[3,14.23913043478261,0,0.4347826086956522]
[4,14.293478260869566,0,0.4347826086956522]
[5,14.347826086956523,0,0.4347826086956522]
[4,14.402173913043478,0,0.4347826086956522]
[6,14.456521739130435,0,0.4347826086956522]
[7,14.510869565217392,0,0.4347826086956522]
[5,14.56521739130435,0,0.4347826086956522]
[4,14.619565217391305,0,0.4347826086956522]
[0,14.673913043478262,0,0.4347826086956522]
[1,14.728260869565219,0,0.4347826086956522]
[5,14.782608695652176,0,0.4347826086956522]
[4,14.83695652173913,0,0.4347826086956522]
[6,14.891304347826088,0,0.4347826086956522]
[7,14.945652173913045,0,0.4347826086956522]
[5,15.000000000000002,0,0.4347826086956522]
[4,15.054347826086957,0,0.4347826086956522]
[0,15.108695652173914,0,0.4347826086956522]
[1,15.163043478260871,0,0.4347826086956522]
[8,15.217391304347828,0,0.4347826086956522]
[7,15.271739130434783,0,0.4347826086956522]
[3,15.32608695652174,0,0.4347826086956522]
[4,15.380434782608697,0,0.4347826086956522]
[2,15.434782608695654,0,0.4347826086956522]
[1,15.48913043478261,0,0.4347826086956522]
[3,15.543478260869566,0,0.4347826086956522]
[4,15.597826086956523,0,0.4347826086956522]
[8,15.65217391304348,0,0.4347826086956522]
[7,15.706521739130435,0,0.4347826086956522]
[3,15.760869565217392,0,0.4347826086956522]
[4,15.81521739130435,0,0.4347826086956522]
[8,15.869565217391306,0,0.4347826086956522]
[7,15.923913043478262,0,0.4347826086956522]
[3,15.978260869565219,0,0.4347826086956522]
[4,16.032608695652176,0,0.4347826086956522]
[5,16.086956521739133,0,0.4347826086956522]
[4,16.14130434782609,0,0.4347826086956522]
[3,16.195652173913043,0,0.4347826086956522]
[4,16.25,0,0.4347826086956522]
[5,16.304347826086957,0,0.4347826086956522]
[4,16.358695652173914,0,0.4347826086956522]
[3,16.41304347826087,0,0.4347826086956522]
[4,16.467391304347828,0,0.4347826086956522]
[8,16.521739130434785,0,0.4347826086956522]
[7,16.576086956521742,0,0.4347826086956522]
[0,16.630434782608695,0,0.4347826086956522]
[1,16.684782608695652,0,0.4347826086956522]
[5,16.73913043478261,0,0.4347826086956522]
[4,16.793478260869566,0,0.4347826086956522]
[6,16.847826086956523,0,0.4347826086956522]
[7,16.90217391304348,0,0.4347826086956522]
[8,16.956521739130437,0,0.4347826086956522]
[7,17.010869565217394,0,0.4347826086956522]
[6,17.065217391304348,0,0.4347826086956522]
[7,17.119565217391305,0,0.4347826086956522]
[5,17.17391304347826,0,0.4347826086956522]
[4,17.22826086956522,0,0.4347826086956522]
[6,17.282608695652176,0,0.4347826086956522]
[7,17.336956521739133,0,0.4347826086956522]
[2,17.39130434782609,0,0.4347826086956522]
[1,17.445652173913047,0,0.4347826086956522]
[3,17.5,0,0.4347826086956522]
[4,17.554347826086957,0,0.4347826086956522]
[5,17.608695652173914,0,0.4347826086956522]
[4,17.66304347826087,0,0.4347826086956522]
[6,17.717391304347828,0,0.4347826086956522]
[7,17.771739130434785,0,0.4347826086956522]
[8,17.826086956521742,0,0.4347826086956522]
[7,17.880434782608695,0,0.4347826086956522]
[6,17.934782608695652,0,0.4347826086956522]
[7,17.98913043478261,0,0.4347826086956522]
[5,18.043478260869566,0,0.4347826086956522]
[4,18.097826086956523,0,0.4347826086956522]
[0,18.15217391304348,0,0.4347826086956522]
[1,18.206521739130437,0,0.4347826086956522]
[2,18.260869565217394,0,0.4347826086956522]
[1,18.315217391304348,0,0.4347826086956522]
[3,18.369565217391305,0,0.4347826086956522]
[4,18.42391304347826,0,0.4347826086956522]
[8,18.47826086956522,0,0.4347826086956522]
[7,18.532608695652176,0,0.4347826086956522]
[3,18.586956521739133,0,0.4347826086956522]
[4,18.64130434782609,0,0.4347826086956522]
[5,18.695652173913047,0,0.4347826086956522]
[4,18.75,0,0.4347826086956522]
[3,18.804347826086957,0,0.4347826086956522]
[4,18.858695652173914,0,0.4347826086956522]
[2,18.91304347826087,0,0.4347826086956522]
[1,18.967391304347828,0,0.4347826086956522]
[3,19.021739130434785,0,0.4347826086956522]
[4,19.076086956521742,0,0.4347826086956522]
[2,19.1304347826087,0,0.4347826086956522]
[1,19.184782608695652,0,0.4347826086956522]
[3,19.23913043478261,0,0.4347826086956522]
[4,19.293478260869566,0,0.4347826086956522]
[2,19.347826086956523,0,0.4347826086956522]
[1,19.40217391304348,0,0.4347826086956522]
[3,19.456521739130437,0,0.4347826086956522]
[4,19.510869565217394,0,0.4347826086956522]
[2,19.565217391304348,0,0.4347826086956522]
[1,19.619565217391305,0,0.4347826086956522]
[3,19.67391304347826,0,0.4347826086956522]
[4,19.72826086956522,0,0.4347826086956522]
[2,19.782608695652176,0,0.4347826086956522]
[1,19.836956521739133,0,0.4347826086956522]
[3,19.89130434782609,0,0.4347826086956522]
[4,19.945652173913047,0,0.4347826086956522]
[5,20,0,0.4347826086956522]
[4,20.054347826086957,0,0.4347826086956522]
[6,20.108695652173914,0,0.4347826086956522]
[7,20.16304347826087,0,0.4347826086956522]
[5,20.217391304347828,0,0.4347826086956522]
[4,20.271739130434785,0,0.4347826086956522]
[6,20.326086956521742,0,0.4347826086956522]
[7,20.3804347826087,0,0.4347826086956522]
[8,20.434782608695652,0,0.4347826086956522]
[7,20.48913043478261,0,0.4347826086956522]
[6,20.543478260869566,0,0.4347826086956522]
[7,20.597826086956523,0,0.4347826086956522]
[8,20.65217391304348,0,0.4347826086956522]
[7,20.706521739130437,0,0.4347826086956522]
[6,20.760869565217394,0,0.4347826086956522]
[7,20.815217391304348,0,0.4347826086956522]
[2,20.8695652173913,0,0.4347826086956522]
[1,20.923913043478258,0,0.4347826086956522]
[3,20.97826086956521,0,0.4347826086956522]
[4,21.032608695652172,0,0.4347826086956522]
[2,21.086956521739125,0,0.4347826086956522]
[1,21.141304347826086,0,0.4347826086956522]
[3,21.19565217391304,0,0.4347826086956522]
[4,21.249999999999996,0,0.4347826086956522]
[5,21.304347826086953,0,0.4347826086956522]
[4,21.358695652173907,0,0.4347826086956522]
[6,21.413043478260867,0,0.4347826086956522]
[7,21.46739130434782,0,0.4347826086956522]
[5,21.52173913043478,0,0.4347826086956522]
[4,21.576086956521735,0,0.4347826086956522]
[0,21.630434782608692,0,0.4347826086956522]
[1,21.68478260869565,0,0.4347826086956522]
[5,21.739130434782606,0,0.4347826086956522]
[4,21.793478260869563,0,0.4347826086956522]
[6,21.847826086956516,0,0.4347826086956522]
[7,21.902173913043477,0,0.4347826086956522]
[5,21.95652173913043,0,0.4347826086956522]
[4,22.010869565217387,0,0.4347826086956522]
[0,22.065217391304344,0,0.4347826086956522]
[1,22.1195652173913,0,0.4347826086956522]
[8,22.173913043478258,0,0.4347826086956522]
[7,22.22826086956521,0,0.4347826086956522]
[3,22.282608695652172,0,0.4347826086956522]
[4,22.336956521739125,0,0.4347826086956522]
[2,22.391304347826086,0,0.4347826086956522]
[1,22.44565217391304,0,0.4347826086956522]
[3,22.499999999999996,0,0.4347826086956522]
[4,22.554347826086953,0,0.4347826086956522]
[8,22.60869565217391,0,0.4347826086956522]
[7,22.663043478260867,0,0.4347826086956522]
[3,22.71739130434782,0,0.4347826086956522]
[4,22.77173913043478,0,0.4347826086956522]
[8,22.826086956521735,0,0.4347826086956522]
[7,22.880434782608692,0,0.4347826086956522]
[3,22.93478260869565,0,0.4347826086956522]
[4,22.989130434782606,0,0.4347826086956522]
[5,23.043478260869563,0,0.4347826086956522]
[4,23.09782608695652,0,0.4347826086956522]
[3,23.152173913043473,0,0.4347826086956522]
[4,23.20652173913043,0,0.4347826086956522]
[5,23.260869565217387,0,0.4347826086956522]
[4,23.315217391304344,0,0.4347826086956522]
[3,23.3695652173913,0,0.4347826086956522]
[4,23.423913043478258,0,0.4347826086956522]
[8,23.478260869565215,0,0.4347826086956522]
[7,23.532608695652172,0,0.4347826086956522]
[0,23.586956521739125,0,0.4347826086956522]
[1,23.641304347826082,0,0.4347826086956522]
[5,23.69565217391304,0,0.4347826086956522]
[4,23.749999999999996,0,0.4347826086956522]
[6,23.804347826086953,0,0.4347826086956522]
[7,23.85869565217391,0,0.4347826086956522]
[8,23.913043478260867,0,0.4347826086956522]
[7,23.967391304347824,0,0.4347826086956522]
[6,24.021739130434778,0,0.4347826086956522]
[7,24.076086956521735,0,0.4347826086956522]
[5,24.130434782608692,0,0.4347826086956522]
[4,24.18478260869565,0,0.4347826086956522]
[6,24.239130434782606,0,0.4347826086956522]
[7,24.293478260869563,0,0.4347826086956522]
[2,24.34782608695652,0,0.4347826086956522]
[1,24.402173913043477,0,0.4347826086956522]
[3,24.45652173913043,0,0.4347826086956522]
[4,24.510869565217387,0,0.4347826086956522]
[5,24.565217391304344,0,0.4347826086956522]
[4,24.6195652173913,0,0.4347826086956522]
[6,24.673913043478258,0,0.4347826086956522]
[7,24.728260869565215,0,0.4347826086956522]
[8,24.782608695652172,0,0.4347826086956522]
[7,24.836956521739125,0,0.4347826086956522]
[6,24.891304347826082,0,0.4347826086956522]
[7,24.94565217391304,0,0.4347826086956522]
[5,24.999999999999996,0,0.4347826086956522]
[4,25.054347826086953,0,0.4347826086956522]
[0,25.10869565217391,0,0.4347826086956522]
[1,25.163043478260867,0,0.4347826086956522]
[2,25.217391304347824,0,0.4347826086956522]
[1,25.271739130434778,0,0.4347826086956522]
[3,25.326086956521735,0,0.4347826086956522]
[4,25.380434782608692,0,0.4347826086956522]
[8,25.43478260869565,0,0.4347826086956522]
[7,25.489130434782606,0,0.4347826086956522]
[3,25.543478260869563,0,0.4347826086956522]
[4,25.59782608695652,0,0.4347826086956522]
[5,25.652173913043477,0,0.4347826086956522]
[4,25.70652173913043,0,0.4347826086956522]
[3,25.760869565217387,0,0.4347826086956522]
[4,25.815217391304344,0,0.4347826086956522]
[2,25.8695652173913,0,0.4347826086956522]
[1,25.923913043478258,0,0.4347826086956522]
[3,25.978260869565215,0,0.4347826086956522]
[4,26.032608695652172,0,0.4347826086956522]
[2,26.08695652173913,0,0.4347826086956522]
[1,26.141304347826082,0,0.4347826086956522]
[3,26.19565217391304,0,0.4347826086956522]
[4,26.249999999999996,0,0.4347826086956522]
[2,26.304347826086953,0,0.4347826086956522]
[1,26.35869565217391,0,0.4347826086956522]
[3,26.413043478260867,0,0.4347826086956522]
[4,26.467391304347824,0,0.4347826086956522]
[2,26.521739130434778,0,0.4347826086956522]
[1,26.576086956521735,0,0.4347826086956522]
[3,26.630434782608692,0,0.4347826086956522]
[4,26.68478260869565,0,0.4347826086956522]
[2,26.739130434782606,0,0.4347826086956522]
[1,26.793478260869563,0,0.4347826086956522]
[3,26.84782608695652,0,0.4347826086956522]
[4,26.902173913043477,0,0.4347826086956522]
[5,26.95652173913043,0,0.4347826086956522]
[4,27.010869565217387,0,0.4347826086956522]
[6,27.065217391304344,0,0.4347826086956522]
[7,27.1195652173913,0,0.4347826086956522]
[5,27.173913043478258,0,0.4347826086956522]
[4,27.228260869565215,0,0.4347826086956522]
[6,27.282608695652172,0,0.4347826086956522]
[7,27.33695652173913,0,0.4347826086956522]
[8,27.391304347826082,0,0.4347826086956522]
[7,27.44565217391304,0,0.4347826086956522]
[6,27.499999999999996,0,0.4347826086956522]
[7,27.554347826086953,0,0.4347826086956522]
[8,27.60869565217391,0,0.4347826086956522]
[7,27.663043478260867,0,0.4347826086956522]
[6,27.717391304347824,0,0.4347826086956522]
[7,27.771739130434778,0,0.4347826086956522]
[2,27.826086956521742,0,0.4347826086956522]
[1,27.8804347826087,0,0.4347826086956522]
[3,27.934782608695656,0,0.4347826086956522]
[4,27.98913043478261,0,0.4347826086956522]
[5,28.043478260869566,0,0.4347826086956522]
[4,28.097826086956523,0,0.4347826086956522]
[6,28.15217391304348,0,0.4347826086956522]
[7,28.206521739130437,0,0.4347826086956522]
[2,28.260869565217394,0,0.4347826086956522]
[1,28.31521739130435,0,0.4347826086956522]
[3,28.369565217391308,0,0.4347826086956522]
[4,28.42391304347826,0,0.4347826086956522]
[5,28.47826086956522,0,0.4347826086956522]
[4,28.532608695652176,0,0.4347826086956522]
[6,28.586956521739133,0,0.4347826086956522]
[7,28.64130434782609,0,0.4347826086956522]
[2,28.695652173913047,0,0.4347826086956522]
[1,28.750000000000004,0,0.4347826086956522]
[3,28.804347826086957,0,0.4347826086956522]
[4,28.858695652173914,0,0.4347826086956522]
[2,28.91304347826087,0,0.4347826086956522]
[1,28.967391304347828,0,0.4347826086956522]
[3,29.021739130434785,0,0.4347826086956522]
[4,29.076086956521742,0,0.4347826086956522]
[5,29.1304347826087,0,0.4347826086956522]
[4,29.184782608695656,0,0.4347826086956522]
[6,29.23913043478261,0,0.4347826086956522]
[7,29.293478260869566,0,0.4347826086956522]
[5,29.347826086956523,0,0.4347826086956522]
[4,29.40217391304348,0,0.4347826086956522]
[6,29.456521739130437,0,0.4347826086956522]
[7,29.510869565217394,0,0.4347826086956522]
[0,29.56521739130435,0,0.4347826086956522]
[1,29.619565217391308,0,0.4347826086956522]
[5,29.67391304347826,0,0.4347826086956522]
[4,29.72826086956522,0,0.4347826086956522]
[3,29.782608695652176,0,0.4347826086956522]
[4,29.836956521739133,0,0.4347826086956522]
[8,29.89130434782609,0,0.4347826086956522]
[7,29.945652173913047,0,0.4347826086956522]
[0,30.000000000000004,0,0.4347826086956522]
[1,30.05434782608696,0,0.4347826086956522]
[5,30.108695652173914,0,0.4347826086956522]
[4,30.16304347826087,0,0.4347826086956522]
[3,30.217391304347828,0,0.4347826086956522]
[4,30.271739130434785,0,0.4347826086956522]
[8,30.326086956521742,0,0.4347826086956522]
[7,30.3804347826087,0,0.4347826086956522]
[0,30.434782608695656,0,0.4347826086956522]
[1,30.48913043478261,0,0.4347826086956522]
[5,30.543478260869566,0,0.4347826086956522]
[4,30.597826086956523,0,0.4347826086956522]
[3,30.65217391304348,0,0.4347826086956522]
[4,30.706521739130437,0,0.4347826086956522]
[8,30.760869565217394,0,0.4347826086956522]
[7,30.81521739130435,0,0.4347826086956522]
[0,30.869565217391308,0,0.4347826086956522]
[1,30.92391304347826,0,0.4347826086956522]
[5,30.97826086956522,0,0.4347826086956522]
[4,31.032608695652176,0,0.4347826086956522]
[0,31.086956521739133,0,0.4347826086956522]
[1,31.14130434782609,0,0.4347826086956522]
[5,31.195652173913047,0,0.4347826086956522]
[4,31.250000000000004,0,0.4347826086956522]
[0,31.30434782608696,0,0.4347826086956522]
[1,31.358695652173914,0,0.4347826086956522]
[2,31.41304347826087,0,0.4347826086956522]
[1,31.467391304347828,0,0.4347826086956522]
[3,31.521739130434785,0,0.4347826086956522]
[4,31.576086956521742,0,0.4347826086956522]
[5,31.6304347826087,0,0.4347826086956522]
[4,31.684782608695656,0,0.4347826086956522]
[6,31.739130434782613,0,0.4347826086956522]
[7,31.793478260869566,0,0.4347826086956522]
[8,31.847826086956523,0,0.4347826086956522]
[7,31.90217391304348,0,0.4347826086956522]
[3,31.956521739130437,0,0.4347826086956522]
[4,32.01086956521739,0,0.4347826086956522]
[5,32.06521739130435,0,0.4347826086956522]
[4,32.119565217391305,0,0.4347826086956522]
[0,32.173913043478265,0,0.4347826086956522]
[1,32.22826086956522,0,0.4347826086956522]
[2,32.28260869565218,0,0.4347826086956522]
[1,32.33695652173913,0,0.4347826086956522]
[0,32.391304347826086,0,0.4347826086956522]
[1,32.44565217391305,0,0.4347826086956522]
[2,32.5,0,0.4347826086956522]
[1,32.55434782608696,0,0.4347826086956522]
[3,32.608695652173914,0,0.4347826086956522]
[4,32.663043478260875,0,0.4347826086956522]
[5,32.71739130434783,0,0.4347826086956522]
[4,32.77173913043479,0,0.4347826086956522]
[3,32.82608695652174,0,0.4347826086956522]
[4,32.880434782608695,0,0.4347826086956522]
[5,32.934782608695656,0,0.4347826086956522]
[4,32.98913043478261,0,0.4347826086956522]
[2,33.04347826086957,0,0.4347826086956522]
[1,33.09782608695652,0,0.4347826086956522]
[3,33.152173913043484,0,0.4347826086956522]
[4,33.20652173913044,0,0.4347826086956522]
[5,33.26086956521739,0,0.4347826086956522]
[4,33.31521739130435,0,0.4347826086956522]
[6,33.369565217391305,0,0.4347826086956522]
[7,33.423913043478265,0,0.4347826086956522]
[2,33.47826086956522,0,0.4347826086956522]
[1,33.53260869565218,0,0.4347826086956522]
[3,33.58695652173913,0,0.4347826086956522]
[4,33.641304347826086,0,0.4347826086956522]
[5,33.69565217391305,0,0.4347826086956522]
[4,33.75,0,0.4347826086956522]
[6,33.80434782608696,0,0.4347826086956522]
[7,33.858695652173914,0,0.4347826086956522]
[8,33.913043478260875,1,0.32608695652173914]
[3,34.23913043478261,0,0.32608695652173914]
[4,34.29347826086957,0,0.32608695652173914]
[5,34.34782608695652,1,0.32608695652173914]
[2,34.782608695652165,0,0.4347826086956522]
[1,34.836956521739125,0,0.4347826086956522]
[3,34.89130434782608,0,0.4347826086956522]
[4,34.94565217391303,0,0.4347826086956522]
[5,34.999999999999986,0,0.4347826086956522]
[4,35.054347826086946,0,0.4347826086956522]
[6,35.10869565217391,0,0.4347826086956522]
[7,35.16304347826086,0,0.4347826086956522]
[2,35.217391304347814,0,0.4347826086956522]
[1,35.271739130434774,0,0.4347826086956522]
[3,35.326086956521735,0,0.4347826086956522]
[4,35.38043478260869,0,0.4347826086956522]
[5,35.43478260869564,0,0.4347826086956522]
[4,35.489130434782595,0,0.4347826086956522]
[6,35.543478260869556,0,0.4347826086956522]
[7,35.597826086956516,0,0.4347826086956522]
[2,35.65217391304347,0,0.4347826086956522]
[1,35.70652173913042,0,0.4347826086956522]
[3,35.76086956521738,0,0.4347826086956522]
[4,35.81521739130434,0,0.4347826086956522]
[2,35.8695652173913,0,0.4347826086956522]
[1,35.92391304347825,0,0.4347826086956522]
[3,35.978260869565204,0,0.4347826086956522]
[4,36.032608695652165,0,0.4347826086956522]
[5,36.086956521739125,0,0.4347826086956522]
[4,36.14130434782608,0,0.4347826086956522]
[6,36.19565217391303,0,0.4347826086956522]
[7,36.249999999999986,0,0.4347826086956522]
[5,36.304347826086946,0,0.4347826086956522]
[4,36.35869565217391,0,0.4347826086956522]
[6,36.41304347826086,0,0.4347826086956522]
[7,36.467391304347814,0,0.4347826086956522]
[0,36.521739130434774,0,0.4347826086956522]
[1,36.576086956521735,0,0.4347826086956522]
[5,36.63043478260869,0,0.4347826086956522]
[4,36.68478260869564,0,0.4347826086956522]
[3,36.739130434782595,0,0.4347826086956522]
[4,36.793478260869556,0,0.4347826086956522]
[8,36.847826086956516,0,0.4347826086956522]
[7,36.90217391304347,0,0.4347826086956522]
[0,36.95652173913042,0,0.4347826086956522]
[1,37.010869565217384,0,0.4347826086956522]
[5,37.06521739130434,0,0.4347826086956522]
[4,37.1195652173913,0,0.4347826086956522]
[3,37.17391304347825,0,0.4347826086956522]
[4,37.228260869565204,0,0.4347826086956522]
[8,37.282608695652165,0,0.4347826086956522]
[7,37.336956521739125,0,0.4347826086956522]
[0,37.39130434782608,0,0.4347826086956522]
[1,37.44565217391303,0,0.4347826086956522]
[5,37.499999999999986,0,0.4347826086956522]
[4,37.554347826086946,0,0.4347826086956522]
[3,37.60869565217391,0,0.4347826086956522]
[4,37.66304347826086,0,0.4347826086956522]
[8,37.717391304347814,0,0.4347826086956522]
[7,37.771739130434774,0,0.4347826086956522]
[0,37.826086956521735,0,0.4347826086956522]
[1,37.88043478260869,0,0.4347826086956522]
[5,37.93478260869564,0,0.4347826086956522]
[4,37.989130434782595,0,0.4347826086956522]
[0,38.043478260869556,0,0.4347826086956522]
[1,38.097826086956516,0,0.4347826086956522]
[5,38.15217391304347,0,0.4347826086956522]
[4,38.20652173913042,0,0.4347826086956522]
[0,38.260869565217384,0,0.4347826086956522]
[1,38.31521739130434,0,0.4347826086956522]
[2,38.3695652173913,0,0.4347826086956522]
[1,38.42391304347825,0,0.4347826086956522]
[3,38.478260869565204,0,0.4347826086956522]
[4,38.532608695652165,0,0.4347826086956522]
[5,38.586956521739125,0,0.4347826086956522]
[4,38.64130434782608,0,0.4347826086956522]
[6,38.69565217391303,0,0.4347826086956522]
[7,38.749999999999986,0,0.4347826086956522]
[8,38.804347826086946,0,0.4347826086956522]
[7,38.85869565217391,0,0.4347826086956522]
[3,38.91304347826086,0,0.4347826086956522]
[4,38.967391304347814,0,0.4347826086956522]
[5,39.021739130434774,0,0.4347826086956522]
[4,39.07608695652173,0,0.4347826086956522]
[0,39.13043478260869,0,0.4347826086956522]
[1,39.18478260869564,0,0.4347826086956522]
[2,39.2391304347826,0,0.4347826086956522]
[1,39.293478260869556,0,0.4347826086956522]
[0,39.34782608695651,0,0.4347826086956522]
[1,39.40217391304347,0,0.4347826086956522]
[2,39.45652173913042,0,0.4347826086956522]
[1,39.510869565217384,0,0.4347826086956522]
[3,39.56521739130434,0,0.4347826086956522]
[4,39.6195652173913,0,0.4347826086956522]
[5,39.67391304347825,0,0.4347826086956522]
[4,39.72826086956521,0,0.4347826086956522]
[3,39.782608695652165,0,0.4347826086956522]
[4,39.83695652173912,0,0.4347826086956522]
[5,39.89130434782608,0,0.4347826086956522]
[4,39.94565217391303,0,0.4347826086956522]
[2,39.99999999999999,0,0.4347826086956522]
[1,40.054347826086946,0,0.4347826086956522]
[3,40.10869565217391,0,0.4347826086956522]
[4,40.16304347826086,0,0.4347826086956522]
[5,40.217391304347814,0,0.4347826086956522]
[4,40.271739130434774,0,0.4347826086956522]
[6,40.32608695652173,0,0.4347826086956522]
[7,40.38043478260869,0,0.4347826086956522]
[2,40.43478260869564,0,0.4347826086956522]
[1,40.4891304347826,0,0.4347826086956522]
[3,40.543478260869556,0,0.4347826086956522]
[4,40.59782608695651,0,0.4347826086956522]
[5,40.65217391304347,0,0.4347826086956522]
[4,40.70652173913042,0,0.4347826086956522]
[6,40.760869565217384,0,0.4347826086956522]
[7,40.81521739130434,0,0.4347826086956522]
[8,40.869565217391305,0,0.32608695652173914]
[3,41.08695652173913,0,0.32608695652173914]
[4,41.19565217391305,0,0.32608695652173914]
[5,41.304347826086946,1,0.32608695652173914]
[2,41.739130434782616,0,0.4347826086956522]
[1,41.79347826086958,0,0.4347826086956522]
[3,41.84782608695653,0,0.4347826086956522]
[4,41.902173913043484,0,0.4347826086956522]
[2,41.956521739130444,0,0.4347826086956522]
[1,42.0108695652174,0,0.4347826086956522]
[3,42.06521739130436,0,0.4347826086956522]
[4,42.11956521739131,0,0.4347826086956522]
[5,42.173913043478265,0,0.4347826086956522]
[4,42.228260869565226,0,0.4347826086956522]
[6,42.28260869565218,0,0.4347826086956522]
[7,42.33695652173914,0,0.4347826086956522]
[5,42.39130434782609,0,0.4347826086956522]
[4,42.44565217391305,0,0.4347826086956522]
[0,42.50000000000001,0,0.4347826086956522]
[1,42.55434782608697,0,0.4347826086956522]
[5,42.60869565217392,0,0.4347826086956522]
[4,42.663043478260875,0,0.4347826086956522]
[6,42.717391304347835,0,0.4347826086956522]
[7,42.77173913043479,0,0.4347826086956522]
[5,42.82608695652175,0,0.4347826086956522]
[4,42.8804347826087,0,0.4347826086956522]
[0,42.934782608695656,0,0.4347826086956522]
[1,42.989130434782616,0,0.4347826086956522]
[8,43.04347826086958,0,0.4347826086956522]
[7,43.09782608695653,0,0.4347826086956522]
[3,43.152173913043484,0,0.4347826086956522]
[4,43.206521739130444,0,0.4347826086956522]
[2,43.2608695652174,0,0.4347826086956522]
[1,43.31521739130436,0,0.4347826086956522]
[3,43.36956521739131,0,0.4347826086956522]
[4,43.423913043478265,0,0.4347826086956522]
[8,43.478260869565226,0,0.4347826086956522]
[7,43.53260869565218,0,0.4347826086956522]
[3,43.58695652173914,0,0.4347826086956522]
[4,43.64130434782609,0,0.4347826086956522]
[8,43.695652173913054,0,0.4347826086956522]
[7,43.75000000000001,0,0.4347826086956522]
[3,43.80434782608697,0,0.4347826086956522]
[4,43.85869565217392,0,0.4347826086956522]
[5,43.913043478260875,0,0.4347826086956522]
[4,43.967391304347835,0,0.4347826086956522]
[3,44.02173913043479,0,0.4347826086956522]
[4,44.07608695652175,0,0.4347826086956522]
[5,44.1304347826087,0,0.4347826086956522]
[4,44.184782608695656,0,0.4347826086956522]
[3,44.239130434782616,0,0.4347826086956522]
[4,44.29347826086958,0,0.4347826086956522]
[8,44.34782608695653,0,0.4347826086956522]
[7,44.402173913043484,0,0.4347826086956522]
[0,44.45652173913044,0,0.4347826086956522]
[1,44.5108695652174,0,0.4347826086956522]
[5,44.56521739130436,0,0.4347826086956522]
[4,44.61956521739131,0,0.4347826086956522]
[6,44.673913043478265,0,0.4347826086956522]
[7,44.728260869565226,0,0.4347826086956522]
[8,44.782608695652186,0,0.4347826086956522]
[7,44.83695652173914,0,0.4347826086956522]
[6,44.89130434782609,0,0.4347826086956522]
[7,44.94565217391305,0,0.4347826086956522]
[5,45.00000000000001,0,0.4347826086956522]
[4,45.05434782608697,0,0.4347826086956522]
[6,45.10869565217392,0,0.4347826086956522]
[7,45.163043478260875,0,0.4347826086956522]
[2,45.217391304347835,0,0.4347826086956522]
[1,45.271739130434796,0,0.4347826086956522]
[3,45.32608695652175,0,0.4347826086956522]
[4,45.3804347826087,0,0.4347826086956522]
[5,45.434782608695656,0,0.4347826086956522]
[4,45.489130434782616,0,0.4347826086956522]
[6,45.54347826086958,0,0.4347826086956522]
[7,45.59782608695653,0,0.4347826086956522]
[8,45.652173913043484,0,0.4347826086956522]
[7,45.70652173913044,0,0.4347826086956522]
[6,45.7608695652174,0,0.4347826086956522]
[7,45.81521739130436,0,0.4347826086956522]
[5,45.86956521739131,0,0.4347826086956522]
[4,45.923913043478265,0,0.4347826086956522]
[0,45.978260869565226,0,0.4347826086956522]
[1,46.032608695652186,0,0.4347826086956522]
[2,46.08695652173914,0,0.4347826086956522]
[1,46.14130434782609,0,0.4347826086956522]
[3,46.19565217391305,0,0.4347826086956522]
[4,46.25000000000001,0,0.4347826086956522]
[8,46.30434782608697,0,0.4347826086956522]
[7,46.35869565217392,0,0.4347826086956522]
[3,46.413043478260875,0,0.4347826086956522]
[4,46.467391304347835,0,0.4347826086956522]
[5,46.521739130434796,0,0.4347826086956522]
[4,46.57608695652175,0,0.4347826086956522]
[3,46.6304347826087,0,0.4347826086956522]
[4,46.684782608695656,0,0.4347826086956522]
[2,46.739130434782616,0,0.4347826086956522]
[1,46.79347826086958,0,0.4347826086956522]
[3,46.84782608695653,0,0.4347826086956522]
[4,46.902173913043484,0,0.4347826086956522]
[2,46.956521739130444,0,0.4347826086956522]
[1,47.0108695652174,0,0.4347826086956522]
[3,47.06521739130436,0,0.4347826086956522]
[4,47.11956521739131,0,0.4347826086956522]
[2,47.173913043478265,0,0.4347826086956522]
[1,47.228260869565226,0,0.4347826086956522]
[3,47.282608695652186,0,0.4347826086956522]
[4,47.33695652173914,0,0.4347826086956522]
[2,47.39130434782609,0,0.4347826086956522]
[1,47.44565217391305,0,0.4347826086956522]
[3,47.50000000000001,0,0.4347826086956522]
[4,47.55434782608697,0,0.4347826086956522]
[2,47.60869565217392,0,0.4347826086956522]
[1,47.663043478260875,0,0.4347826086956522]
[3,47.717391304347835,0,0.4347826086956522]
[4,47.771739130434796,0,0.4347826086956522]
[5,47.82608695652175,0,0.4347826086956522]
[4,47.8804347826087,0,0.4347826086956522]
[6,47.934782608695656,0,0.4347826086956522]
[7,47.989130434782616,0,0.4347826086956522]
[5,48.04347826086958,0,0.4347826086956522]
[4,48.09782608695653,0,0.4347826086956522]
[6,48.152173913043484,0,0.4347826086956522]
[7,48.206521739130444,0,0.4347826086956522]
[8,48.2608695652174,0,0.4347826086956522]
[7,48.31521739130436,0,0.4347826086956522]
[6,48.36956521739131,0,0.4347826086956522]
[7,48.423913043478265,0,0.4347826086956522]
[8,48.478260869565226,0,0.4347826086956522]
[7,48.532608695652186,0,0.4347826086956522]
[6,48.58695652173914,0,0.4347826086956522]
[7,48.64130434782609,0,0.4347826086956522]
[2,48.69565217391305,0,0.4347826086956522]
[1,48.75,0,0.4347826086956522]
[3,48.80434782608695,0,0.4347826086956522]
[4,48.85869565217392,0,0.4347826086956522]
[2,48.913043478260875,0,0.4347826086956522]
[1,48.96739130434783,0,0.4347826086956522]
[3,49.02173913043478,0,0.4347826086956522]
[4,49.07608695652174,0,0.4347826086956522]
[5,49.1304347826087,0,0.4347826086956522]
[4,49.184782608695656,0,0.4347826086956522]
[6,49.23913043478261,0,0.4347826086956522]
[7,49.29347826086956,0,0.4347826086956522]
[5,49.34782608695653,0,0.4347826086956522]
[4,49.402173913043484,0,0.4347826086956522]
[0,49.45652173913044,0,0.4347826086956522]
[1,49.51086956521739,0,0.4347826086956522]
[5,49.56521739130435,0,0.4347826086956522]
[4,49.61956521739131,0,0.4347826086956522]
[6,49.673913043478265,0,0.4347826086956522]
[7,49.72826086956522,0,0.4347826086956522]
[5,49.78260869565217,0,0.4347826086956522]
[4,49.83695652173913,0,0.4347826086956522]
[0,49.89130434782609,0,0.4347826086956522]
[1,49.94565217391305,0,0.4347826086956522]
[8,50,0,0.4347826086956522]
[7,50.05434782608695,0,0.4347826086956522]
[3,50.10869565217392,0,0.4347826086956522]
[4,50.163043478260875,0,0.4347826086956522]
[2,50.21739130434783,0,0.4347826086956522]
[1,50.27173913043478,0,0.4347826086956522]
[3,50.32608695652174,0,0.4347826086956522]
[4,50.3804347826087,0,0.4347826086956522]
[8,50.434782608695656,0,0.4347826086956522]
[7,50.48913043478261,0,0.4347826086956522]
[3,50.54347826086956,0,0.4347826086956522]
[4,50.59782608695653,0,0.4347826086956522]
[8,50.652173913043484,0,0.4347826086956522]
[7,50.70652173913044,0,0.4347826086956522]
[3,50.76086956521739,0,0.4347826086956522]
[4,50.81521739130435,0,0.4347826086956522]
[5,50.86956521739131,0,0.4347826086956522]
[4,50.923913043478265,0,0.4347826086956522]
[3,50.97826086956522,0,0.4347826086956522]
[4,51.03260869565217,0,0.4347826086956522]
[5,51.08695652173913,0,0.4347826086956522]
[4,51.14130434782609,0,0.4347826086956522]
[3,51.19565217391305,0,0.4347826086956522]
[4,51.25,0,0.4347826086956522]
[8,51.30434782608696,0,0.4347826086956522]
[7,51.35869565217392,0,0.4347826086956522]
[0,51.413043478260875,0,0.4347826086956522]
[1,51.46739130434783,0,0.4347826086956522]
[5,51.52173913043478,0,0.4347826086956522]
[4,51.57608695652174,0,0.4347826086956522]
[6,51.6304347826087,0,0.4347826086956522]
[7,51.684782608695656,0,0.4347826086956522]
[8,51.73913043478261,0,0.4347826086956522]
[7,51.79347826086957,0,0.4347826086956522]
[6,51.84782608695652,0,0.4347826086956522]
[7,51.902173913043484,0,0.4347826086956522]
[5,51.95652173913044,0,0.4347826086956522]
[4,52.01086956521739,0,0.4347826086956522]
[6,52.06521739130435,0,0.4347826086956522]
[7,52.11956521739131,0,0.4347826086956522]
[2,52.173913043478265,0,0.4347826086956522]
[1,52.22826086956522,0,0.4347826086956522]
[3,52.28260869565217,0,0.4347826086956522]
[4,52.33695652173913,0,0.4347826086956522]
[5,52.39130434782609,0,0.4347826086956522]
[4,52.44565217391305,0,0.4347826086956522]
[6,52.5,0,0.4347826086956522]
[7,52.55434782608696,0,0.4347826086956522]
[8,52.60869565217392,0,0.4347826086956522]
[7,52.663043478260875,0,0.4347826086956522]
[6,52.71739130434783,0,0.4347826086956522]
[7,52.77173913043478,0,0.4347826086956522]
[5,52.82608695652174,0,0.4347826086956522]
[4,52.8804347826087,0,0.4347826086956522]
[0,52.934782608695656,0,0.4347826086956522]
[1,52.98913043478261,0,0.4347826086956522]
[2,53.04347826086957,0,0.4347826086956522]
[1,53.09782608695652,0,0.4347826086956522]
[3,53.152173913043484,0,0.4347826086956522]
[4,53.20652173913044,0,0.4347826086956522]
[8,53.26086956521739,0,0.4347826086956522]
[7,53.31521739130435,0,0.4347826086956522]
[3,53.36956521739131,0,0.4347826086956522]
[4,53.423913043478265,0,0.4347826086956522]
[5,53.47826086956522,0,0.4347826086956522]
[4,53.53260869565217,0,0.4347826086956522]
[3,53.58695652173913,0,0.4347826086956522]
[4,53.64130434782609,0,0.4347826086956522]
[2,53.69565217391305,0,0.4347826086956522]
[1,53.75,0,0.4347826086956522]
[3,53.80434782608696,0,0.4347826086956522]
[4,53.85869565217392,0,0.4347826086956522]
[2,53.913043478260875,0,0.4347826086956522]
[0,54.1304347826087,0,0.32608695652173914]
[0,54.239130434782616,0,0.32608695652173914]
[0,54.34782608695652,0,0.32608695652173914]
[2,54.56521739130435,0,0.32608695652173914]
[6,55.00000000000001,0,0.32608695652173914]
[6,55.21739130434783,0,0.6521739130434783]
[8,55.434782608695656,0,0.32608695652173914]
[2,55.65217391304353,0,0.4347826086956522]
[1,55.70652173913048,0,0.4347826086956522]
[3,55.76086956521743,0,0.4347826086956522]
[4,55.815217391304394,0,0.4347826086956522]
[2,55.86956521739135,0,0.4347826086956522]
[1,55.92391304347831,0,0.4347826086956522]
[3,55.97826086956526,0,0.4347826086956522]
[4,56.032608695652215,0,0.4347826086956522]
[5,56.086956521739175,0,0.4347826086956522]
[4,56.14130434782613,0,0.4347826086956522]
[6,56.19565217391309,0,0.4347826086956522]
[7,56.25000000000004,0,0.4347826086956522]
[5,56.304347826087,0,0.4347826086956522]
[4,56.35869565217396,0,0.4347826086956522]
[0,56.41304347826092,0,0.4347826086956522]
[1,56.46739130434787,0,0.4347826086956522]
[5,56.521739130434824,0,0.4347826086956522]
[4,56.576086956521785,0,0.4347826086956522]
[6,56.63043478260874,0,0.4347826086956522]
[7,56.6847826086957,0,0.4347826086956522]
[5,56.73913043478265,0,0.4347826086956522]
[4,56.793478260869605,0,0.4347826086956522]
[0,56.847826086956566,0,0.4347826086956522]
[1,56.90217391304353,0,0.4347826086956522]
[8,56.95652173913048,0,0.4347826086956522]
[7,57.01086956521743,0,0.4347826086956522]
[3,57.065217391304394,0,0.4347826086956522]
[4,57.11956521739135,0,0.4347826086956522]
[2,57.17391304347831,0,0.4347826086956522]
[1,57.22826086956526,0,0.4347826086956522]
[3,57.282608695652215,0,0.4347826086956522]
[4,57.336956521739175,0,0.4347826086956522]
[8,57.391304347826136,0,0.4347826086956522]
[7,57.44565217391309,0,0.4347826086956522]
[3,57.50000000000004,0,0.4347826086956522]
[4,57.554347826087,0,0.4347826086956522]
[8,57.60869565217396,0,0.4347826086956522]
[7,57.66304347826092,0,0.4347826086956522]
[3,57.71739130434787,0,0.4347826086956522]
[4,57.771739130434824,0,0.4347826086956522]
[5,57.826086956521785,0,0.4347826086956522]
[4,57.880434782608745,0,0.4347826086956522]
[3,57.9347826086957,0,0.4347826086956522]
[4,57.98913043478265,0,0.4347826086956522]
[5,58.043478260869605,0,0.4347826086956522]
[4,58.097826086956566,0,0.4347826086956522]
[3,58.15217391304353,0,0.4347826086956522]
[4,58.20652173913048,0,0.4347826086956522]
[8,58.26086956521743,0,0.4347826086956522]
[7,58.315217391304394,0,0.4347826086956522]
[0,58.36956521739135,0,0.4347826086956522]
[1,58.42391304347831,0,0.4347826086956522]
[5,58.47826086956526,0,0.4347826086956522]
[4,58.532608695652215,0,0.4347826086956522]
[6,58.586956521739175,0,0.4347826086956522]
[7,58.641304347826136,0,0.4347826086956522]
[8,58.69565217391309,0,0.4347826086956522]
[7,58.75000000000004,0,0.4347826086956522]
[6,58.804347826086996,0,0.4347826086956522]
[7,58.85869565217396,0,0.4347826086956522]
[5,58.91304347826092,0,0.4347826086956522]
[4,58.96739130434787,0,0.4347826086956522]
[6,59.021739130434824,0,0.4347826086956522]
[7,59.076086956521785,0,0.4347826086956522]
[2,59.130434782608745,0,0.4347826086956522]
[1,59.1847826086957,0,0.4347826086956522]
[3,59.23913043478265,0,0.4347826086956522]
[4,59.293478260869605,0,0.4347826086956522]
[5,59.347826086956566,0,0.4347826086956522]
[4,59.40217391304353,0,0.4347826086956522]
[6,59.45652173913048,0,0.4347826086956522]
[7,59.51086956521743,0,0.4347826086956522]
[8,59.565217391304394,0,0.4347826086956522]
[7,59.61956521739135,0,0.4347826086956522]
[6,59.67391304347831,0,0.4347826086956522]
[7,59.72826086956526,0,0.4347826086956522]
[5,59.782608695652215,0,0.4347826086956522]
[4,59.836956521739175,0,0.4347826086956522]
[0,59.891304347826136,0,0.4347826086956522]
[1,59.94565217391309,0,0.4347826086956522]
[2,60.00000000000004,0,0.4347826086956522]
[1,60.054347826086996,0,0.4347826086956522]
[3,60.10869565217396,0,0.4347826086956522]
[4,60.16304347826092,0,0.4347826086956522]
[8,60.21739130434787,0,0.4347826086956522]
[7,60.271739130434824,0,0.4347826086956522]
[3,60.326086956521785,0,0.4347826086956522]
[4,60.380434782608745,0,0.4347826086956522]
[5,60.4347826086957,0,0.4347826086956522]
[4,60.48913043478265,0,0.4347826086956522]
[3,60.543478260869605,0,0.4347826086956522]
[4,60.597826086956566,0,0.4347826086956522]
[2,60.65217391304353,0,0.4347826086956522]
[1,60.70652173913048,0,0.4347826086956522]
[3,60.76086956521743,0,0.4347826086956522]
[4,60.815217391304394,0,0.4347826086956522]
[2,60.869565217391354,0,0.4347826086956522]
[1,60.92391304347831,0,0.4347826086956522]
[3,60.97826086956526,0,0.4347826086956522]
[4,61.032608695652215,0,0.4347826086956522]
[2,61.086956521739175,0,0.4347826086956522]
[1,61.141304347826136,0,0.4347826086956522]
[3,61.19565217391309,0,0.4347826086956522]
[4,61.25000000000004,0,0.4347826086956522]
[2,61.304347826086996,0,0.4347826086956522]
[1,61.35869565217396,0,0.4347826086956522]
[3,61.41304347826092,0,0.4347826086956522]
[4,61.46739130434787,0,0.4347826086956522]
[2,61.521739130434824,0,0.4347826086956522]
[1,61.576086956521785,0,0.4347826086956522]
[3,61.630434782608745,0,0.4347826086956522]
[4,61.6847826086957,0,0.4347826086956522]
[5,61.73913043478265,0,0.4347826086956522]
[4,61.793478260869605,0,0.4347826086956522]
[6,61.847826086956566,0,0.4347826086956522]
[7,61.90217391304353,0,0.4347826086956522]
[5,61.95652173913048,0,0.4347826086956522]
[4,62.01086956521743,0,0.4347826086956522]
[6,62.065217391304394,0,0.4347826086956522]
[7,62.119565217391354,0,0.4347826086956522]
[8,62.17391304347831,0,0.4347826086956522]
[7,62.22826086956526,0,0.4347826086956522]
[6,62.282608695652215,0,0.4347826086956522]
[7,62.336956521739175,0,0.4347826086956522]
[8,62.391304347826136,0,0.4347826086956522]
[7,62.44565217391309,0,0.4347826086956522]
[6,62.50000000000004,0,0.4347826086956522]
[7,62.554347826086996,0,0.4347826086956522]
[2,62.60869565217395,0,0.4347826086956522]
[1,62.66304347826091,0,0.4347826086956522]
[3,62.71739130434786,0,0.4347826086956522]
[4,62.771739130434824,0,0.4347826086956522]
[2,62.82608695652178,0,0.4347826086956522]
[1,62.88043478260874,0,0.4347826086956522]
[3,62.93478260869569,0,0.4347826086956522]
[4,62.98913043478265,0,0.4347826086956522]
[5,63.043478260869605,0,0.4347826086956522]
[4,63.09782608695656,0,0.4347826086956522]
[6,63.15217391304352,0,0.4347826086956522]
[7,63.20652173913047,0,0.4347826086956522]
[5,63.26086956521743,0,0.4347826086956522]
[4,63.31521739130439,0,0.4347826086956522]
[0,63.36956521739134,0,0.4347826086956522]
[1,63.4239130434783,0,0.4347826086956522]
[5,63.47826086956526,0,0.4347826086956522]
[4,63.532608695652215,0,0.4347826086956522]
[6,63.58695652173917,0,0.4347826086956522]
[7,63.64130434782613,0,0.4347826086956522]
[5,63.69565217391308,0,0.4347826086956522]
[4,63.75000000000004,0,0.4347826086956522]
[0,63.804347826086996,0,0.4347826086956522]
[1,63.85869565217395,0,0.4347826086956522]
[8,63.91304347826091,0,0.4347826086956522]
[7,63.96739130434786,0,0.4347826086956522]
[3,64.02173913043482,0,0.4347826086956522]
[4,64.07608695652178,0,0.4347826086956522]
[2,64.13043478260875,0,0.4347826086956522]
[1,64.18478260869568,0,0.4347826086956522]
[3,64.23913043478265,0,0.4347826086956522]
[4,64.2934782608696,0,0.4347826086956522]
[8,64.34782608695656,0,0.4347826086956522]
[7,64.40217391304353,0,0.4347826086956522]
[3,64.45652173913047,0,0.4347826086956522]
[4,64.51086956521743,0,0.4347826086956522]
[8,64.56521739130439,0,0.4347826086956522]
[7,64.61956521739134,0,0.4347826086956522]
[3,64.67391304347831,0,0.4347826086956522]
[4,64.72826086956526,0,0.4347826086956522]
[5,64.78260869565221,0,0.4347826086956522]
[4,64.83695652173917,0,0.4347826086956522]
[3,64.89130434782612,0,0.4347826086956522]
[4,64.94565217391309,0,0.4347826086956522]
[5,65.00000000000004,0,0.4347826086956522]
[4,65.054347826087,0,0.4347826086956522]
[3,65.10869565217395,0,0.4347826086956522]
[4,65.1630434782609,0,0.4347826086956522]
[8,65.21739130434787,0,0.4347826086956522]
[7,65.27173913043482,0,0.4347826086956522]
[0,65.32608695652178,0,0.4347826086956522]
[1,65.38043478260873,0,0.4347826086956522]
[5,65.43478260869568,0,0.4347826086956522]
[4,65.48913043478265,0,0.4347826086956522]
[6,65.5434782608696,0,0.4347826086956522]
[7,65.59782608695656,0,0.4347826086956522]
[8,65.65217391304353,0,0.4347826086956522]
[7,65.70652173913048,0,0.4347826086956522]
[6,65.76086956521743,0,0.4347826086956522]
[7,65.81521739130439,0,0.4347826086956522]
[5,65.86956521739134,0,0.4347826086956522]
[4,65.92391304347831,0,0.4347826086956522]
[6,65.97826086956526,0,0.4347826086956522]
[7,66.03260869565221,0,0.4347826086956522]
[2,66.08695652173917,0,0.4347826086956522]
[1,66.14130434782612,0,0.4347826086956522]
[3,66.19565217391309,0,0.4347826086956522]
[4,66.25000000000004,0,0.4347826086956522]
[5,66.304347826087,0,0.4347826086956522]
[4,66.35869565217395,0,0.4347826086956522]
[6,66.4130434782609,0,0.4347826086956522]
[7,66.46739130434787,0,0.4347826086956522]
[8,66.52173913043482,0,0.4347826086956522]
[7,66.57608695652178,0,0.4347826086956522]
[6,66.63043478260873,0,0.4347826086956522]
[7,66.68478260869568,0,0.4347826086956522]
[5,66.73913043478265,0,0.4347826086956522]
[4,66.7934782608696,0,0.4347826086956522]
[0,66.84782608695656,0,0.4347826086956522]
[1,66.90217391304353,0,0.4347826086956522]
[2,66.95652173913048,0,0.4347826086956522]
[1,67.01086956521743,0,0.4347826086956522]
[3,67.06521739130439,0,0.4347826086956522]
[4,67.11956521739134,0,0.4347826086956522]
[8,67.17391304347831,0,0.4347826086956522]
[7,67.22826086956526,0,0.4347826086956522]
[3,67.28260869565221,0,0.4347826086956522]
[4,67.33695652173917,0,0.4347826086956522]
[5,67.39130434782612,0,0.4347826086956522]
[4,67.44565217391309,0,0.4347826086956522]
[3,67.50000000000004,0,0.4347826086956522]
[4,67.554347826087,0,0.4347826086956522]
[2,67.60869565217396,0,0.4347826086956522]
[1,67.66304347826092,0,0.4347826086956522]
[3,67.71739130434787,0,0.4347826086956522]
[4,67.77173913043484,0,0.4347826086956522]
[5,67.82608695652176,0,0.7608695652173914]
[4,67.88043478260872,0,0.7608695652173914]
[6,67.93478260869567,0,0.7608695652173914]
[7,67.98913043478262,0,0.7608695652173914]
[2,68.04347826086962,0,0.4347826086956522]
[1,68.09782608695657,0,0.4347826086956522]
[3,68.15217391304353,0,0.4347826086956522]
[4,68.2065217391305,0,0.4347826086956522]
[5,68.2608695652174,0,0.7608695652173914]
[4,68.31521739130437,0,0.7608695652173914]
[6,68.36956521739133,0,0.7608695652173914]
[7,68.42391304347828,0,0.7608695652173914]
[2,68.47826086956523,0,0.7608695652173914]
[1,68.53260869565219,0,0.7608695652173914]
[3,68.58695652173915,0,0.7608695652173914]
[4,68.64130434782611,0,0.7608695652173914]
[5,68.69565217391305,0,0.7608695652173914]
[4,68.75,0,0.7608695652173914]
[6,68.80434782608697,0,0.7608695652173914]
[7,68.85869565217392,0,0.7608695652173914]
[5,68.91304347826087,0,0.7608695652173914]
[4,68.96739130434783,0,0.7608695652173914]
[6,69.02173913043478,0,0.7608695652173914]
[7,69.07608695652175,0,0.7608695652173914]
[5,69.1304347826087,0,0.8695652173913044]
[4,69.18478260869566,0,0.8695652173913044]
[6,69.23913043478261,0,0.8695652173913044]
[7,69.29347826086958,0,0.8695652173913044]
[5,69.34782608695653,0,0.8695652173913044]
[4,69.40217391304348,0,0.8695652173913044]
[6,69.45652173913044,0,0.8695652173913044]
[7,69.51086956521739,0,0.8695652173913044]
[8,69.56521739130436,1,0.4347826086956522]
[0,70.10869565217392,0,0.8695652173913044]
[1,70.16304347826087,0,0.8695652173913044]
[2,70.32608695652175,0,0.4347826086956522]
[3,70.54347826086958,0,0.4347826086956522]
[5,70.76086956521739,0,0.4347826086956522]
[6,70.86956521739131,0,0.4347826086956522]
[7,70.92391304347827,0,0.4347826086956522]
[8,70.97826086956522,1,0.2173913043478261]
[4,71.19565217391305,0,0.6521739130434783]
[0,71.25,0,0.4347826086956522]
[2,71.30434782608697,0,0.4347826086956522]
[3,71.3768115942029,0,0.2173913043478261]
[4,71.44927536231884,0,0.2173913043478261]
[5,71.52173913043478,0,0.4347826086956522]
[7,71.6304347826087,0,0.4347826086956522]
[8,71.73913043478261,0,0.4347826086956522]
[0,71.84782608695653,0,0.4347826086956522]
[1,71.90217391304348,0,0.4347826086956522]
[2,71.95652173913044,0,0.4347826086956522]
[1,72.01086956521739,0,0.4347826086956522]
[0,72.06521739130436,0,0.4347826086956522]
[6,72.17391304347827,0,0.4347826086956522]
[7,72.22826086956522,0,0.4347826086956522]
[8,72.28260869565219,0,0.4347826086956522]
[7,72.33695652173914,0,0.4347826086956522]
[6,72.3913043478261,0,0.4347826086956522]
[2,72.60869565217392,0,0.4347826086956522]
[1,72.66304347826087,0,0.4347826086956522]
[3,72.71739130434783,0,0.4347826086956522]
[4,72.77173913043478,0,0.8695652173913044]
[2,72.82608695652175,0,0.4347826086956522]
[1,72.8804347826087,0,0.4347826086956522]
[3,72.93478260869566,0,0.4347826086956522]
[3,73.15217391304348,0,0.4347826086956522]
[4,73.20652173913044,0,0.8695652173913044]
[8,73.26086956521739,0,0.4347826086956522]
[7,73.31521739130436,0,0.4347826086956522]
[3,73.36956521739131,0,0.4347826086956522]
[4,73.42391304347827,0,0.8695652173913044]
[8,73.47826086956522,0,0.4347826086956522]
[7,73.53260869565219,0,0.4347826086956522]
[3,73.58695652173914,0,0.4347826086956522]
[4,73.6413043478261,0,0.4347826086956522]
[8,73.69565217391305,0,0.4347826086956522]
[7,73.75,0,0.4347826086956522]
[3,73.80434782608697,0,0.4347826086956522]
[0,73.96739130434783,0,0.2173913043478261]
[1,74.1304347826087,0,0.2173913043478261]
[5,74.45652173913044,0,0.2173913043478261]
[3,74.78260869565219,1,0.4347826086956522]
[5,75.21739130434783,1,8.260869565217392]
[0,76.73913043478261,0,0.4347826086956522]
[1,76.95652173913044,0,0.4347826086956522]
[3,77.17391304347827,0,0.4347826086956522]
[4,77.28260869565219,0,0.4347826086956522]
[6,77.5,0,0.4347826086956522]
[4,77.71739130434783,0,0.4347826086956522]
[3,77.82608695652175,0,0.4347826086956522]
[4,78.04347826086958,0,0.4347826086956522]
[0,78.47826086956522,0,0.4347826086956522]
[1,78.69565217391305,0,0.4347826086956522]
[4,78.91304347826087,0,0.4347826086956522]
[3,79.0217391304348,0,0.4347826086956522]
[6,79.23913043478261,0,0.4347826086956522]
[7,79.34782608695653,0,0.4347826086956522]
[4,79.56521739130436,0,0.4347826086956522]
[0,80.21739130434783,0,0.4347826086956522]
[1,80.43478260869566,0,0.4347826086956522]
[3,80.65217391304348,0,0.4347826086956522]
[6,80.86956521739131,0,0.4347826086956522]
[7,80.97826086956522,0,0.4347826086956522]
[0,81.19565217391305,0,0.4347826086956522]
[1,81.41304347826087,0,0.4347826086956522]
[4,81.6304347826087,0,0.4347826086956522]
[3,81.73913043478261,0,0.4347826086956522]
[0,81.95652173913044,0,0.4347826086956522]
[1,82.17391304347827,0,0.4347826086956522]
[3,82.3913043478261,0,0.4347826086956522]
[6,82.60869565217392,0,0.4347826086956522]
[7,82.71739130434783,0,0.4347826086956522]
[4,82.93478260869566,0,0.4347826086956522]
[0,83.47826086956522,0,0.4347826086956522]
[1,83.47826086956522,0,0.2173913043478261]
[6,83.69565217391305,0,0.4347826086956522]
[7,83.91304347826087,0,0.4347826086956522]
[8,84.1304347826087,0,0.4347826086956522]
[3,84.23913043478261,0,0.4347826086956522]
[4,84.45652173913044,0,0.4347826086956522]
[5,84.45652173913044,0,0.4347826086956522]
[0,84.67391304347827,0,0.4347826086956522]
[1,84.78260869565219,0,0.4347826086956522]
[3,85,0,0.4347826086956522]
[6,85.43478260869566,0,0.7608695652173914]
[7,85.65217391304348,0,0.7608695652173914]
[3,85.86956521739131,0,0.7608695652173914]
[5,85.97826086956522,0,0.7608695652173914]
[4,85.97826086956522,0,0.7608695652173914]
[0,86.19565217391305,0,0.7608695652173914]
[1,86.30434782608697,0,0.7608695652173914]
[2,86.5217391304348,0,0.7608695652173914]
[3,86.73913043478261,0,0.7608695652173914]
[6,87.17391304347827,0,0.7608695652173914]
[7,87.3913043478261,0,0.7608695652173914]
[8,87.60869565217392,0,0.7608695652173914]
[4,87.82608695652175,0,0.7608695652173914]
[5,87.82608695652175,0,0.7608695652173914]
[3,87.93478260869566,0,0.7608695652173914]
[0,88.15217391304348,0,0.7608695652173914]
[1,88.36956521739131,0,0.7608695652173914]
[8,88.58695652173914,0,0.7608695652173914]
[7,88.58695652173914,0,0.7608695652173914]
[6,88.69565217391305,0,0.7608695652173914]
[3,88.91304347826087,0,0.7608695652173914]
[4,89.1304347826087,0,0.4347826086956522]
[5,89.34782608695653,0,0.7608695652173914]
[6,89.56521739130436,0,0.7608695652173914]
[7,89.56521739130436,0,0.7608695652173914]
[8,89.56521739130436,0,0.2173913043478261]
[1,90,0,0.7608695652173914]
[2,90,0,0.7608695652173914]
[0,90,0,0.2173913043478261]
[8,90.6521739130435,0,0.4347826086956522]
[7,90.86956521739133,0,0.4347826086956522]
[6,91.08695652173915,0,0.4347826086956522]
[5,91.19565217391306,0,0.4347826086956522]
[3,91.41304347826089,0,0.4347826086956522]
[4,91.41304347826089,0,0.4347826086956522]
[2,91.63043478260872,0,0.4347826086956522]
[1,91.73913043478264,0,0.4347826086956522]
[5,91.95652173913045,0,0.4347826086956522]
[8,92.39130434782611,0,0.7608695652173914]
[7,92.60869565217394,0,0.7608695652173914]
[5,92.82608695652176,0,0.7608695652173914]
[3,92.93478260869567,0,0.7608695652173914]
[4,92.93478260869567,0,0.7608695652173914]
[2,93.1521739130435,0,0.7608695652173914]
[1,93.26086956521742,0,0.7608695652173914]
[0,93.47826086956525,0,0.7608695652173914]
[5,93.69565217391306,0,0.7608695652173914]
[8,94.13043478260872,0,0.7608695652173914]
[7,94.34782608695654,0,0.7608695652173914]
[6,94.56521739130437,0,0.7608695652173914]
[4,94.7826086956522,0,0.7608695652173914]
[3,94.7826086956522,0,0.7608695652173914]
[5,94.89130434782611,0,0.7608695652173914]
[2,95.10869565217394,0,0.7608695652173914]
[1,95.32608695652176,0,0.7608695652173914]
[1,95.43478260869566,0,0.4347826086956522]
[2,95.43478260869566,0,0.4347826086956522]
[4,95.65217391304348,0,0.4347826086956522]
[3,95.65217391304348,0,0.4347826086956522]
[7,95.86956521739131,0,0.4347826086956522]
[8,95.86956521739131,0,0.4347826086956522]
[1,96.08695652173914,0,0.4347826086956522]
[0,96.08695652173914,0,0.4347826086956522]
[4,96.30434782608697,0,0.4347826086956522]
[5,96.30434782608697,0,0.4347826086956522]
[7,96.5217391304348,1,0.7608695652173914]
[6,96.5217391304348,1,0.7608695652173914]
[2,97.39130434782611,0,0.4347826086956522]
[1,97.44565217391306,0,0.4347826086956522]
[3,97.50000000000001,0,0.4347826086956522]
[4,97.55434782608697,0,0.4347826086956522]
[2,97.60869565217394,0,0.4347826086956522]
[1,97.66304347826089,0,0.4347826086956522]
[3,97.71739130434784,0,0.4347826086956522]
[4,97.7717391304348,0,0.4347826086956522]
[5,97.82608695652175,0,0.4347826086956522]
[4,97.88043478260872,0,0.4347826086956522]
[6,97.93478260869567,0,0.4347826086956522]
[7,97.98913043478262,0,0.4347826086956522]
[5,98.04347826086958,0,0.4347826086956522]
[4,98.09782608695653,0,0.4347826086956522]
[0,98.1521739130435,0,0.4347826086956522]
[1,98.20652173913045,0,0.4347826086956522]
[5,98.2608695652174,0,0.4347826086956522]
[4,98.31521739130436,0,0.4347826086956522]
[6,98.36956521739133,0,0.4347826086956522]
[7,98.42391304347828,0,0.4347826086956522]
[5,98.47826086956523,0,0.4347826086956522]
[4,98.53260869565219,0,0.4347826086956522]
[0,98.58695652173915,0,0.4347826086956522]
[1,98.64130434782611,0,0.4347826086956522]
[8,98.69565217391306,0,0.4347826086956522]
[7,98.75000000000001,0,0.4347826086956522]
[3,98.80434782608697,0,0.4347826086956522]
[4,98.85869565217394,0,0.4347826086956522]
[2,98.91304347826089,0,0.4347826086956522]
[1,98.96739130434784,0,0.4347826086956522]
[3,99.0217391304348,0,0.4347826086956522]
[4,99.07608695652175,0,0.4347826086956522]
[8,99.13043478260872,0,0.4347826086956522]
[7,99.18478260869567,0,0.4347826086956522]
[3,99.23913043478262,0,0.4347826086956522]
[4,99.29347826086958,0,0.4347826086956522]
[8,99.34782608695654,0,0.4347826086956522]
[7,99.4021739130435,0,0.4347826086956522]
[3,99.45652173913045,0,0.4347826086956522]
[4,99.5108695652174,0,0.4347826086956522]
[5,99.56521739130437,0,0.4347826086956522]
[4,99.61956521739133,0,0.4347826086956522]
[3,99.67391304347828,0,0.4347826086956522]
[4,99.72826086956523,0,0.4347826086956522]
[5,99.78260869565219,0,0.4347826086956522]
[4,99.83695652173915,0,0.4347826086956522]
[3,99.89130434782611,0,0.4347826086956522]
[4,99.94565217391306,0,0.4347826086956522]
[8,100.00000000000001,0,0.4347826086956522]
[7,100.05434782608697,0,0.4347826086956522]
[0,100.10869565217394,0,0.4347826086956522]
[1,100.16304347826089,0,0.4347826086956522]
[5,100.21739130434784,0,0.4347826086956522]
[4,100.2717391304348,0,0.4347826086956522]
[6,100.32608695652175,0,0.4347826086956522]
[7,100.38043478260872,0,0.4347826086956522]
[8,100.43478260869567,0,0.4347826086956522]
[7,100.48913043478262,0,0.4347826086956522]
[6,100.54347826086958,0,0.4347826086956522]
[7,100.59782608695653,0,0.4347826086956522]
[5,100.6521739130435,0,0.4347826086956522]
[4,100.70652173913045,0,0.4347826086956522]
[6,100.7608695652174,0,0.4347826086956522]
[7,100.81521739130437,0,0.4347826086956522]
[2,100.86956521739133,0,0.4347826086956522]
[1,100.92391304347828,0,0.4347826086956522]
[3,100.97826086956523,0,0.4347826086956522]
[4,101.03260869565219,0,0.4347826086956522]
[5,101.08695652173915,0,0.4347826086956522]
[4,101.14130434782611,0,0.4347826086956522]
[6,101.19565217391306,0,0.4347826086956522]
[7,101.25000000000001,0,0.4347826086956522]
[8,101.30434782608697,0,0.4347826086956522]
[7,101.35869565217394,0,0.4347826086956522]
[6,101.41304347826089,0,0.4347826086956522]
[7,101.46739130434784,0,0.4347826086956522]
[5,101.5217391304348,0,0.4347826086956522]
[4,101.57608695652175,0,0.4347826086956522]
[0,101.63043478260872,0,0.4347826086956522]
[1,101.68478260869567,0,0.4347826086956522]
[2,101.73913043478262,0,0.4347826086956522]
[1,101.79347826086958,0,0.4347826086956522]
[3,101.84782608695653,0,0.4347826086956522]
[4,101.9021739130435,0,0.4347826086956522]
[8,101.95652173913045,0,0.4347826086956522]
[7,102.0108695652174,0,0.4347826086956522]
[3,102.06521739130437,0,0.4347826086956522]
[4,102.11956521739133,0,0.4347826086956522]
[5,102.17391304347828,0,0.4347826086956522]
[4,102.22826086956523,0,0.4347826086956522]
[3,102.28260869565219,0,0.4347826086956522]
[4,102.33695652173915,0,0.4347826086956522]
[2,102.39130434782611,0,0.4347826086956522]
[1,102.44565217391306,0,0.4347826086956522]
[3,102.50000000000001,0,0.4347826086956522]
[4,102.55434782608697,0,0.4347826086956522]
[2,102.60869565217394,0,0.4347826086956522]
[1,102.66304347826089,0,0.4347826086956522]
[3,102.71739130434784,0,0.4347826086956522]
[4,102.7717391304348,0,0.4347826086956522]
[2,102.82608695652175,0,0.4347826086956522]
[1,102.88043478260872,0,0.4347826086956522]
[3,102.93478260869567,0,0.4347826086956522]
[4,102.98913043478262,0,0.4347826086956522]
[2,103.04347826086958,0,0.4347826086956522]
[1,103.09782608695653,0,0.4347826086956522]
[3,103.1521739130435,0,0.4347826086956522]
[4,103.20652173913045,0,0.4347826086956522]
[2,103.2608695652174,0,0.4347826086956522]
[1,103.31521739130437,0,0.4347826086956522]
[3,103.36956521739133,0,0.4347826086956522]
[4,103.42391304347828,0,0.4347826086956522]
[5,103.47826086956523,0,0.4347826086956522]
[4,103.53260869565219,0,0.4347826086956522]
[6,103.58695652173915,0,0.4347826086956522]
[7,103.64130434782611,0,0.4347826086956522]
[5,103.69565217391306,0,0.4347826086956522]
[4,103.75000000000001,0,0.4347826086956522]
[6,103.80434782608697,0,0.4347826086956522]
[7,103.85869565217394,0,0.4347826086956522]
[8,103.91304347826089,0,0.4347826086956522]
[7,103.96739130434784,0,0.4347826086956522]
[6,104.0217391304348,0,0.4347826086956522]
[7,104.07608695652175,0,0.4347826086956522]
[8,104.13043478260872,0,0.4347826086956522]
[7,104.18478260869567,0,0.4347826086956522]
[6,104.23913043478262,0,0.4347826086956522]
[7,104.29347826086958,0,0.4347826086956522]
[2,104.34782608695653,0,0.4347826086956522]
[1,104.4021739130435,0,0.4347826086956522]
[3,104.45652173913044,0,0.4347826086956522]
[4,104.5108695652174,0,0.4347826086956522]
[2,104.56521739130436,0,0.4347826086956522]
[1,104.61956521739131,0,0.4347826086956522]
[3,104.67391304347828,0,0.4347826086956522]
[4,104.72826086956523,0,0.4347826086956522]
[5,104.78260869565219,0,0.4347826086956522]
[4,104.83695652173914,0,0.4347826086956522]
[6,104.8913043478261,0,0.4347826086956522]
[7,104.94565217391306,0,0.4347826086956522]
[5,105.00000000000001,0,0.4347826086956522]
[4,105.05434782608697,0,0.4347826086956522]
[0,105.10869565217392,0,0.4347826086956522]
[1,105.16304347826087,0,0.4347826086956522]
[5,105.21739130434784,0,0.4347826086956522]
[4,105.2717391304348,0,0.4347826086956522]
[6,105.32608695652175,0,0.4347826086956522]
[7,105.38043478260872,0,0.4347826086956522]
[5,105.43478260869566,0,0.4347826086956522]
[4,105.48913043478262,0,0.4347826086956522]
[0,105.54347826086958,0,0.4347826086956522]
[1,105.59782608695653,0,0.4347826086956522]
[8,105.6521739130435,0,0.4347826086956522]
[7,105.70652173913044,0,0.4347826086956522]
[3,105.7608695652174,0,0.4347826086956522]
[4,105.81521739130436,0,0.4347826086956522]
[2,105.86956521739131,0,0.4347826086956522]
[1,105.92391304347828,0,0.4347826086956522]
[3,105.97826086956523,0,0.4347826086956522]
[4,106.03260869565219,0,0.4347826086956522]
[8,106.08695652173914,0,0.4347826086956522]
[7,106.1413043478261,0,0.4347826086956522]
[3,106.19565217391306,0,0.4347826086956522]
[4,106.25000000000001,0,0.4347826086956522]
[8,106.30434782608697,0,0.4347826086956522]
[7,106.35869565217392,0,0.4347826086956522]
[3,106.41304347826087,0,0.4347826086956522]
[4,106.46739130434784,0,0.4347826086956522]
[5,106.5217391304348,0,0.4347826086956522]
[4,106.57608695652175,0,0.4347826086956522]
[3,106.6304347826087,0,0.4347826086956522]
[4,106.68478260869566,0,0.4347826086956522]
[5,106.73913043478262,0,0.4347826086956522]
[4,106.79347826086958,0,0.4347826086956522]
[3,106.84782608695653,0,0.4347826086956522]
[4,106.9021739130435,0,0.4347826086956522]
[8,106.95652173913045,0,0.4347826086956522]
[7,107.0108695652174,0,0.4347826086956522]
[0,107.06521739130436,0,0.4347826086956522]
[1,107.11956521739131,0,0.4347826086956522]
[5,107.17391304347828,0,0.4347826086956522]
[4,107.22826086956523,0,0.4347826086956522]
[6,107.28260869565219,0,0.4347826086956522]
[7,107.33695652173914,0,0.4347826086956522]
[8,107.3913043478261,0,0.4347826086956522]
[7,107.44565217391306,0,0.4347826086956522]
[6,107.50000000000001,0,0.4347826086956522]
[7,107.55434782608697,0,0.4347826086956522]
[5,107.60869565217392,0,0.4347826086956522]
[4,107.66304347826087,0,0.4347826086956522]
[6,107.71739130434784,0,0.4347826086956522]
[7,107.7717391304348,0,0.4347826086956522]
[2,107.82608695652175,0,0.4347826086956522]
[1,107.88043478260872,0,0.4347826086956522]
[3,107.93478260869566,0,0.4347826086956522]
[4,107.98913043478262,0,0.4347826086956522]
[5,108.04347826086958,0,0.4347826086956522]
[4,108.09782608695653,0,0.4347826086956522]
[6,108.1521739130435,0,0.4347826086956522]
[7,108.20652173913045,0,0.4347826086956522]
[8,108.2608695652174,0,0.4347826086956522]
[7,108.31521739130436,0,0.4347826086956522]
[6,108.36956521739131,0,0.4347826086956522]
[7,108.42391304347828,0,0.4347826086956522]
[5,108.47826086956523,0,0.4347826086956522]
[4,108.53260869565219,0,0.4347826086956522]
[0,108.58695652173914,0,0.4347826086956522]
[1,108.6413043478261,0,0.4347826086956522]
[2,108.69565217391306,0,0.4347826086956522]
[1,108.75000000000001,0,0.4347826086956522]
[3,108.80434782608697,0,0.4347826086956522]
[4,108.85869565217392,0,0.4347826086956522]
[8,108.91304347826087,0,0.4347826086956522]
[7,108.96739130434784,0,0.4347826086956522]
[3,109.0217391304348,0,0.4347826086956522]
[4,109.07608695652175,0,0.4347826086956522]
[5,109.13043478260872,0,0.4347826086956522]
[4,109.18478260869566,0,0.4347826086956522]
[3,109.23913043478262,0,0.4347826086956522]
[4,109.29347826086958,0,0.4347826086956522]
[2,109.34782608695653,0,0.4347826086956522]
[1,109.4021739130435,0,0.4347826086956522]
[3,109.45652173913045,0,0.4347826086956522]
[4,109.5108695652174,0,0.4347826086956522]
[2,109.56521739130436,0,0.4347826086956522]
[1,109.61956521739131,0,0.4347826086956522]
[3,109.67391304347828,0,0.4347826086956522]
[4,109.72826086956523,0,0.4347826086956522]
[2,109.78260869565219,0,0.4347826086956522]
[1,109.83695652173914,0,0.4347826086956522]
[3,109.8913043478261,0,0.4347826086956522]
[4,109.94565217391306,0,0.4347826086956522]
[2,110.00000000000001,0,0.4347826086956522]
[1,110.05434782608697,0,0.4347826086956522]
[3,110.10869565217392,0,0.4347826086956522]
[4,110.16304347826087,0,0.4347826086956522]
[2,110.21739130434784,0,0.4347826086956522]
[1,110.2717391304348,0,0.4347826086956522]
[3,110.32608695652175,0,0.4347826086956522]
[4,110.38043478260872,0,0.4347826086956522]
[5,110.43478260869566,0,0.4347826086956522]
[4,110.48913043478262,0,0.4347826086956522]
[6,110.54347826086958,0,0.4347826086956522]
[7,110.59782608695653,0,0.4347826086956522]
[5,110.6521739130435,0,0.4347826086956522]
[4,110.70652173913045,0,0.4347826086956522]
[6,110.7608695652174,0,0.4347826086956522]
[7,110.81521739130436,0,0.4347826086956522]
[8,110.86956521739131,0,0.4347826086956522]
[7,110.92391304347828,0,0.4347826086956522]
[6,110.97826086956523,0,0.4347826086956522]
[7,111.03260869565219,0,0.4347826086956522]
[8,111.08695652173914,0,0.4347826086956522]
[7,111.1413043478261,0,0.4347826086956522]
[6,111.19565217391306,0,0.4347826086956522]
[7,111.25000000000001,0,0.4347826086956522]
[2,111.30434782608697,0,0.4347826086956522]
[1,111.35869565217394,0,0.4347826086956522]
[3,111.41304347826089,0,0.4347826086956522]
[4,111.46739130434784,0,0.4347826086956522]
[5,111.5217391304348,0,0.4347826086956522]
[4,111.57608695652175,0,0.4347826086956522]
[6,111.63043478260872,0,0.4347826086956522]
[7,111.68478260869567,0,0.4347826086956522]
[2,111.73913043478262,0,0.4347826086956522]
[1,111.79347826086959,0,0.4347826086956522]
[3,111.84782608695654,0,0.4347826086956522]
[4,111.9021739130435,0,0.4347826086956522]
[5,111.95652173913045,0,0.4347826086956522]
[4,112.0108695652174,0,0.4347826086956522]
[6,112.06521739130437,0,0.4347826086956522]
[7,112.11956521739133,0,0.4347826086956522]
[2,112.17391304347828,0,0.4347826086956522]
[1,112.22826086956523,0,0.4347826086956522]
[3,112.28260869565219,0,0.4347826086956522]
[4,112.33695652173915,0,0.4347826086956522]
[2,112.39130434782611,0,0.4347826086956522]
[1,112.44565217391306,0,0.4347826086956522]
[3,112.50000000000001,0,0.4347826086956522]
[4,112.55434782608697,0,0.4347826086956522]
[5,112.60869565217394,0,0.4347826086956522]
[4,112.66304347826089,0,0.4347826086956522]
[6,112.71739130434784,0,0.4347826086956522]
[7,112.7717391304348,0,0.4347826086956522]
[5,112.82608695652175,0,0.4347826086956522]
[4,112.88043478260872,0,0.4347826086956522]
[6,112.93478260869567,0,0.4347826086956522]
[7,112.98913043478262,0,0.4347826086956522]
[0,113.04347826086959,0,0.4347826086956522]
[1,113.09782608695654,0,0.4347826086956522]
[5,113.1521739130435,0,0.4347826086956522]
[4,113.20652173913045,0,0.4347826086956522]
[3,113.2608695652174,0,0.4347826086956522]
[4,113.31521739130437,0,0.4347826086956522]
[8,113.36956521739133,0,0.4347826086956522]
[7,113.42391304347828,0,0.4347826086956522]
[0,113.47826086956523,0,0.4347826086956522]
[1,113.53260869565219,0,0.4347826086956522]
[5,113.58695652173915,0,0.4347826086956522]
[4,113.64130434782611,0,0.4347826086956522]
[3,113.69565217391306,0,0.4347826086956522]
[4,113.75000000000001,0,0.4347826086956522]
[8,113.80434782608697,0,0.4347826086956522]
[7,113.85869565217394,0,0.4347826086956522]
[0,113.91304347826089,0,0.4347826086956522]
[1,113.96739130434784,0,0.4347826086956522]
[5,114.0217391304348,0,0.4347826086956522]
[4,114.07608695652175,0,0.4347826086956522]
[3,114.13043478260872,0,0.4347826086956522]
[4,114.18478260869567,0,0.4347826086956522]
[8,114.23913043478262,0,0.4347826086956522]
[7,114.29347826086959,0,0.4347826086956522]
[0,114.34782608695654,0,0.4347826086956522]
[1,114.4021739130435,0,0.4347826086956522]
[5,114.45652173913045,0,0.4347826086956522]
[4,114.5108695652174,0,0.4347826086956522]
[0,114.56521739130437,0,0.4347826086956522]
[1,114.61956521739133,0,0.4347826086956522]
[5,114.67391304347828,0,0.4347826086956522]
[4,114.72826086956523,0,0.4347826086956522]
[0,114.78260869565219,0,0.4347826086956522]
[1,114.83695652173915,0,0.4347826086956522]
[2,114.89130434782611,0,0.4347826086956522]
[1,114.94565217391306,0,0.4347826086956522]
[3,115.00000000000001,0,0.4347826086956522]
[4,115.05434782608697,0,0.4347826086956522]
[5,115.10869565217394,0,0.4347826086956522]
[4,115.16304347826089,0,0.4347826086956522]
[6,115.21739130434784,0,0.4347826086956522]
[7,115.2717391304348,0,0.4347826086956522]
[8,115.32608695652175,0,0.4347826086956522]
[7,115.38043478260872,0,0.4347826086956522]
[3,115.43478260869567,0,0.4347826086956522]
[4,115.48913043478262,0,0.4347826086956522]
[5,115.54347826086959,0,0.4347826086956522]
[4,115.59782608695653,0,0.4347826086956522]
[0,115.6521739130435,0,0.4347826086956522]
[1,115.70652173913045,0,0.4347826086956522]
[2,115.7608695652174,0,0.4347826086956522]
[1,115.81521739130437,0,0.4347826086956522]
[0,115.86956521739131,0,0.4347826086956522]
[1,115.92391304347828,0,0.4347826086956522]
[2,115.97826086956523,0,0.4347826086956522]
[1,116.03260869565219,0,0.4347826086956522]
[3,116.08695652173915,0,0.4347826086956522]
[4,116.14130434782611,0,0.4347826086956522]
[5,116.19565217391306,0,0.4347826086956522]
[4,116.25000000000003,0,0.4347826086956522]
[3,116.30434782608697,0,0.4347826086956522]
[4,116.35869565217394,0,0.4347826086956522]
[5,116.41304347826089,0,0.4347826086956522]
[4,116.46739130434784,0,0.4347826086956522]
[2,116.52173913043481,0,0.4347826086956522]
[1,116.57608695652175,0,0.4347826086956522]
[3,116.63043478260872,0,0.4347826086956522]
[4,116.68478260869567,0,0.4347826086956522]
[5,116.73913043478262,0,0.4347826086956522]
[4,116.79347826086959,0,0.4347826086956522]
[6,116.84782608695653,0,0.4347826086956522]
[7,116.9021739130435,0,0.4347826086956522]
[2,116.95652173913045,0,0.4347826086956522]
[1,117.0108695652174,0,0.4347826086956522]
[3,117.06521739130437,0,0.4347826086956522]
[4,117.11956521739131,0,0.4347826086956522]
[5,117.17391304347828,0,0.4347826086956522]
[4,117.22826086956523,0,0.4347826086956522]
[6,117.28260869565219,0,0.4347826086956522]
[7,117.33695652173915,0,0.4347826086956522]
[8,117.39130434782611,1,0.32608695652173914]
[3,117.71739130434784,0,0.32608695652173914]
[4,117.77173913043481,0,0.32608695652173914]
[5,117.82608695652175,1,0.32608695652173914]
[2,118.2608695652174,0,0.4347826086956522]
[1,118.31521739130436,0,0.4347826086956522]
[3,118.36956521739131,0,0.4347826086956522]
[4,118.42391304347827,0,0.4347826086956522]
[5,118.47826086956522,0,0.4347826086956522]
[4,118.53260869565219,0,0.4347826086956522]
[6,118.58695652173914,0,0.4347826086956522]
[7,118.6413043478261,0,0.4347826086956522]
[2,118.69565217391305,0,0.4347826086956522]
[1,118.75,0,0.4347826086956522]
[3,118.80434782608697,0,0.4347826086956522]
[4,118.85869565217392,0,0.4347826086956522]
[5,118.91304347826087,0,0.4347826086956522]
[4,118.96739130434783,0,0.4347826086956522]
[6,119.02173913043478,0,0.4347826086956522]
[7,119.07608695652175,0,0.4347826086956522]
[2,119.1304347826087,0,0.4347826086956522]
[1,119.18478260869566,0,0.4347826086956522]
[3,119.23913043478261,0,0.4347826086956522]
[4,119.29347826086956,0,0.4347826086956522]
[2,119.34782608695653,0,0.4347826086956522]
[1,119.40217391304348,0,0.4347826086956522]
[3,119.45652173913044,0,0.4347826086956522]
[4,119.5108695652174,0,0.4347826086956522]
[5,119.56521739130436,0,0.4347826086956522]
[4,119.61956521739131,0,0.4347826086956522]
[6,119.67391304347827,0,0.4347826086956522]
[7,119.72826086956522,0,0.4347826086956522]
[5,119.78260869565219,0,0.4347826086956522]
[4,119.83695652173914,0,0.4347826086956522]
[6,119.8913043478261,0,0.4347826086956522]
[7,119.94565217391305,0,0.4347826086956522]
[0,120,0,0.4347826086956522]
[1,120.05434782608697,0,0.4347826086956522]
[5,120.10869565217392,0,0.4347826086956522]
[4,120.16304347826087,0,0.4347826086956522]
[3,120.21739130434783,0,0.4347826086956522]
[4,120.27173913043478,0,0.4347826086956522]
[8,120.32608695652175,0,0.4347826086956522]
[7,120.3804347826087,0,0.4347826086956522]
[0,120.43478260869566,0,0.4347826086956522]
[1,120.48913043478262,0,0.4347826086956522]
[5,120.54347826086956,0,0.4347826086956522]
[4,120.59782608695653,0,0.4347826086956522]
[3,120.65217391304348,0,0.4347826086956522]
[4,120.70652173913044,0,0.4347826086956522]
[8,120.7608695652174,0,0.4347826086956522]
[7,120.81521739130436,0,0.4347826086956522]
[0,120.86956521739131,0,0.4347826086956522]
[1,120.92391304347827,0,0.4347826086956522]
[5,120.97826086956522,0,0.4347826086956522]
[4,121.03260869565219,0,0.4347826086956522]
[3,121.08695652173914,0,0.4347826086956522]
[4,121.1413043478261,0,0.4347826086956522]
[8,121.19565217391305,0,0.4347826086956522]
[7,121.25,0,0.4347826086956522]
[0,121.30434782608697,0,0.4347826086956522]
[1,121.35869565217392,0,0.4347826086956522]
[5,121.41304347826087,0,0.4347826086956522]
[4,121.46739130434783,0,0.4347826086956522]
[0,121.52173913043478,0,0.4347826086956522]
[1,121.57608695652175,0,0.4347826086956522]
[5,121.6304347826087,0,0.4347826086956522]
[4,121.68478260869566,0,0.4347826086956522]
[0,121.73913043478262,0,0.4347826086956522]
[1,121.79347826086956,0,0.4347826086956522]
[2,121.84782608695653,0,0.4347826086956522]
[1,121.90217391304348,0,0.4347826086956522]
[3,121.95652173913044,0,0.4347826086956522]
[4,122.0108695652174,0,0.4347826086956522]
[5,122.06521739130436,0,0.4347826086956522]
[4,122.11956521739131,0,0.4347826086956522]
[6,122.17391304347827,0,0.4347826086956522]
[7,122.22826086956522,0,0.4347826086956522]
[8,122.28260869565219,0,0.4347826086956522]
[7,122.33695652173914,0,0.4347826086956522]
[3,122.3913043478261,0,0.4347826086956522]
[4,122.44565217391305,0,0.4347826086956522]
[5,122.5,0,0.4347826086956522]
[4,122.55434782608697,0,0.4347826086956522]
[0,122.60869565217392,0,0.4347826086956522]
[1,122.66304347826087,0,0.4347826086956522]
[2,122.71739130434784,0,0.4347826086956522]
[1,122.77173913043478,0,0.4347826086956522]
[0,122.82608695652175,0,0.4347826086956522]
[1,122.8804347826087,0,0.4347826086956522]
[2,122.93478260869566,0,0.4347826086956522]
[1,122.98913043478262,0,0.4347826086956522]
[3,123.04347826086956,0,0.4347826086956522]
[4,123.09782608695653,0,0.4347826086956522]
[5,123.15217391304348,0,0.4347826086956522]
[4,123.20652173913044,0,0.4347826086956522]
[0,123.2608695652174,0,0.4347826086956522]
[1,123.2608695652174,0,0.4347826086956522]
[2,123.47826086956523,0,0.4347826086956522]
[5,123.47826086956523,0,0.4347826086956522]
[4,123.69565217391305,0,0.4347826086956522]
[3,123.69565217391305,0,0.4347826086956522]
[5,123.91304347826087,0,0.4347826086956522]
[8,123.91304347826087,0,0.4347826086956522]
[6,124.1304347826087,0,0.4347826086956522]
[7,124.1304347826087,0,0.4347826086956522]
[3,124.34782608695653,1,0.7608695652173914]
[4,124.34782608695653,1,0.7608695652173914]
[5,124.34782608695653,1,0.7608695652173914]
[2,125.21739130434784,0,0.4347826086956522]
[1,125.2717391304348,0,0.4347826086956522]
[3,125.32608695652175,0,0.4347826086956522]
[4,125.3804347826087,0,0.4347826086956522]
[2,125.43478260869566,0,0.4347826086956522]
[1,125.48913043478262,0,0.4347826086956522]
[3,125.54347826086958,0,0.4347826086956522]
[4,125.59782608695653,0,0.4347826086956522]
[5,125.65217391304348,0,0.4347826086956522]
[4,125.70652173913044,0,0.4347826086956522]
[6,125.7608695652174,0,0.4347826086956522]
[7,125.81521739130436,0,0.4347826086956522]
[5,125.86956521739131,0,0.4347826086956522]
[4,125.92391304347827,0,0.4347826086956522]
[0,125.97826086956522,0,0.4347826086956522]
[1,126.03260869565219,0,0.4347826086956522]
[5,126.08695652173914,0,0.4347826086956522]
[4,126.1413043478261,0,0.4347826086956522]
[6,126.19565217391306,0,0.4347826086956522]
[7,126.25,0,0.4347826086956522]
[5,126.30434782608697,0,0.4347826086956522]
[4,126.35869565217392,0,0.4347826086956522]
[0,126.41304347826087,0,0.4347826086956522]
[1,126.46739130434784,0,0.4347826086956522]
[8,126.5217391304348,0,0.4347826086956522]
[7,126.57608695652175,0,0.4347826086956522]
[3,126.6304347826087,0,0.4347826086956522]
[4,126.68478260869566,0,0.4347826086956522]
[2,126.73913043478262,0,0.4347826086956522]
[1,126.79347826086958,0,0.4347826086956522]
[3,126.84782608695653,0,0.4347826086956522]
[4,126.90217391304348,0,0.4347826086956522]
[8,126.95652173913044,0,0.4347826086956522]
[7,127.0108695652174,0,0.4347826086956522]
[3,127.06521739130436,0,0.4347826086956522]
[4,127.11956521739131,0,0.4347826086956522]
[8,127.17391304347828,0,0.4347826086956522]
[7,127.22826086956522,0,0.4347826086956522]
[3,127.28260869565219,0,0.4347826086956522]
[4,127.33695652173914,0,0.4347826086956522]
[5,127.3913043478261,0,0.4347826086956522]
[4,127.44565217391306,0,0.4347826086956522]
[3,127.5,0,0.4347826086956522]
[4,127.55434782608697,0,0.4347826086956522]
[5,127.60869565217392,0,0.4347826086956522]
[4,127.66304347826087,0,0.4347826086956522]
[3,127.71739130434784,0,0.4347826086956522]
[4,127.7717391304348,0,0.4347826086956522]
[8,127.82608695652175,0,0.4347826086956522]
[7,127.8804347826087,0,0.4347826086956522]
[0,127.93478260869566,0,0.4347826086956522]
[1,127.98913043478262,0,0.4347826086956522]
[5,128.04347826086956,0,0.4347826086956522]
[4,128.09782608695653,0,0.4347826086956522]
[6,128.1521739130435,0,0.4347826086956522]
[7,128.20652173913044,0,0.4347826086956522]
[8,128.2608695652174,0,0.4347826086956522]
[7,128.31521739130437,0,0.4347826086956522]
[6,128.3695652173913,0,0.4347826086956522]
[7,128.42391304347825,0,0.4347826086956522]
[5,128.47826086956522,0,0.4347826086956522]
[4,128.5326086956522,0,0.4347826086956522]
[6,128.58695652173913,0,0.4347826086956522]
[7,128.6413043478261,0,0.4347826086956522]
[2,128.69565217391306,0,0.4347826086956522]
[1,128.75,0,0.4347826086956522]
[3,128.80434782608697,0,0.4347826086956522]
[4,128.85869565217394,0,0.4347826086956522]
[5,128.91304347826087,0,0.4347826086956522]
[4,128.96739130434784,0,0.4347826086956522]
[6,129.0217391304348,0,0.4347826086956522]
[7,129.07608695652175,0,0.4347826086956522]
[8,129.1304347826087,0,0.4347826086956522]
[7,129.18478260869566,0,0.4347826086956522]
[6,129.23913043478262,0,0.4347826086956522]
[7,129.29347826086956,0,0.4347826086956522]
[5,129.34782608695653,0,0.4347826086956522]
[4,129.4021739130435,0,0.4347826086956522]
[0,129.45652173913044,0,0.4347826086956522]
[1,129.5108695652174,0,0.4347826086956522]
[2,129.56521739130437,0,0.4347826086956522]
[1,129.6195652173913,0,0.4347826086956522]
[3,129.67391304347825,0,0.4347826086956522]
[4,129.72826086956522,0,0.4347826086956522]
[8,129.7826086956522,0,0.4347826086956522]
[7,129.83695652173913,0,0.4347826086956522]
[3,129.8913043478261,0,0.4347826086956522]
[4,129.94565217391306,0,0.4347826086956522]
[5,130,0,0.4347826086956522]
[4,130.05434782608697,0,0.4347826086956522]
[3,130.10869565217394,0,0.4347826086956522]
[4,130.16304347826087,0,0.4347826086956522]
[2,130.21739130434784,0,0.4347826086956522]
[1,130.2717391304348,0,0.4347826086956522]
[3,130.32608695652175,0,0.4347826086956522]
[4,130.3804347826087,0,0.4347826086956522]
[2,130.43478260869566,0,0.4347826086956522]
[1,130.48913043478262,0,0.4347826086956522]
[3,130.54347826086956,0,0.4347826086956522]
[4,130.59782608695653,0,0.4347826086956522]
[2,130.6521739130435,0,0.4347826086956522]
[1,130.70652173913044,0,0.4347826086956522]
[3,130.7608695652174,0,0.4347826086956522]
[4,130.81521739130437,0,0.4347826086956522]
[2,130.8695652173913,0,0.4347826086956522]
[1,130.92391304347825,0,0.4347826086956522]
[3,130.97826086956522,0,0.4347826086956522]
[4,131.0326086956522,0,0.4347826086956522]
[2,131.08695652173913,0,0.4347826086956522]
[1,131.1413043478261,0,0.4347826086956522]
[3,131.19565217391306,0,0.4347826086956522]
[4,131.25,0,0.4347826086956522]
[5,131.30434782608697,0,0.4347826086956522]
[4,131.35869565217394,0,0.4347826086956522]
[6,131.41304347826087,0,0.4347826086956522]
[7,131.46739130434784,0,0.4347826086956522]
[5,131.5217391304348,0,0.4347826086956522]
[4,131.57608695652175,0,0.4347826086956522]
[6,131.6304347826087,0,0.4347826086956522]
[7,131.68478260869566,0,0.4347826086956522]
[8,131.73913043478262,0,0.4347826086956522]
[7,131.79347826086956,0,0.4347826086956522]
[6,131.84782608695653,0,0.4347826086956522]
[7,131.9021739130435,0,0.4347826086956522]
[8,131.95652173913044,0,0.4347826086956522]
[7,132.0108695652174,0,0.4347826086956522]
[6,132.06521739130437,0,0.4347826086956522]
[7,132.1195652173913,0,0.4347826086956522]
[2,132.17391304347825,0,0.4347826086956522]
[1,132.22826086956522,0,0.4347826086956522]
[3,132.2826086956522,0,0.4347826086956522]
[4,132.33695652173913,0,0.4347826086956522]
[2,132.3913043478261,0,0.4347826086956522]
[1,132.44565217391306,0,0.4347826086956522]
[3,132.5,0,0.4347826086956522]
[4,132.55434782608697,0,0.4347826086956522]
[5,132.60869565217394,0,0.4347826086956522]
[4,132.66304347826087,0,0.4347826086956522]
[6,132.7173913043478,0,0.4347826086956522]
[7,132.77173913043478,0,0.4347826086956522]
[5,132.82608695652175,0,0.4347826086956522]
[4,132.8804347826087,0,0.4347826086956522]
[0,132.93478260869566,0,0.4347826086956522]
[1,132.98913043478262,0,0.4347826086956522]
[5,133.04347826086956,0,0.4347826086956522]
[4,133.09782608695653,0,0.4347826086956522]
[6,133.1521739130435,0,0.4347826086956522]
[7,133.20652173913044,0,0.4347826086956522]
[5,133.26086956521738,0,0.4347826086956522]
[4,133.31521739130434,0,0.4347826086956522]
[0,133.3695652173913,0,0.4347826086956522]
[1,133.42391304347825,0,0.4347826086956522]
[8,133.47826086956522,0,0.4347826086956522]
[7,133.5326086956522,0,0.4347826086956522]
[3,133.58695652173913,0,0.4347826086956522]
[4,133.6413043478261,0,0.4347826086956522]
[2,133.69565217391306,0,0.4347826086956522]
[1,133.75,0,0.4347826086956522]
[3,133.80434782608697,0,0.4347826086956522]
[4,133.85869565217394,0,0.4347826086956522]
[8,133.91304347826087,0,0.4347826086956522]
[7,133.9673913043478,0,0.4347826086956522]
[3,134.02173913043478,0,0.4347826086956522]
[4,134.07608695652175,0,0.4347826086956522]
[8,134.1304347826087,0,0.4347826086956522]
[7,134.18478260869566,0,0.4347826086956522]
[3,134.23913043478262,0,0.4347826086956522]
[4,134.29347826086956,0,0.4347826086956522]
[5,134.34782608695653,0,0.4347826086956522]
[4,134.4021739130435,0,0.4347826086956522]
[3,134.45652173913044,0,0.4347826086956522]
[4,134.51086956521738,0,0.4347826086956522]
[5,134.56521739130434,0,0.4347826086956522]
[4,134.6195652173913,0,0.4347826086956522]
[3,134.67391304347825,0,0.4347826086956522]
[4,134.72826086956522,0,0.4347826086956522]
[8,134.7826086956522,0,0.4347826086956522]
[7,134.83695652173913,0,0.4347826086956522]
[0,134.8913043478261,0,0.4347826086956522]
[1,134.94565217391306,0,0.4347826086956522]
[5,135,0,0.4347826086956522]
[4,135.05434782608697,0,0.4347826086956522]
[6,135.10869565217394,0,0.4347826086956522]
[7,135.16304347826087,0,0.4347826086956522]
[8,135.2173913043478,0,0.4347826086956522]
[7,135.27173913043478,0,0.4347826086956522]
[6,135.32608695652175,0,0.4347826086956522]
[7,135.3804347826087,0,0.4347826086956522]
[5,135.43478260869566,0,0.4347826086956522]
[4,135.48913043478262,0,0.4347826086956522]
[6,135.54347826086956,0,0.4347826086956522]
[7,135.59782608695653,0,0.4347826086956522]
[2,135.6521739130435,0,0.4347826086956522]
[1,135.70652173913044,0,0.4347826086956522]
[3,135.76086956521738,0,0.4347826086956522]
[4,135.81521739130434,0,0.4347826086956522]
[5,135.8695652173913,0,0.4347826086956522]
[4,135.92391304347825,0,0.4347826086956522]
[6,135.97826086956522,0,0.4347826086956522]
[7,136.0326086956522,0,0.4347826086956522]
[8,136.08695652173913,0,0.4347826086956522]
[7,136.1413043478261,0,0.4347826086956522]
[6,136.19565217391306,0,0.4347826086956522]
[7,136.25,0,0.4347826086956522]
[5,136.30434782608697,0,0.4347826086956522]
[4,136.35869565217394,0,0.4347826086956522]
[0,136.41304347826087,0,0.4347826086956522]
[1,136.4673913043478,0,0.4347826086956522]
[2,136.52173913043478,0,0.4347826086956522]
[1,136.57608695652175,0,0.4347826086956522]
[3,136.6304347826087,0,0.4347826086956522]
[4,136.68478260869566,0,0.4347826086956522]
[8,136.73913043478262,0,0.4347826086956522]
[7,136.79347826086956,0,0.4347826086956522]
[3,136.84782608695653,0,0.4347826086956522]
[4,136.9021739130435,0,0.4347826086956522]
[5,136.95652173913044,0,0.4347826086956522]
[4,137.01086956521738,0,0.4347826086956522]
[3,137.06521739130434,0,0.4347826086956522]
[4,137.1195652173913,0,0.4347826086956522]
[2,137.17391304347825,0,0.4347826086956522]
[1,137.22826086956522,0,0.4347826086956522]
[3,137.2826086956522,0,0.4347826086956522]
[4,137.33695652173913,0,0.4347826086956522]
[2,137.3913043478261,0,0.4347826086956522]
[0,137.60869565217394,0,0.32608695652173914]
[0,137.71739130434784,0,0.32608695652173914]
[0,137.82608695652175,0,0.32608695652173914]
[2,138.04347826086956,0,0.32608695652173914]
[6,138.47826086956522,0,0.2173913043478261]
[6,138.69565217391306,0,0.2173913043478261]
[8,138.91304347826087,0,0.32608695652173914]
[2,139.13043478260875,0,0.4347826086956522]
[1,139.18478260869568,0,0.4347826086956522]
[3,139.23913043478265,0,0.4347826086956522]
[4,139.29347826086962,0,0.4347826086956522]
[2,139.34782608695656,0,0.4347826086956522]
[1,139.40217391304353,0,0.4347826086956522]
[3,139.4565217391305,0,0.4347826086956522]
[4,139.51086956521743,0,0.4347826086956522]
[5,139.5652173913044,0,0.4347826086956522]
[4,139.61956521739134,0,0.4347826086956522]
[6,139.6739130434783,0,0.4347826086956522]
[7,139.72826086956525,0,0.4347826086956522]
[5,139.78260869565221,0,0.4347826086956522]
[4,139.83695652173918,0,0.4347826086956522]
[0,139.89130434782612,0,0.4347826086956522]
[1,139.9456521739131,0,0.4347826086956522]
[5,140.00000000000006,0,0.4347826086956522]
[4,140.054347826087,0,0.4347826086956522]
[6,140.10869565217396,0,0.4347826086956522]
[7,140.16304347826093,0,0.4347826086956522]
[5,140.21739130434787,0,0.4347826086956522]
[4,140.2717391304348,0,0.4347826086956522]
[0,140.32608695652178,0,0.4347826086956522]
[1,140.38043478260875,0,0.4347826086956522]
[8,140.43478260869568,0,0.4347826086956522]
[7,140.48913043478265,0,0.4347826086956522]
[3,140.54347826086962,0,0.4347826086956522]
[4,140.59782608695656,0,0.4347826086956522]
[2,140.65217391304353,0,0.4347826086956522]
[1,140.7065217391305,0,0.4347826086956522]
[3,140.76086956521743,0,0.4347826086956522]
[4,140.8152173913044,0,0.4347826086956522]
[8,140.86956521739137,0,0.4347826086956522]
[7,140.9239130434783,0,0.4347826086956522]
[3,140.97826086956525,0,0.4347826086956522]
[4,141.03260869565221,0,0.4347826086956522]
[8,141.08695652173918,0,0.4347826086956522]
[7,141.14130434782612,0,0.4347826086956522]
[3,141.1956521739131,0,0.4347826086956522]
[4,141.25000000000006,0,0.4347826086956522]
[5,141.304347826087,0,0.4347826086956522]
[4,141.35869565217396,0,0.4347826086956522]
[3,141.41304347826093,0,0.4347826086956522]
[4,141.46739130434787,0,0.4347826086956522]
[5,141.5217391304348,0,0.4347826086956522]
[4,141.57608695652178,0,0.4347826086956522]
[3,141.63043478260875,0,0.4347826086956522]
[4,141.68478260869568,0,0.4347826086956522]
[8,141.73913043478265,0,0.4347826086956522]
[7,141.79347826086962,0,0.4347826086956522]
[0,141.84782608695656,0,0.4347826086956522]
[1,141.90217391304353,0,0.4347826086956522]
[5,141.9565217391305,0,0.4347826086956522]
[4,142.01086956521743,0,0.4347826086956522]
[6,142.0652173913044,0,0.4347826086956522]
[7,142.11956521739137,0,0.4347826086956522]
[8,142.1739130434783,0,0.4347826086956522]
[7,142.22826086956525,0,0.4347826086956522]
[6,142.28260869565221,0,0.4347826086956522]
[7,142.33695652173918,0,0.4347826086956522]
[5,142.39130434782612,0,0.4347826086956522]
[4,142.4456521739131,0,0.4347826086956522]
[6,142.50000000000006,0,0.4347826086956522]
[7,142.554347826087,0,0.4347826086956522]
[2,142.60869565217396,0,0.4347826086956522]
[1,142.66304347826093,0,0.4347826086956522]
[3,142.71739130434787,0,0.4347826086956522]
[4,142.7717391304348,0,0.4347826086956522]
[5,142.82608695652178,0,0.4347826086956522]
[4,142.88043478260875,0,0.4347826086956522]
[6,142.93478260869568,0,0.4347826086956522]
[7,142.98913043478265,0,0.4347826086956522]
[8,143.04347826086962,0,0.4347826086956522]
[7,143.09782608695656,0,0.4347826086956522]
[6,143.15217391304353,0,0.4347826086956522]
[7,143.2065217391305,0,0.4347826086956522]
[5,143.26086956521743,0,0.4347826086956522]
[4,143.3152173913044,0,0.4347826086956522]
[0,143.36956521739137,0,0.4347826086956522]
[1,143.4239130434783,0,0.4347826086956522]
[2,143.47826086956525,0,0.4347826086956522]
[1,143.53260869565221,0,0.4347826086956522]
[3,143.58695652173918,0,0.4347826086956522]
[4,143.64130434782612,0,0.4347826086956522]
[8,143.6956521739131,0,0.4347826086956522]
[7,143.75000000000006,0,0.4347826086956522]
[3,143.804347826087,0,0.4347826086956522]
[4,143.85869565217396,0,0.4347826086956522]
[5,143.91304347826093,0,0.4347826086956522]
[4,143.96739130434787,0,0.4347826086956522]
[3,144.0217391304348,0,0.4347826086956522]
[4,144.07608695652178,0,0.4347826086956522]
[2,144.13043478260875,0,0.4347826086956522]
[1,144.18478260869568,0,0.4347826086956522]
[3,144.23913043478265,0,0.4347826086956522]
[4,144.29347826086962,0,0.4347826086956522]
[2,144.34782608695656,0,0.4347826086956522]
[1,144.40217391304353,0,0.4347826086956522]
[3,144.4565217391305,0,0.4347826086956522]
[4,144.51086956521743,0,0.4347826086956522]
[2,144.5652173913044,0,0.4347826086956522]
[1,144.61956521739137,0,0.4347826086956522]
[3,144.6739130434783,0,0.4347826086956522]
[4,144.72826086956525,0,0.4347826086956522]
[2,144.78260869565221,0,0.4347826086956522]
[1,144.83695652173918,0,0.4347826086956522]
[3,144.89130434782612,0,0.4347826086956522]
[4,144.9456521739131,0,0.4347826086956522]
[2,145.00000000000006,0,0.4347826086956522]
[1,145.054347826087,0,0.4347826086956522]
[3,145.10869565217396,0,0.4347826086956522]
[4,145.16304347826093,0,0.4347826086956522]
[5,145.21739130434787,0,0.4347826086956522]
[4,145.2717391304348,0,0.4347826086956522]
[6,145.32608695652178,0,0.4347826086956522]
[7,145.38043478260875,0,0.4347826086956522]
[5,145.43478260869568,0,0.4347826086956522]
[4,145.48913043478265,0,0.4347826086956522]
[6,145.54347826086962,0,0.4347826086956522]
[7,145.59782608695656,0,0.4347826086956522]
[8,145.65217391304353,0,0.4347826086956522]
[7,145.7065217391305,0,0.4347826086956522]
[6,145.76086956521743,0,0.4347826086956522]
[7,145.8152173913044,0,0.4347826086956522]
[8,145.86956521739137,0,0.4347826086956522]
[7,145.9239130434783,0,0.4347826086956522]
[6,145.97826086956525,0,0.4347826086956522]
[7,146.03260869565221,0,0.4347826086956522]
[2,146.08695652173918,0,0.4347826086956522]
[1,146.14130434782612,0,0.4347826086956522]
[3,146.1956521739131,0,0.4347826086956522]
[4,146.25000000000006,0,0.4347826086956522]
[2,146.304347826087,0,0.4347826086956522]
[1,146.35869565217396,0,0.4347826086956522]
[3,146.4130434782609,0,0.4347826086956522]
[4,146.46739130434787,0,0.4347826086956522]
[5,146.5217391304348,0,0.4347826086956522]
[4,146.57608695652178,0,0.4347826086956522]
[6,146.63043478260875,0,0.4347826086956522]
[7,146.68478260869568,0,0.4347826086956522]
[5,146.73913043478265,0,0.4347826086956522]
[4,146.79347826086962,0,0.4347826086956522]
[0,146.84782608695656,0,0.4347826086956522]
[1,146.90217391304353,0,0.4347826086956522]
[5,146.9565217391305,0,0.4347826086956522]
[4,147.01086956521743,0,0.4347826086956522]
[6,147.06521739130437,0,0.4347826086956522]
[7,147.11956521739134,0,0.4347826086956522]
[5,147.1739130434783,0,0.4347826086956522]
[4,147.22826086956525,0,0.4347826086956522]
[0,147.28260869565221,0,0.4347826086956522]
[1,147.33695652173918,0,0.4347826086956522]
[8,147.39130434782612,0,0.4347826086956522]
[7,147.4456521739131,0,0.4347826086956522]
[3,147.50000000000006,0,0.4347826086956522]
[4,147.554347826087,0,0.4347826086956522]
[2,147.60869565217396,0,0.4347826086956522]
[1,147.6630434782609,0,0.4347826086956522]
[3,147.71739130434787,0,0.4347826086956522]
[4,147.7717391304348,0,0.4347826086956522]
[8,147.82608695652178,0,0.4347826086956522]
[7,147.88043478260875,0,0.4347826086956522]
[3,147.93478260869568,0,0.4347826086956522]
[4,147.98913043478265,0,0.4347826086956522]
[8,148.04347826086962,0,0.4347826086956522]
[7,148.09782608695656,0,0.4347826086956522]
[3,148.15217391304353,0,0.4347826086956522]
[4,148.2065217391305,0,0.4347826086956522]
[5,148.26086956521743,0,0.4347826086956522]
[4,148.31521739130437,0,0.4347826086956522]
[3,148.36956521739134,0,0.4347826086956522]
[4,148.4239130434783,0,0.4347826086956522]
[5,148.47826086956525,0,0.4347826086956522]
[4,148.53260869565221,0,0.4347826086956522]
[3,148.58695652173918,0,0.4347826086956522]
[4,148.64130434782612,0,0.4347826086956522]
[8,148.6956521739131,0,0.4347826086956522]
[7,148.75000000000006,0,0.4347826086956522]
[0,148.804347826087,0,0.4347826086956522]
[1,148.85869565217394,0,0.4347826086956522]
[5,148.9130434782609,0,0.4347826086956522]
[4,148.96739130434787,0,0.4347826086956522]
[6,149.0217391304348,0,0.4347826086956522]
[7,149.07608695652178,0,0.4347826086956522]
[8,149.13043478260875,0,0.4347826086956522]
[7,149.18478260869568,0,0.4347826086956522]
[6,149.23913043478265,0,0.4347826086956522]
[7,149.29347826086962,0,0.4347826086956522]
[5,149.34782608695656,0,0.4347826086956522]
[4,149.40217391304353,0,0.4347826086956522]
[6,149.4565217391305,0,0.4347826086956522]
[7,149.51086956521743,0,0.4347826086956522]
[2,149.56521739130437,0,0.4347826086956522]
[1,149.61956521739134,0,0.4347826086956522]
[3,149.6739130434783,0,0.4347826086956522]
[4,149.72826086956525,0,0.4347826086956522]
[5,149.78260869565221,0,0.4347826086956522]
[4,149.83695652173918,0,0.4347826086956522]
[6,149.89130434782612,0,0.4347826086956522]
[7,149.9456521739131,0,0.4347826086956522]
[8,150.00000000000006,0,0.4347826086956522]
[7,150.054347826087,0,0.4347826086956522]
[6,150.10869565217394,0,0.4347826086956522]
[7,150.1630434782609,0,0.4347826086956522]
[5,150.21739130434787,0,0.4347826086956522]
[4,150.2717391304348,0,0.4347826086956522]
[0,150.32608695652178,0,0.4347826086956522]
[1,150.38043478260875,0,0.4347826086956522]
[2,150.43478260869568,0,0.4347826086956522]
[1,150.48913043478265,0,0.4347826086956522]
[3,150.54347826086962,0,0.4347826086956522]
[4,150.59782608695656,0,0.4347826086956522]
[8,150.65217391304353,0,0.4347826086956522]
[7,150.7065217391305,0,0.4347826086956522]
[3,150.76086956521743,0,0.4347826086956522]
[4,150.81521739130437,0,0.4347826086956522]
[5,150.86956521739134,0,0.4347826086956522]
[4,150.9239130434783,0,0.4347826086956522]
[3,150.97826086956525,0,0.4347826086956522]
[4,151.03260869565221,0,0.4347826086956522]
[2,151.08695652173918,0,0.4347826086956522]
[1,151.14130434782612,0,0.4347826086956522]
[3,151.1956521739131,0,0.4347826086956522]
[4,151.25000000000006,0,0.4347826086956522]
[5,151.304347826087,0,0.7608695652173914]
[4,151.35869565217394,0,0.7608695652173914]
[6,151.41304347826087,0,0.7608695652173914]
[7,151.46739130434784,0,0.7608695652173914]
[2,151.52173913043484,0,0.4347826086956522]
[1,151.5760869565218,0,0.4347826086956522]
[3,151.63043478260875,0,0.4347826086956522]
[4,151.6847826086957,0,0.4347826086956522]
[5,151.73913043478262,0,0.7608695652173914]
[4,151.7934782608696,0,0.7608695652173914]
[6,151.84782608695656,0,0.7608695652173914]
[7,151.9021739130435,0,0.7608695652173914]
[2,151.95652173913044,0,0.7608695652173914]
[1,152.0108695652174,0,0.7608695652173914]
[3,152.06521739130437,0,0.7608695652173914]
[4,152.1195652173913,0,0.7608695652173914]
[5,152.17391304347825,0,0.7608695652173914]
[4,152.22826086956522,0,0.7608695652173914]
[6,152.2826086956522,0,0.7608695652173914]
[7,152.33695652173913,0,0.7608695652173914]
[5,152.3913043478261,0,0.7608695652173914]
[4,152.44565217391306,0,0.7608695652173914]
[6,152.5,0,0.7608695652173914]
[7,152.55434782608697,0,0.7608695652173914]
[5,152.60869565217394,0,0.8695652173913044]
[4,152.66304347826087,0,0.8695652173913044]
[6,152.7173913043478,0,0.8695652173913044]
[7,152.7717391304348,0,0.8695652173913044]
[5,152.82608695652175,0,0.8695652173913044]
[4,152.8804347826087,0,0.8695652173913044]
[6,152.93478260869566,0,0.8695652173913044]
[7,152.98913043478262,0,0.8695652173913044]
[1,153.0434782608696,0,0.7608695652173914]
[2,153.0434782608696,0,0.7608695652173914]
[6,153.47826086956522,0,0.7608695652173914]
[7,153.47826086956522,0,0.7608695652173914]
[1,153.80434782608697,0,0.7608695652173914]
[2,153.80434782608697,0,0.7608695652173914]
[4,154.02173913043478,0,0.7608695652173914]
[3,154.02173913043478,0,0.7608695652173914]
[7,154.13043478260872,0,0.7608695652173914]
[8,154.13043478260872,0,0.7608695652173914]
[0,154.34782608695653,0,0.7608695652173914]
[1,154.34782608695653,0,0.7608695652173914]
[2,154.34782608695653,0,0.7608695652173914]
[6,154.56521739130437,0,0.7608695652173914]
[7,154.56521739130437,0,0.7608695652173914]
[8,154.56521739130437,0,0.7608695652173914]
[0,154.7826086956522,0,0.7608695652173914]
[1,154.7826086956522,0,0.7608695652173914]
[7,155.21739130434784,0,0.7608695652173914]
[8,155.21739130434784,0,0.7608695652173914]
[0,155.5434782608696,0,0.7608695652173914]
[1,155.5434782608696,0,0.7608695652173914]
[5,155.7608695652174,0,0.7608695652173914]
[4,155.7608695652174,0,0.7608695652173914]
[7,155.8695652173913,0,0.7608695652173914]
[6,155.8695652173913,0,0.7608695652173914]
[0,156.08695652173915,0,0.7608695652173914]
[1,156.08695652173915,0,0.7608695652173914]
[2,156.08695652173915,0,0.7608695652173914]
[6,156.30434782608697,0,0.7608695652173914]
[8,156.30434782608697,0,0.7608695652173914]
[7,156.30434782608697,0,0.7608695652173914]
[0,156.52173913043478,0,0.7608695652173914]
[1,156.52173913043478,0,0.7608695652173914]
[5,156.73913043478262,0,0.7608695652173914]
[4,156.73913043478262,0,0.7608695652173914]
[6,156.95652173913044,0,0.7608695652173914]
[7,156.95652173913044,0,0.7608695652173914]
[2,157.17391304347828,0,0.7608695652173914]
[1,157.17391304347828,0,0.7608695652173914]
[4,157.2826086956522,0,0.7608695652173914]
[3,157.2826086956522,0,0.7608695652173914]
[5,157.5,0,0.7608695652173914]
[4,157.5,0,0.7608695652173914]
[7,157.60869565217394,0,0.7608695652173914]
[6,157.60869565217394,0,0.7608695652173914]
[0,157.82608695652175,0,0.7608695652173914]
[1,157.82608695652175,0,0.7608695652173914]
[2,157.82608695652175,0,0.7608695652173914]
[8,158.0434782608696,0,0.7608695652173914]
[7,158.0434782608696,0,0.7608695652173914]
[6,158.0434782608696,0,0.7608695652173914]
[6,159.13043478260872,0,0.7608695652173914]
[2,159.13043478260872,0,0.7608695652173914]
[4,159.13043478260872,0,0.2173913043478261]
[1,159.56521739130437,0,0.7608695652173914]
[3,159.56521739130437,0,0.7608695652173914]
[7,159.56521739130437,0,0.7608695652173914]
[5,159.56521739130437,0,0.7608695652173914]
[0,159.56521739130437,0,0.2173913043478261]
[8,159.56521739130437,0,0.2173913043478261]