[0,0,0,0.4054054054054054]
[2,0.27027027027027023,0,0.4054054054054054]
[1,0.4054054054054054,0,0.4054054054054054]
[3,0.6756756756756757,0,0.4054054054054054]
[4,0.8108108108108107,0,0.4054054054054054]
[8,1.081081081081081,0,0.4054054054054054]
[6,1.2162162162162162,0,0.27027027]
[5,1.4864864864864864,0,0.27027027]
[0,1.6216216216216215,0,0.27027027]
[2,1.8918918918918919,0,0.4054054054054054]
[1,2.0270270270270268,0,0.4054054054054054]
[3,2.2972972972972974,0,0.4054054054054054]
[4,2.4324324324324325,0,0.4054054054054054]
[5,2.8378378378378377,0,0.4054054054054054]
[6,3.243243243243243,0,0.27027027024324324]
[8,3.6486486486486487,0,0.27027027024324324]
[3,4.0540540540540535,0,0.27027027024324324]
[5,4.45945945945946,0,0.27027027024324324]
[0,4.864864864864865,0,0.27027027024324324]
[2,5.27027027027027,0,0.27027027024324324]
[3,5.675675675675675,0,0.27027027024324324]
[4,5.945945945945946,0,0.27027027024324324]
[8,6.351351351351351,0,0.27027027]
[7,6.486486486486486,0,0.27027027]
[3,6.756756756756756,0,0.27027027024324324]
[4,6.891891891891891,0,0.27027027024324324]
[2,7.162162162162161,0,0.27027027024324324]
[1,7.297297297297297,0,0.27027027024324324]
[3,7.5675675675675675,0,0.27027027024324324]
[5,7.702702702702703,0,0.27027027]
[6,7.972972972972973,0,0.27027027]
[8,8.108108108108107,0,0.27027027]
[3,8.378378378378377,0,0.27027027]
[4,8.513513513513512,0,0.27027027]
[2,8.783783783783784,0,0.27027027]
[1,8.91891891891892,0,0.27027027024324324]
[0,9.324324324324325,0,0.27027027]
[5,9.72972972972973,0,0.27027027]
[3,10.135135135135135,0,0.27027027]
[8,10.54054054054054,0,0.27027027]
[6,10.81081081081081,0,0.27027027]
[7,10.945945945945946,0,0.27027027024324324]
[5,11.216216216216216,0,0.27027027]
[4,11.35135135135135,0,0.27027027024324324]
[0,11.756756756756756,0,0.27027027]
[1,12.162162162162161,0,0.4054054054054054]
[2,12.432432432432432,0,0.27027027]
[6,12.972972972972972,0,0.4054054054054054]
[7,12.972972972972972,0,0.4054054054054054]
[5,13.243243243243242,0,0.4054054054054054]
[4,13.378378378378377,0,0.4054054054054054]
[3,13.648648648648647,0,0.4054054054054054]
[1,13.783783783783782,0,0.4054054054054054]
[2,13.783783783783782,0,0.4054054054054054]
[0,14.054054054054053,0,0.4054054054054054]
[5,14.189189189189188,0,0.4054054054054054]
[3,14.45945945945946,0,0.4054054054054054]
[7,14.594594594594595,0,0.4054054054054054]
[8,14.594594594594595,0,0.4054054054054054]
[6,14.864864864864865,0,0.4054054054054054]
[5,15,0,0.4054054054054054]
[3,15.27027027027027,0,0.4054054054054054]
[1,15.405405405405405,0,0.4054054054054054]
[2,15.405405405405405,0,0.4054054054054054]
[0,15.81081081081081,0,0.4054054054054054]
[4,16.216216216216214,0,0.4054054054054054]
[5,16.216216216216214,0,0.4054054054054054]
[3,16.62162162162162,0,0.4054054054054054]
[7,17.027027027027025,0,0.4054054054054054]
[8,17.027027027027025,0,0.4054054054054054]
[0,17.297297297297295,0,0.4054054054054054]
[1,17.43243243243243,0,0.4054054054054054]
[5,17.7027027027027,0,0.4054054054054054]
[4,17.83783783783784,0,0.4054054054054054]
[6,18.10810810810811,0,0.4054054054054054]
[7,18.243243243243242,0,0.4054054054054054]
[2,18.513513513513512,0,0.4054054054054054]
[1,18.64864864864865,0,0.4054054054054054]
[3,18.91891891891892,0,0.4054054054054054]
[4,19.054054054054053,0,0.4054054054054054]
[8,19.45945945945946,0,0.4054054054054054]
[7,19.45945945945946,0,0.4054054054054054]
[3,19.72972972972973,0,0.4054054054054054]
[4,19.864864864864863,0,0.4054054054054054]
[1,20.27027027027027,0,0.4054054054054054]
[2,20.27027027027027,0,0.4054054054054054]
[0,20.54054054054054,0,0.27027027]
[5,20.675675675675674,0,0.27027027]
[3,20.945945945945944,0,0.27027027]
[7,21.08108108108108,0,0.4054054054054054]
[8,21.08108108108108,0,0.27027027]
[6,21.35135135135135,0,0.27027027]
[5,21.486486486486484,0,0.27027027]
[3,21.756756756756754,0,0.27027027]
[1,21.89189189189189,0,0.27027027]
[2,21.89189189189189,0,0.27027027]
[3,22.297297297297295,0,0.4054054054054054]
[8,22.7027027027027,0,0.4054054054054054]
[7,22.7027027027027,0,0.4054054054054054]
[6,23.108108108108105,0,0.4054054054054054]
[2,23.513513513513512,0,0.4054054054054054]
[1,23.513513513513512,0,0.4054054054054054]
[3,23.783783783783782,0,0.4054054054054054]
[4,23.91891891891892,0,0.4054054054054054]
[8,24.18918918918919,0,0.4054054054054054]
[7,24.324324324324323,0,0.4054054054054054]
[6,24.72972972972973,0,0.4054054054054054]
[2,25,0,0.4054054054054054]
[1,25.135135135135133,0,0.4054054054054054]
[3,25.405405405405403,0,0.4054054054054054]
[4,25.54054054054054,0,0.4054054054054054]
[0,27.027027027027025,0,0.4054054054054054]
[2,27.16216216216216,0,0.4054054054054054]
[6,27.43243243243243,0,0.4054054054054054]
[8,27.567567567567565,1,0.4054054054054054]
[3,27.972972972972972,1,0.4054054054054054]
[5,28.378378378378375,1,0.4054054054054054]
[4,28.378378378378375,0,0.4054054054054054]
[0,28.783783783783782,0,0.4054054054054054]
[1,28.91891891891892,0,0.4054054054054054]
[2,29.054054054054053,0,0.4054054054054054]
[3,29.18918918918919,0,0.4054054054054054]
[5,29.45945945945946,0,0.4054054054054054]
[4,29.594594594594593,0,0.4054054054054054]
[6,29.864864864864863,0,0.4054054054054054]
[7,30,0,0.4054054054054054]
[2,30.27027027027027,0,0.4054054054054054]
[1,30.405405405405403,0,0.4054054054054054]
[0,30.675675675675674,0,0.4054054054054054]
[5,30.81081081081081,1,0.4054054054054054]
[6,31.216216216216214,1,0.4054054054054054]
[8,31.62162162162162,1,0.4054054054054054]
[7,31.62162162162162,0,0.4054054054054054]
[3,32.027027027027025,0,0.4054054054054054]
[4,32.16216216216216,0,0.4054054054054054]
[5,32.2972972972973,0,0.4054054054054054]
[0,32.43243243243243,0,0.4054054054054054]
[2,32.7027027027027,0,0.4054054054054054]
[1,32.83783783783784,0,0.4054054054054054]
[3,33.108108108108105,0,0.4054054054054054]
[4,33.24324324324324,0,0.4054054054054054]
[8,33.51351351351351,0,0.4054054054054054]
[7,33.648648648648646,0,0.4054054054054054]
[6,33.91891891891892,0,0.4054054054054054]
[5,34.05405405405405,0,0.4054054054054054]
[0,34.45945945945946,0,0.4054054054054054]
[1,34.86486486486486,0,0.4054054054054054]
[2,34.86486486486486,0,0.4054054054054054]
[3,35.13513513513514,0,0.4054054054054054]
[8,35.54054054054054,0,0.4054054054054054]
[6,35.67567567567568,0,0.4054054054054054]
[7,35.67567567567568,0,0.4054054054054054]
[5,36.08108108108108,0,0.4054054054054054]
[0,36.486486486486484,0,0.4054054054054054]
[1,36.486486486486484,0,0.4054054054054054]
[2,36.75675675675676,0,0.4054054054054054]
[3,37.16216216216216,0,0.4054054054054054]
[4,37.2972972972973,0,0.4054054054054054]
[5,37.2972972972973,0,0.4054054054054054]
[6,37.7027027027027,0,0.4054054054054054]
[8,37.97297297297297,0,0.4054054054054054]
[7,38.108108108108105,0,0.4054054054054054]
[0,38.37837837837838,0,0.4054054054054054]
[1,38.51351351351351,0,0.4054054054054054]
[2,38.91891891891892,0,0.4054054054054054]
[3,39.32432432432432,0,0.4054054054054054]
[4,39.729729729729726,0,0.4054054054054054]
[5,40,0,0.4054054054054054]
[8,42.16216216216216,0,0.27027027]
[7,42.2972972972973,0,0.27027027]
[6,42.43243243243243,0,0.27027027]
[5,42.567567567567565,1,0.4054054054054054]
[0,42.97297297297297,0,0.27027027]
[1,43.108108108108105,0,0.27027027]
[2,43.24324324324324,0,0.27027027]
[3,43.37837837837838,1,0.4054054054054054]
[8,43.78378378378378,0,0.4054054054054054]
[7,43.91891891891892,0,0.4054054054054054]
[6,44.05405405405405,0,0.4054054054054054]
[5,44.189189189189186,1,0.4054054054054054]
[0,44.59459459459459,0,0.4054054054054054]
[1,44.59459459459459,0,0.4054054054054054]
[2,45,0,0.27027027027024325]
[6,45.27027027027027,0,0.27027027027024325]
[8,45.4054054054054,0,0.27027027027024325]
[7,45.54054054054054,0,0.27027027027024325]
[3,45.67567567567567,0,0.27027027027024325]
[5,45.81081081081081,0,0.27027027027024325]
[4,45.945945945945944,0,0.27027027027024325]
[0,46.08108108108108,0,0.27027027027024325]
[2,46.21621621621621,0,0.27027027027024325]
[3,46.35135135135135,0,0.27027027027024325]
[8,46.486486486486484,0,0.27027027027024325]
[0,46.62162162162162,0,0.27027027027024325]
[5,46.75675675675676,0,0.27027027027024325]
[6,46.89189189189189,0,0.27027027027024325]
[1,47.027027027027025,0,0.27027027027024325]
[3,47.16216216216216,0,0.4054054054054054]
[4,47.229729729729726,0,0.4054054054054054]
[5,47.2972972972973,0,0.4054054054054054]
[0,47.43243243243243,0,0.4054054054054054]
[7,47.567567567567565,0,0.4054054054054054]
[2,47.7027027027027,0,0.4054054054054054]
[3,47.83783783783784,1,0.27027027027024325]
[1,48.108108108108105,1,0.27027027]
[2,48.37837837837838,1,0.27027027]
[6,48.648648648648646,0,0.4054054054054054]
[7,48.78378378378378,0,0.4054054054054054]
[5,48.91891891891892,0,0.4054054054054054]
[0,49.05405405405405,1,0.4054054054054054]
[2,49.45945945945946,0,0.4054054054054054]
[1,49.59459459459459,0,0.4054054054054054]
[3,49.729729729729726,0,0.4054054054054054]
[8,49.86486486486486,1,0.4054054054054054]
[6,50.27027027027027,0,0.4054054054054054]
[7,50.4054054054054,0,0.4054054054054054]
[5,50.54054054054054,0,0.4054054054054054]
[0,50.67567567567567,1,0.4054054054054054]
[1,51.08108108108108,0,0.4054054054054054]
[2,51.08108108108108,0,0.4054054054054054]
[3,51.486486486486484,0,0.4054054054054054]
[4,51.62162162162162,0,0.4054054054054054]
[5,51.75675675675675,0,0.4054054054054054]
[0,51.89189189189189,0,0.27027027027024325]
[7,52.027027027027025,0,0.27027027027024325]
[2,52.16216216216216,0,0.4054054054054054]
[6,52.2972972972973,0,0.4054054054054054]
[8,52.43243243243243,0,0.4054054054054054]
[3,52.567567567567565,0,0.4054054054054054]
[2,52.7027027027027,0,0.4054054054054054]
[0,52.83783783783784,0,0.4054054054054054]
[7,52.97297297297297,0,0.4054054054054054]
[5,53.108108108108105,0,0.4054054054054054]
[3,53.24324324324324,0,0.4054054054054054]
[2,53.37837837837838,0,0.27027027]
[0,53.51351351351351,0,0.27027027]
[6,53.91891891891892,0,0.27027027]
[7,54.05405405405405,0,0.27027027]
[8,54.189189189189186,0,0.27027027]
[3,54.32432432432432,0,0.27027027]
[5,54.59459459459459,0,0.4054054054054054]
[4,54.729729729729726,0,0.4054054054054054]
[3,55,0,0.27027027027024325]
[8,55.13513513513513,0,0.27027027]
[7,55.27027027027027,0,0.4054054054054054]
[6,55.4054054054054,0,0.27027027027024325]
[4,55.54054054054054,1,0.4054054054054054]
[2,55.945945945945944,0,0.4054054054054054]
[1,56.08108108108108,0,0.4054054054054054]
[0,56.21621621621621,0,0.27027027027024325]
[4,56.35135135135135,1,0.4054054054054054]
[8,56.75675675675675,0,0.4054054054054054]
[7,56.89189189189189,0,0.4054054054054054]
[6,57.027027027027025,0,0.27027027027024325]
[5,57.16216216216216,1,0.4054054054054054]
[1,57.567567567567565,0,0.4054054054054054]
[0,57.567567567567565,0,0.4054054054054054]
[2,57.97297297297297,0,0.4054054054054054]
[6,58.24324324324324,0,0.4054054054054054]
[8,58.37837837837838,0,0.4054054054054054]
[7,58.51351351351351,0,0.4054054054054054]
[3,58.648648648648646,0,0.4054054054054054]
[2,58.78378378378378,0,0.4054054054054054]
[1,58.91891891891892,0,0.4054054054054054]
[0,59.05405405405405,0,0.4054054054054054]
[5,59.189189189189186,0,0.4054054054054054]
[6,59.32432432432432,0,0.4054054054054054]
[8,59.45945945945946,0,0.4054054054054054]
[0,59.59459459459459,0,0.4054054054054054]
[7,59.729729729729726,0,0.4054054054054054]
[2,59.86486486486486,0,0.4054054054054054]
[6,60,0,0.4054054054054054]
[5,60.13513513513513,0,0.4054054054054054]
[4,60.2027027027027,0,0.4054054054054054]
[3,60.27027027027027,0,0.4054054054054054]
[2,60.4054054054054,0,0.4054054054054054]
[7,60.54054054054054,0,0.4054054054054054]
[0,60.67567567567567,0,0.4054054054054054]
[5,60.81081081081081,1,0.27027027026756756]
[1,61.08108108108108,1,0.27027027027026995]
[0,61.35135135135135,1,0.27027027027026995]
[8,61.62162162162162,0,0.27027027027026995]
[7,61.75675675675675,0,0.4054054054054054]
[3,61.89189189189189,0,0.4054054054054054]
[2,62.027027027027025,1,0.4054054054054054]
[0,62.43243243243243,0,0.4054054054054054]
[1,62.567567567567565,0,0.4054054054054054]
[5,62.7027027027027,0,0.4054054054054054]
[6,62.83783783783783,1,0.4054054054054054]
[8,63.24324324324324,0,0.4054054054054054]
[7,63.37837837837837,0,0.4054054054054054]
[3,63.51351351351351,0,0.4054054054054054]
[2,63.648648648648646,1,0.4054054054054054]
[1,64.05405405405405,0,0.4054054054054054]
[0,64.05405405405405,0,0.4054054054054054]
[5,64.32432432432432,0,0.4054054054054054]
[4,64.39189189189189,0,0.4054054054054054]
[3,64.45945945945945,0,0.4054054054054054]
[8,64.5945945945946,0,0.4054054054054054]
[6,64.72972972972973,0,0.4054054054054054]
[2,64.86486486486486,0,0.4054054054054054]
[0,65,0,0.4054054054054054]
[7,65.13513513513513,0,0.4054054054054054]
[3,65.27027027027027,0,0.4054054054054054]
[5,65.4054054054054,0,0.4054054054054054]
[6,65.54054054054053,0,0.4054054054054054]
[2,65.67567567567568,0,0.4054054054054054]
[7,65.8108108108108,0,0.4054054054054054]
[0,65.94594594594594,0,0.4054054054054054]
[5,66.08108108108108,0,0.4054054054054054]
[3,66.21621621621621,0,0.4054054054054054]
[8,66.35135135135135,0,0.4054054054054054]
[6,66.48648648648648,0,0.4054054054054054]
[0,68.1081081081081,0,0.4054054054054054]
[1,68.24324324324324,0,0.4054054054054054]
[2,68.37837837837837,0,0.4054054054054054]
[6,68.51351351351352,0,0.4054054054054054]
[7,68.91891891891892,0,0.4054054054054054]
[8,68.91891891891892,0,0.4054054054054054]
[3,69.32432432432432,0,0.4054054054054054]
[5,69.45945945945945,0,0.4054054054054054]
[4,69.5945945945946,0,0.4054054054054054]
[0,69.72972972972973,0,0.4054054054054054]
[2,69.86486486486486,0,0.4054054054054054]
[1,70,0,0.4054054054054054]
[6,70.13513513513513,0,0.4054054054054054]
[8,70.27027027027027,0,0.4054054054054054]
[7,70.4054054054054,0,0.4054054054054054]
[3,70.54054054054053,0,0.4054054054054054]
[4,70.67567567567568,0,0.4054054054054054]
[5,70.8108108108108,0,0.4054054054054054]
[0,70.94594594594594,0,0.4054054054054054]
[2,71.35135135135135,0,0.4054054054054054]
[1,71.35135135135135,0,0.27027027]
[6,71.62162162162161,0,0.4054054054054054]
[7,71.75675675675676,0,0.4054054054054054]
[8,71.89189189189189,0,0.4054054054054054]
[3,72.02702702702702,0,0.4054054054054054]
[5,72.16216216216216,0,0.4054054054054054]
[4,72.29729729729729,0,0.4054054054054054]
[0,72.43243243243244,0,0.4054054054054054]
[1,72.56756756756756,0,0.4054054054054054]
[8,72.97297297297297,0,0.4054054054054054]
[7,73.1081081081081,0,0.4054054054054054]
[3,73.24324324324324,0,0.4054054054054054]
[4,73.37837837837837,0,0.4054054054054054]
[2,73.51351351351352,0,0.4054054054054054]
[1,73.64864864864865,0,0.4054054054054054]
[6,73.78378378378378,0,0.4054054054054054]
[7,73.91891891891892,0,0.4054054054054054]
[8,74.05405405405405,0,0.4054054054054054]
[3,74.18918918918918,0,0.4054054054054054]
[1,74.5945945945946,0,0.4054054054054054]
[2,74.5945945945946,0,0.4054054054054054]
[6,75,0,0.27027027]
[7,75.13513513513513,0,0.27027027]
[5,75.27027027027027,0,0.27027027]
[4,75.4054054054054,0,0.27027027]
[0,75.54054054054053,0,0.27027027]
[1,75.67567567567568,0,0.4054054054054054]
[2,75.8108108108108,0,0.27027027]
[7,76.21621621621621,0,0.4054054054054054]
[8,76.21621621621621,0,0.4054054054054054]
[0,76.62162162162161,0,0.4054054054054054]
[1,76.75675675675676,0,0.4054054054054054]
[5,76.89189189189189,0,0.4054054054054054]
[4,77.02702702702702,0,0.4054054054054054]
[6,77.16216216216216,0,0.4054054054054054]
[7,77.29729729729729,0,0.4054054054054054]
[8,77.43243243243244,0,0.4054054054054054]
[0,77.83783783783784,0,0.4054054054054054]
[1,77.83783783783784,0,0.4054054054054054]
[3,78.51351351351352,0,0.4054054054054054]
[8,78.64864864864865,0,0.4054054054054054]
[7,78.78378378378378,0,0.4054054054054054]
[6,78.91891891891892,0,0.4054054054054054]
[5,79.05405405405405,1,0.27027027]
[4,79.32432432432432,0,0.27027027]
[0,79.45945945945945,0,0.27027027]
[1,79.5945945945946,0,0.27027027]
[2,79.72972972972973,0,0.27027027]
[3,79.86486486486486,0,0.27027027]
[4,80,0,0.27027027]
[5,80.13513513513513,0,0.27027027]
[6,80.27027027027026,0,0.27027027]
[7,80.4054054054054,0,0.27027027]
[8,80.54054054054053,0,0.27027027]
[3,80.67567567567568,0,0.27027027]
[2,81.08108108108108,0,0.27027027]
[1,81.21621621621621,0,0.27027027]
[0,81.35135135135135,0,0.27027027]
[5,81.48648648648648,0,0.27027027]
[4,81.62162162162161,0,0.27027027]
[3,81.75675675675676,0,0.27027027]
[8,81.89189189189189,0,0.27027027]
[6,82.02702702702702,0,0.27027027]
[7,82.16216216216216,0,0.27027027]
[5,82.29729729729729,0,0.27027027]
[3,82.43243243243244,0,0.27027027]
[4,82.56756756756756,0,0.27027027]
[2,82.7027027027027,0,0.27027027]
[1,82.83783783783784,0,0.27027027024324324]
[0,82.97297297297297,0,0.27027027]
[5,83.1081081081081,0,0.27027027]
[3,83.24324324324324,0,0.27027027]
[8,83.37837837837837,0,0.27027027]
[4,83.51351351351352,0,0.27027027]
[6,83.64864864864865,0,0.27027027]
[5,83.78378378378378,0,0.27027027]
[0,83.91891891891892,0,0.27027027]
[1,84.05405405405405,0,0.27027027]
[2,84.18918918918918,0,0.27027027]
[6,84.32432432432432,0,0.27027027026756756]
[7,84.32432432432432,0,0.27027027026756756]
[2,85.13513513513513,0,0.27027027026756756]
[1,85.27027027027026,0,0.27027027026756756]
[0,85.4054054054054,0,0.27027027026756756]
[5,85.54054054054053,0,0.27027027026756756]
[4,85.67567567567568,0,0.27027027026756756]
[3,85.8108108108108,0,0.27027027026756756]
[8,85.94594594594594,0,0.27027027026756756]
[6,86.08108108108108,0,0.27027027026756756]
[7,86.21621621621621,0,0.27027027026756756]
[5,86.35135135135134,0,0.27027027026756756]
[4,86.48648648648648,0,0.27027027026756756]
[3,86.62162162162161,0,0.27027027026756756]
[2,86.75675675675676,0,0.27027027026756756]
[0,86.89189189189189,0,0.27027027026756756]
[1,87.02702702702702,0,0.27027027026756756]
[5,87.16216216216216,0,0.27027027026756756]
[4,87.29729729729729,0,0.27027027026756756]
[3,87.43243243243244,0,0.27027027026756756]
[8,87.56756756756756,0,0.27027027026756756]
[6,87.7027027027027,0,0.27027027026756756]
[5,87.83783783783784,0,0.27027027026756756]
[0,87.97297297297297,0,0.27027027026756756]
[4,88.1081081081081,0,0.27027027026756756]
[2,88.24324324324324,0,0.27027027026756756]
[3,88.37837837837837,0,0.27027027026756756]
[7,88.51351351351352,0,0.27027027026756756]
[5,88.64864864864865,0,0.27027027026756756]
[6,88.78378378378378,0,0.27027027026756756]
[4,88.91891891891892,0,0.27027027026756756]
[2,89.05405405405405,0,0.27027027026756756]
[0,89.18918918918918,0,0.27027027026756756]
[5,89.32432432432432,0,0.27027027026756756]
[6,89.45945945945945,0,0.27027027026756756]
[2,89.5945945945946,0,0.27027027026756756]
[3,89.72972972972973,0,0.27027027026756756]
[8,89.86486486486486,0,0.27027027026756756]
[0,90,0,0.27027027026756756]
[7,90.13513513513513,0,0.27027027026756756]
[2,90.27027027027026,0,0.27027027026756756]
[3,90.4054054054054,0,0.27027027026756756]
[8,90.8108108108108,0,0.27027027026756756]
[7,90.94594594594594,0,0.27027027026756756]
[6,91.08108108108108,0,0.27027027026756756]
[2,91.21621621621621,0,0.27027027026756756]
[0,91.48648648648648,0,0.27027027026756756]
[5,91.62162162162161,0,0.27027027026756756]
[4,91.75675675675676,0,0.27027027026756756]
[3,91.89189189189189,0,0.27027027026756756]
[8,92.02702702702702,0,0.27027027026756756]
[7,92.16216216216216,0,0.27027027026756756]
[6,92.29729729729729,0,0.27027027026756756]
[2,92.43243243243242,0,0.27027027026756756]
[1,93.24324324324324,0,0.27027027026756756]
[4,93.51351351351352,0,0.27027027026756756]
[7,93.78378378378378,0,0.27027027026756756]
[6,94.05405405405405,0,0.27027027026756756]
[0,95.13513513513513,0,0.27027027026756756]
[1,95.27027027027026,0,0.27027027026756756]
[5,95.54054054054053,0,0.27027027026756756]
[4,95.67567567567568,0,0.27027027026756756]
[6,95.94594594594594,0,0.27027027026756756]
[7,96.08108108108108,0,0.27027027026756756]
[2,96.35135135135134,0,0.27027027026756756]
[1,96.48648648648648,0,0.27027027026756756]
[0,96.89189189189189,0,0.27027027026756756]
[5,97.29729729729729,0,0.27027027026756756]
[3,97.7027027027027,0,0.27027027026756756]
[8,98.1081081081081,0,0.27027027026756756]
[6,98.37837837837837,0,0.27027027026756756]
[7,98.51351351351352,0,0.27027027026756756]
[5,98.78378378378378,0,0.27027027026756756]
[4,98.91891891891892,0,0.27027027026756756]
[0,99.18918918918918,0,0.27027027026756756]
[1,99.32432432432432,0,0.27027027026756756]
[8,99.5945945945946,0,0.27027027026756756]
[7,99.72972972972973,0,0.27027027026756756]
[3,100,0,0.27027027026756756]
[4,100.13513513513513,0,0.27027027026756756]
[5,100.54054054054053,0,0.27027027026756756]
[0,100.8108108108108,0,0.27027027026756756]
[1,100.94594594594594,0,0.27027027026756756]
[2,101.35135135135134,0,0.27027027026756756]
[3,101.62162162162161,0,0.27027027026756756]
[4,101.75675675675676,0,0.27027027026756756]
[8,102.02702702702702,0,0.27027027026756756]
[7,102.16216216216216,0,0.27027027026756756]
[0,102.43243243243242,0,0.27027027026756756]
[1,102.56756756756756,0,0.27027027026756756]
[5,102.83783783783784,0,0.27027027026756756]
[4,102.97297297297297,0,0.27027027026756756]
[3,103.37837837837837,0,0.27027027026756756]
[8,103.78378378378378,0,0.27027027026756756]
[6,104.18918918918918,0,0.27027027026756756]
[5,104.5945945945946,0,0.27027027026756756]
[3,104.86486486486486,0,0.27027027026756756]
[4,105,0,0.27027027026756756]
[2,105.27027027027026,0,0.27027027026756756]
[1,105.4054054054054,0,0.27027027026756756]
[0,105.8108108108108,0,0.27027027026756756]
[8,106.08108108108108,0,0.27027027026756756]
[7,106.21621621621621,0,0.27027027026756756]
[3,106.48648648648648,0,0.27027027026756756]
[4,106.62162162162161,0,0.27027027026756756]
[5,107.02702702702702,0,0.27027027026756756]
[0,107.33108108108108,0,0.27027027026756756]
[7,107.83783783783784,0,0.27027027026756756]
[3,108.1081081081081,0,0.27027027026756756]
[5,108.24324324324324,0,0.27027027026756756]
[0,108.5135135135135,0,0.27027027026756756]
[2,108.64864864864865,1,0.4054054054054054]
[6,109.05405405405405,1,0.4054054054054054]
[8,109.45945945945945,1,0.4054054054054054]
[7,109.45945945945945,0,0.4054054054054054]
[0,109.86486486486486,0,0.4054054054054054]
[5,110.13513513513513,0,0.4054054054054054]
[4,110.27027027027026,0,0.4054054054054054]
[6,110.54054054054053,0,0.4054054054054054]
[7,110.67567567567568,0,0.4054054054054054]
[2,110.94594594594594,0,0.4054054054054054]
[1,111.08108108108108,0,0.4054054054054054]
[3,111.35135135135134,0,0.4054054054054054]
[4,111.48648648648648,0,0.4054054054054054]
[5,111.75675675675676,0,0.4054054054054054]
[0,111.89189189189189,1,0.4054054054054054]
[2,112.29729729729729,1,0.4054054054054054]
[6,112.7027027027027,1,0.4054054054054054]
[7,112.7027027027027,0,0.4054054054054054]
[8,113.1081081081081,0,0.4054054054054054]
[3,113.37837837837837,0,0.4054054054054054]
[4,113.5135135135135,0,0.4054054054054054]
[2,113.78378378378378,0,0.4054054054054054]
[1,113.91891891891892,0,0.4054054054054054]
[3,114.18918918918918,0,0.4054054054054054]
[4,114.32432432432432,0,0.4054054054054054]
[8,114.59459459459458,0,0.4054054054054054]
[7,114.72972972972973,0,0.4054054054054054]
[6,115,0,0.4054054054054054]
[5,115.13513513513513,0,0.4054054054054054]
[0,115.54054054054053,0,0.4054054054054054]
[1,115.94594594594594,0,0.4054054054054054]
[2,115.94594594594594,0,0.4054054054054054]
[3,116.21621621621621,0,0.4054054054054054]
[8,116.62162162162161,0,0.4054054054054054]
[7,116.75675675675676,0,0.4054054054054054]
[6,117.16216216216216,0,0.4054054054054054]
[4,117.56756756756756,0,0.4054054054054054]
[5,117.56756756756756,0,0.4054054054054054]
[0,117.83783783783784,0,0.4054054054054054]
[2,118.24324324324324,0,0.4054054054054054]
[1,118.37837837837837,0,0.4054054054054054]
[3,118.78378378378378,0,0.4054054054054054]
[5,119.05405405405405,0,0.4054054054054054]
[4,119.18918918918918,0,0.4054054054054054]
[6,119.45945945945945,0,0.4054054054054054]
[7,119.59459459459458,0,0.4054054054054054]
[8,120,0,0.4054054054054054]
[1,120.4054054054054,0,0.4054054054054054]
[0,120.8108108108108,0,0.4054054054054054]
[5,121.08108108108108,0,0.4054054054054054]
[4,121.21621621621621,0,0.4054054054054054]
[3,121.48648648648648,0,0.4054054054054054]
[2,121.62162162162161,1,0.4054054054054054]
[0,122.02702702702702,1,0.4054054054054054]
[5,122.43243243243242,0,0.4054054054054054]
[4,122.43243243243242,1,0.4054054054054054]
[3,122.83783783783784,0,0.4054054054054054]
[8,122.97297297297297,0,0.4054054054054054]
[7,123.1081081081081,0,0.4054054054054054]
[6,123.24324324324324,0,0.4054054054054054]
[2,123.5135135135135,0,0.4054054054054054]
[1,123.64864864864865,0,0.4054054054054054]
[3,123.91891891891892,0,0.4054054054054054]
[4,124.05405405405405,0,0.4054054054054054]
[8,124.32432432432432,0,0.4054054054054054]
[7,124.45945945945945,0,0.4054054054054054]
[6,124.72972972972973,0,0.4054054054054054]
[5,124.86486486486486,1,0.4054054054054054]
[3,125.27027027027026,1,0.4054054054054054]
[1,125.67567567567566,1,0.4054054054054054]
[2,125.67567567567566,0,0.4054054054054054]
[0,126.08108108108108,0,0.4054054054054054]
[5,126.21621621621621,0,0.4054054054054054]
[4,126.35135135135134,0,0.4054054054054054]
[3,126.48648648648648,0,0.4054054054054054]
[8,126.75675675675674,0,0.4054054054054054]
[7,126.89189189189189,0,0.4054054054054054]
[3,127.16216216216216,0,0.4054054054054054]
[4,127.29729729729729,0,0.4054054054054054]
[2,127.56756756756756,0,0.4054054054054054]
[1,127.7027027027027,0,0.4054054054054054]
[0,127.97297297297297,0,0.4054054054054054]
[5,128.1081081081081,0,0.4054054054054054]
[6,128.51351351351352,0,0.4054054054054054]
[7,128.9189189189189,0,0.4054054054054054]
[8,128.9189189189189,0,0.4054054054054054]
[3,129.1891891891892,0,0.4054054054054054]
[2,129.59459459459458,0,0.4054054054054054]
[0,129.7297297297297,0,0.4054054054054054]
[5,130.13513513513513,0,0.4054054054054054]
[6,130.54054054054055,0,0.4054054054054054]
[7,130.54054054054055,0,0.4054054054054054]
[8,130.8108108108108,0,0.4054054054054054]
[3,131.2162162162162,0,0.4054054054054054]
[2,131.35135135135135,0,0.4054054054054054]
[0,131.75675675675674,0,0.4054054054054054]
[5,132.02702702702703,0,0.4054054054054054]
[4,132.16216216216216,0,0.4054054054054054]
[6,132.43243243243242,0,0.4054054054054054]
[7,132.56756756756755,0,0.4054054054054054]
[8,132.97297297297297,0,0.4054054054054054]
[2,133.3783783783784,0,0.4054054054054054]
[1,133.78378378378378,0,0.4054054054054054]
[0,134.05405405405403,0,0.4054054054054054]
[8,137.83783783783784,0,0.27027027]
[7,137.97297297297297,0,0.27027027]
[6,138.1081081081081,0,0.27027027]
[5,138.24324324324323,1,0.27027027]
[4,138.51351351351352,0,0.27027027]
[0,138.64864864864865,0,0.27027027]
[1,138.78378378378378,0,0.27027027]
[2,138.9189189189189,0,0.27027027]
[3,139.05405405405403,1,0.27027027]
[4,139.32432432432432,0,0.27027027]
[8,139.45945945945945,0,0.4054054054054054]
[7,139.59459459459458,0,0.4054054054054054]
[6,139.72972972972974,0,0.4054054054054054]
[5,139.86486486486487,1,0.27027027]
[3,140.13513513513513,0,0.27027027]
[1,140.27027027027026,0,0.4054054054054054]
[2,140.27027027027026,0,0.27027027]
[0,140.67567567567568,0,0.27027027]
[4,140.94594594594594,0,0.27027027]
[8,141.08108108108107,0,0.2027027027027027]
[3,141.2162162162162,0,0.2027027027027027]
[5,141.35135135135135,0,0.2027027027027027]
[0,141.48648648648648,0,0.2027027027027027]
[4,141.6216216216216,0,0.2027027027027027]
[2,141.75675675675674,0,0.2027027027027027]
[6,141.89189189189187,0,0.2027027027027027]
[5,142.02702702702703,0,0.2027027027027027]
[3,142.16216216216216,0,0.2027027027027027]
[8,142.2972972972973,0,0.2027027027027027]
[0,142.43243243243242,0,0.2027027027027027]
[2,142.56756756756755,0,0.2027027027027027]
[6,142.7027027027027,0,0.2027027027027027]
[5,142.83783783783784,0,0.2027027027027027]
[4,142.9054054054054,0,0.2027027027027027]
[3,142.97297297297297,0,0.2027027027027027]
[2,143.1081081081081,0,0.2027027027027027]
[0,143.24324324324323,0,0.2027027027027027]
[7,143.37837837837836,0,0.2027027027027027]
[5,143.51351351351352,1,0.27027027]
[4,143.78378378378378,1,0.27027027]
[3,144.05405405405403,1,0.27027027]
[2,144.32432432432432,0,0.27027027]
[6,144.45945945945945,0,0.27027027]
[8,144.59459459459458,0,0.27027027]
[0,144.7297297297297,1,0.27027027]
[4,145,0,0.27027027]
[5,145.13513513513513,0,0.4054054054054054]
[6,145.27027027027026,0,0.27027027]
[8,145.4054054054054,0,0.27027027]
[3,145.54054054054055,1,0.27027027024324324]
[4,145.8108108108108,0,0.27027027]
[2,145.94594594594594,0,0.27027027]
[6,146.08108108108107,0,0.27027027]
[8,146.2162162162162,0,0.27027027]
[0,146.35135135135135,1,0.27027027]
[4,146.6216216216216,0,0.27027027]
[2,146.75675675675674,0,0.27027027]
[8,147.16216216216216,0,0.27027027]
[7,147.2972972972973,0,0.27027027]
[6,147.43243243243242,0,0.27027027]
[5,147.56756756756755,0,0.27027027]
[3,147.7027027027027,0,0.27027027]
[7,147.83783783783784,0,0.27027027]
[2,147.97297297297297,0,0.27027027]
[0,148.1081081081081,0,0.27027027]
[4,148.24324324324323,0,0.27027027]
[5,148.37837837837836,0,0.27027027]
[3,148.51351351351352,0,0.27027027]
[8,148.64864864864865,0,0.27027027]
[6,148.78378378378378,0,0.27027027]
[2,148.9189189189189,0,0.27027027]
[0,149.05405405405403,0,0.27027027]
[4,149.1891891891892,0,0.27027027]
[6,149.59459459459458,0,0.27027027]
[7,149.7297297297297,0,0.27027027]
[8,149.86486486486487,0,0.27027027]
[3,150,0,0.27027027]
[5,150.27027027027026,0,0.27027027]
[4,150.4054054054054,0,0.27027027]
[3,150.67567567567568,0,0.27027027]
[2,150.8108108108108,0,0.27027027]
[1,150.94594594594594,0,0.27027027]
[0,151.08108108108107,0,0.27027027]
[5,151.2162162162162,1,0.27027027]
[4,151.48648648648648,0,0.27027027]
[6,151.6216216216216,0,0.27027027]
[7,151.75675675675674,0,0.27027027]
[8,151.89189189189187,0,0.27027027]
[3,152.02702702702703,1,0.27027027]
[4,152.2972972972973,0,0.27027027]
[2,152.43243243243242,0,0.27027027]
[1,152.56756756756755,0,0.27027027]
[0,152.7027027027027,0,0.27027027]
[5,152.83783783783784,1,0.27027027]
[3,153.1081081081081,0,0.27027027]
[1,153.24324324324323,0,0.27027027]
[2,153.24324324324323,0,0.27027027]
[0,153.64864864864865,0,0.27027027]
[7,153.9189189189189,0,0.27027027]
[5,154.05405405405403,0,0.27027027]
[3,154.1891891891892,0,0.27027027]
[1,154.32432432432432,0,0.27027027]
[2,154.45945945945945,0,0.27027027]
[0,154.59459459459458,0,0.27027027]
[8,154.7297297297297,0,0.27027027]
[6,154.86486486486487,0,0.27027027]
[4,155,0,0.27027027]
[2,155.13513513513513,0,0.27027027]
[3,155.27027027027026,0,0.27027027]
[5,155.4054054054054,0,0.27027027]
[0,155.54054054054052,0,0.27027027]
[8,155.67567567567568,0,0.27027027]
[3,155.8108108108108,0,0.27027027]
[4,155.87837837837836,0,0.27027027]
[5,155.94594594594594,0,0.27027027]
[6,156.08108108108107,0,0.27027027]
[2,156.2162162162162,0,0.27027027]
[0,156.35135135135135,0,0.27027027]
[8,156.48648648648648,1,0.27027027]
[7,156.75675675675674,1,0.27027027]
[6,157.02702702702703,1,0.27027027]
[5,157.2972972972973,0,0.27027027]
[4,157.43243243243242,0,0.27027027]
[3,157.56756756756755,0,0.27027027]
[2,157.7027027027027,1,0.27027027]
[1,157.97297297297297,0,0.27027027]
[6,158.1081081081081,0,0.27027027]
[7,158.24324324324323,0,0.27027027]
[8,158.37837837837836,0,0.27027027]
[3,158.51351351351352,1,0.27027027]
[4,158.78378378378378,0,0.27027027]
[2,158.9189189189189,0,0.27027027]
[1,159.05405405405403,0,0.27027027]
[0,159.1891891891892,0,0.27027027]
[5,159.32432432432432,1,0.27027027]
[4,159.59459459459458,0,0.27027027]
[6,159.7297297297297,0,0.27027027]
[2,159.86486486486487,0,0.27027027]
[0,160,0,0.27027027]
[8,160.13513513513513,0,0.27027027]
[3,160.27027027027026,0,0.27027027]
[2,160.4054054054054,0,0.27027027]
[6,160.54054054054052,0,0.27027027]
[5,160.67567567567568,0,0.27027027]
[0,160.8108108108108,0,0.27027027]
[7,160.94594594594594,0,0.27027027024324324]
[2,161.08108108108107,0,0.27027027024324324]
[3,161.2162162162162,0,0.27027027024324324]
[8,161.35135135135135,0,0.27027027024324324]
[0,161.48648648648648,0,0.27027027024324324]
[7,161.6216216216216,0,0.27027027024324324]
[2,161.75675675675674,0,0.27027027024324324]
[3,161.89189189189187,0,0.27027027024324324]
[8,162.02702702702703,0,0.27027027024324324]
[6,162.16216216216216,1,1.6216216216216215]
[2,163.78378378378378,0,1.6216216216216215]
[1,163.9189189189189,0,1.6216216216216215]
[0,164.05405405405403,0,1.6216216216216215]
[8,164.1891891891892,1,0.27027027027]
[7,164.45945945945945,0,0.27027027027]
[3,164.59459459459458,0,0.27027027027]
[4,164.7297297297297,0,0.27027027027]
[5,164.86486486486487,0,0.27027027027]
[6,165,1,0.27027027027]
[7,165.27027027027026,0,0.27027027027]
[2,165.4054054054054,0,1.6216216216216215]
[1,165.54054054054052,0,1.6216216216216215]
[0,165.67567567567565,0,1.6216216216216215]
[8,165.8108108108108,1,0.27027027027]
[7,166.08108108108107,0,0.27027027027]
[3,166.2162162162162,0,0.27027027027]
[4,166.35135135135133,0,0.27027027027]
[5,166.48648648648648,0,0.27027027027]
[6,166.6216216216216,0,0.27027027027]
[7,166.6216216216216,0,0.27027027027]
[2,167.02702702702703,0,0.27027027027]
[0,167.16216216216216,0,0.27027027027]
[4,167.2972972972973,0,0.27027027027]
[8,167.43243243243242,0,0.27027027027]
[3,167.56756756756755,0,0.27027027027]
[2,167.7027027027027,0,0.27027027027]
[6,167.83783783783784,0,0.27027027027]
[5,167.97297297297297,0,0.27027027027]
[0,168.1081081081081,0,0.27027027027]
[4,168.24324324324323,0,0.27027027027]
[8,168.37837837837836,0,0.27027027027]
[3,168.51351351351352,0,0.27027027027]
[2,168.64864864864865,0,0.27027027027]
[0,168.78378378378378,0,0.27027027027]
[8,168.9189189189189,0,0.27027027027]
[6,169.05405405405403,0,0.27027027027]
[5,169.1891891891892,0,0.27027027027]
[4,169.32432432432432,0,0.27027027027]
[3,169.45945945945945,1,0.27027027027]
[1,169.7297297297297,1,0.27027027027]
[2,170,1,0.27027027027]
[6,170.27027027027026,0,0.27027027027]
[4,170.4054054054054,0,0.27027027027]
[5,170.54054054054052,0,0.27027027027]
[0,170.67567567567568,1,0.27027027027]
[1,170.94594594594594,0,0.27027027027]
[2,171.08108108108107,0,0.27027027027]
[4,171.2162162162162,0,0.27027027027]
[3,171.35135135135135,0,0.27027027027]
[8,171.48648648648648,1,0.27027027027]
[7,171.75675675675674,0,0.27027027027]
[6,171.89189189189187,0,0.27027027027]
[4,172.02702702702703,0,0.27027027027]
[5,172.16216216216216,0,0.27027027027]
[0,172.2972972972973,1,0.27027027027]
[1,172.56756756756755,0,0.27027027027]
[2,172.70270270270268,0,0.27027027027]
[3,172.83783783783784,0,0.27027027027]
[4,172.97297297297297,0,0.27027027027]
[2,173.1081081081081,0,0.27027027027]
[1,173.24324324324323,0,0.27027027027]
[0,173.37837837837836,0,0.27027027027]
[5,173.51351351351352,0,0.27027027027]
[6,173.64864864864865,0,0.27027027027]
[8,173.78378378378378,0,0.27027027027]
[3,173.9189189189189,0,0.27027027027]
[2,174.05405405405403,0,0.27027027027]
[7,174.1891891891892,0,0.27027027027]
[0,174.32432432432432,0,0.27027027027]
[5,174.45945945945945,0,0.27027027027]
[3,174.59459459459458,0,0.27027027027]
[2,174.7297297297297,0,0.27027027027]
[6,174.86486486486487,0,0.27027027027]
[4,175,0,0.27027027027]
[8,175.13513513513513,0,0.27027027027]
[6,176.75675675675674,0,0.4054054054054054]
[7,176.75675675675674,0,0.4054054054054054]
[5,177.02702702702703,0,0.4054054054054054]
[4,177.16216216216216,0,0.4054054054054054]
[0,177.43243243243242,0,0.4054054054054054]
[1,177.56756756756755,0,0.4054054054054054]
[2,177.97297297297297,0,0.4054054054054054]
[6,178.24324324324323,0,0.4054054054054054]
[7,178.37837837837836,0,0.4054054054054054]
[5,178.64864864864865,0,0.4054054054054054]
[4,178.78378378378378,0,0.4054054054054054]
[0,179.1891891891892,0,0.4054054054054054]
[1,179.1891891891892,0,0.4054054054054054]
[5,179.45945945945945,0,0.4054054054054054]
[4,179.59459459459458,0,0.4054054054054054]
[6,179.86486486486487,0,0.4054054054054054]
[7,180,0,0.4054054054054054]
[2,180.4054054054054,0,0.4054054054054054]
[3,180.67567567567568,0,0.4054054054054054]
[4,180.8108108108108,0,0.4054054054054054]
[8,181.08108108108107,0,0.4054054054054054]
[7,181.2162162162162,0,0.4054054054054054]
[0,181.48648648648648,0,0.4054054054054054]
[2,181.6216216216216,0,0.4054054054054054]
[3,181.89189189189187,0,0.4054054054054054]
[4,182.02702702702703,0,0.4054054054054054]
[7,182.43243243243242,0,0.4054054054054054]
[8,182.43243243243242,0,0.4054054054054054]
[0,182.70270270270268,0,0.4054054054054054]
[1,182.83783783783784,0,0.4054054054054054]
[2,183.1081081081081,0,0.4054054054054054]
[3,183.24324324324323,0,0.4054054054054054]
[5,183.51351351351352,0,0.4054054054054054]
[4,183.64864864864865,0,0.4054054054054054]
[6,183.9189189189189,0,0.4054054054054054]
[7,184.05405405405403,0,0.4054054054054054]
[2,184.32432432432432,0,0.4054054054054054]
[1,184.45945945945945,0,0.4054054054054054]
[3,184.7297297297297,0,0.4054054054054054]
[4,184.86486486486484,0,0.4054054054054054]
[8,185.13513513513513,0,0.4054054054054054]
[7,185.27027027027026,0,0.4054054054054054]
[0,185.67567567567568,0,0.4054054054054054]
[1,185.67567567567568,0,0.4054054054054054]
[8,186.08108108108107,0,0.4054054054054054]
[6,186.35135135135135,0,0.4054054054054054]
[7,186.48648648648648,0,0.4054054054054054]
[5,186.75675675675674,0,0.4054054054054054]
[4,186.89189189189187,0,0.4054054054054054]
[0,187.16216216216216,0,0.4054054054054054]
[1,187.2972972972973,0,0.4054054054054054]
[5,187.56756756756755,0,0.4054054054054054]
[4,187.70270270270268,0,0.4054054054054054]
[3,187.97297297297297,0,0.4054054054054054]
[8,188.1081081081081,0,0.4054054054054054]
[6,188.37837837837836,0,0.4054054054054054]
[7,188.51351351351352,0,0.4054054054054054]
[4,188.9189189189189,0,0.4054054054054054]
[1,189.1891891891892,0,0.4054054054054054]
[6,189.7297297297297,0,0.4054054054054054]
[7,189.7297297297297,0,0.4054054054054054]
[5,190,0,0.4054054054054054]
[4,190.13513513513513,0,0.4054054054054054]
[3,190.4054054054054,0,0.4054054054054054]
[1,190.54054054054052,0,0.4054054054054054]
[2,190.54054054054052,0,0.4054054054054054]
[8,190.94594594594594,0,0.4054054054054054]
[7,191.08108108108107,0,0.4054054054054054]
[6,191.2162162162162,0,0.4054054054054054]
[5,191.35135135135135,0,0.4054054054054054]
[4,191.35135135135135,0,0.4054054054054054]
[0,191.6216216216216,0,0.4054054054054054]
[1,191.75675675675674,0,0.4054054054054054]
[5,192.16216216216216,0,0.4054054054054054]
[4,192.2972972972973,0,0.4054054054054054]
[3,192.43243243243242,0,0.4054054054054054]
[2,192.56756756756755,0,0.4054054054054054]
[6,192.97297297297297,0,0.4054054054054054]
[7,192.97297297297297,0,0.4054054054054054]
[2,193.24324324324323,0,0.4054054054054054]
[1,193.37837837837836,0,0.4054054054054054]
[3,193.64864864864865,0,0.4054054054054054]
[4,193.78378378378378,0,0.4054054054054054]
[8,194.05405405405403,0,0.4054054054054054]
[7,194.1891891891892,0,0.4054054054054054]
[6,194.45945945945945,0,0.4054054054054054]
[5,194.59459459459458,0,0.4054054054054054]
[4,194.7297297297297,0,0.4054054054054054]
[3,194.86486486486484,0,0.4054054054054054]
[2,195,0,0.4054054054054054]
[0,195.4054054054054,0,0.4054054054054054]
[1,195.4054054054054,0,0.4054054054054054]
[5,195.8108108108108,0,0.4054054054054054]
[3,196.08108108108107,0,0.4054054054054054]
[4,196.2162162162162,0,0.4054054054054054]
[8,196.48648648648648,0,0.4054054054054054]
[7,196.6216216216216,0,0.4054054054054054]
[0,196.89189189189187,0,0.4054054054054054]
[1,197.02702702702703,0,0.4054054054054054]
[5,197.2972972972973,0,0.4054054054054054]
[4,197.43243243243242,0,0.4054054054054054]
[6,197.70270270270268,0,0.4054054054054054]
[7,197.83783783783784,0,0.4054054054054054]
[8,198.1081081081081,0,0.4054054054054054]
[3,198.24324324324323,0,0.4054054054054054]
[1,198.64864864864865,0,0.4054054054054054]
[2,198.64864864864865,0,0.4054054054054054]
[6,198.9189189189189,0,0.4054054054054054]
[7,199.05405405405403,0,0.4054054054054054]
[8,199.32432432432432,0,0.4054054054054054]
[3,199.45945945945945,0,0.4054054054054054]
[5,199.7297297297297,0,0.4054054054054054]
[4,199.86486486486484,0,0.4054054054054054]
[0,200.13513513513513,0,0.4054054054054054]
[1,200.27027027027026,0,0.4054054054054054]
[8,200.54054054054052,0,0.4054054054054054]
[7,200.67567567567568,0,0.4054054054054054]
[3,200.94594594594594,0,0.4054054054054054]
[4,201.08108108108107,0,0.4054054054054054]
[2,201.35135135135135,0,0.4054054054054054]
[1,201.48648648648648,0,0.4054054054054054]
[4,201.89189189189187,0,0.4054054054054054]
[7,202.16216216216216,0,0.4054054054054054]
[6,202.70270270270268,0,0.4054054054054054]
