[0,0,0,0.375]
[1,0.5625,0,0.375]
[2,0.75,0,0.375]
[5,1.125,0,0.375]
[3,1.875,0,0.1875]
[4,1.875,0,0.1875]
[7,2.25,0,0.1875]
[8,2.25,0,0.1875]
[6,3,0,0.375]
[7,3.5625,0,0.375]
[8,3.75,0,0.375]
[3,4.125,0,0.375]
[0,4.875,0,0.375]
[1,4.875,0,0.375]
[4,5.25,0,0.375]
[5,5.25,0,0.375]
[2,6,0,0.375]
[3,6.5625,0,0.375]
[4,6.75,0,0.375]
[5,7.125,0,0.375]
[6,7.875,0,0.1875]
[7,7.875,0,0.1875]
[5,8.25,0,0.1875]
[4,8.25,0,0.1875]
[8,9,0,0.375]
[1,9.5625,0,0.1875]
[0,9.75,0,0.1875]
[4,10.125,0,0.1875]
[5,10.125,0,0.1875]
[6,10.5,0,0.375]
[7,10.5,0,0.375]
[3,10.875,0,0.1875]
[4,11.0625,0,0.1875]
[5,11.25,0,0.1875]
[2,11.4375,0,0.1875]
[1,11.625,0,0.1875]
[0,11.8125,0,0.1875]
[6,12,0,0.1875]
[7,12.375,0,0.1875]
[8,12.75,0,0.1875]
[0,13.5,0,0.375]
[6,14.0625,0,0.375]
[7,14.25,0,0.375]
[4,14.625,0,0.375]
[1,15,0,0.375]
[2,15.375,0,0.375]
[5,15.75,0,0.375]
[8,16.125,0,0.375]
[6,16.5,1,0.375]
[7,17.0625,0,0.375]
[8,17.25,0,0.375]
[5,17.4375,0,0.375]
[2,17.625,0,0.375]
[1,17.8125,0,0.375]
[0,18,0,0.375]
[3,18.375,0,0.375]
[4,18.75,0,0.375]
[5,19.5,1,0.375]
[4,20.0625,0,0.375]
[3,20.25,0,0.375]
[6,20.625,0,0.375]
[7,21,0,0.375]
[8,21.375,0,0.375]
[2,21.75,1,0.375]
[7,22.5,0,0.375]
[4,23.0625,0,0.375]
[3,23.25,0,0.375]
[0,23.4375,0,0.375]
[1,23.625,0,0.375]
[2,23.8125,0,0.375]
[5,24,0,0.375]
[8,24.375,0,0.375]
[6,24.75,0,0.375]
[2,25.5,0,0.375]
[6,26.0625,0,0.375]
[7,26.25,0,0.375]
[4,26.625,1,0.375]
[5,27,0,0.375]
[6,27.375,0,0.375]
[8,27.375,0,0.375]
[3,27.75,0,0.375]
[5,27.75,0,0.375]
[0,28.125,0,0.375]
[2,28.125,0,0.375]
[6,28.5,0,0.375]
[8,29.0625,0,0.375]
[5,29.25,0,0.375]
[4,29.4375,0,0.375]
[3,29.625,0,0.375]
[0,29.8125,0,0.375]
[1,30,0,0.375]
[2,30.375,1,0.375]
[4,31.5,0,1.125]
[8,31.875,0,0.375]
[7,32.0625,0,0.375]
[6,32.25,0,0.375]
[3,32.625,0,0.375]
[5,33,0,0.375]
[0,33.375,0,0.375]
[2,33.75,0,0.375]
[7,34.5,0,0.375]
[4,34.875,1,0.375]
[5,35.625,0,0.375]
[3,36,0,0.375]
[6,36.375,0,0.375]
[7,36.75,0,0.375]
[8,37.5,0,0.375]
[5,37.6875,0,0.375]
[2,37.875,0,0.375]
[1,38.0625,0,1.125]
[4,38.25,0,1.125]
[6,39,0,0.375]
[3,39.1875,0,0.375]
[0,39.375,0,0.375]
[1,39.5625,0,1.125]
[2,39.75,0,1.125]
[8,40.5,0,0.375]
[7,40.6875,0,0.375]
[6,40.875,0,0.375]
[0,41.25,0,0.375]
[1,41.4375,0,0.375]
[2,41.625,0,0.375]
[3,42,0,0.375]
[4,42.375,0,0.375]
[5,42.75,1,0.375]
[0,43.5,0,0.375]
[1,43.6875,0,0.375]
[2,43.875,0,0.375]
[5,44.0625,0,0.375]
[8,44.25,0,1.125]
[0,45,0,0.375]
[3,45.1875,0,0.375]
[6,45.375,0,0.375]
[7,45.5625,0,0.375]
[8,45.75,0,1.125]
[0,46.5,0,0.375]
[1,46.875,0,0.375]
[2,47.0625,0,0.375]
[5,47.4375,0,0.375]
[4,47.625,0,0.1875]
[3,47.8125,0,0.1875]
[6,48,0,0.375]
[7,48.1875,0,0.375]
[8,48.375,0,0.375]
[5,48.5625,0,0.375]
[4,48.75,0,0.375]
[3,48.9375,0,0.375]
[1,49.125,1,1.125]
[8,50.4375,0,0.375]
[7,50.625,0,0.375]
[6,50.8125,0,0.375]
[0,51,0,0.375]
[1,51.1875,0,0.375]
[2,51.375,0,0.375]
[5,51.5625,0,0.375]
[4,51.75,0,0.375]
[3,51.9375,0,0.375]
[6,52.125,0,0.375]
[7,52.3125,0,0.375]
[8,52.5,0,0.375]
[7,53.25,0,0.375]
[5,53.4375,0,0.375]
[4,53.625,0,0.1875]
[3,53.8125,0,0.1875]
[0,54,0,0.1875]
[1,54.1875,0,0.1875]
[2,54.375,0,0.1875]
[5,54.5625,0,0.1875]
[4,54.75,0,0.1875]
[3,54.9375,0,0.1875]
[6,55.125,0,0.375]
[7,55.3125,0,0.375]
[8,55.5,1,0.375]
[5,56.25,0,0.375]
[4,56.4375,0,0.375]
[3,56.625,0,0.375]
[0,57,1,0.375]
[8,57.75,1,0.375]
[7,58.3125,0,0.375]
[4,58.6875,0,0.375]
[3,59.0625,1,0.375]
[6,59.625,0,0.375]
[7,59.8125,0,0.375]
[5,60,0,0.375]
[4,60.1875,0,0.375]
[0,60.375,0,0.375]
[1,60.5625,0,0.375]
[5,60.75,0,0.375]
[4,60.9375,0,0.375]
[6,61.125,0,0.375]
[7,61.3125,0,0.375]
[3,61.5,1,0.375]
[2,61.875,1,0.375]
[8,62.4375,0,0.375]
[7,62.625,0,0.375]
[6,62.8125,0,0.375]
[3,63,0,0.375]
[4,63.1875,0,0.375]
[5,63.375,0,0.375]
[8,63.5625,0,0.375]
[7,63.75,0,0.375]
[4,63.9375,0,0.375]
[1,64.125,0,0.375]
[2,64.3125,0,0.375]
[5,64.5,1,0.375]
[1,65.25,0,0.375]
[7,65.4375,0,0.375]
[8,65.625,0,0.375]
[5,65.8125,0,0.375]
[2,66,0,0.375]
[0,66.375,0,0.375]
[3,66.75,0,0.1875]
[6,66.9375,0,0.1875]
[7,67.125,0,0.1875]
[8,67.3125,0,0.375]
[5,67.5,1,0.375]
[8,68.25,0,0.375]
[6,68.625,0,0.375]
[0,69,0,0.375]
[1,69.1875,0,0.375]
[2,69.375,0,0.1875]
[7,69.75,0,0.375]
[8,69.9375,0,0.375]
[5,70.125,0,0.1875]
[4,70.3125,0,0.1875]
[7,70.6875,0,0.1875]
[6,70.875,0,0.1875]
[3,71.0625,0,0.1875]
[4,71.25,0,0.1875]
[1,71.4375,0,0.1875]
[0,71.625,0,0.1875]
[2,72,0,0.375]
[1,72.1875,0,0.375]
[6,72.375,0,0.375]
[7,72.5625,0,0.375]
[2,72.75,0,0.375]
[1,72.9375,0,0.375]
[8,73.125,0,0.375]
[7,73.3125,0,0.375]
[0,73.5,0,0.375]
[1,73.875,0,0.375]
[6,74.25,0,0.375]
[3,74.4375,0,0.375]
[0,74.625,0,0.375]
[2,75,0,1.125]
[3,75.5625,0,0.375]
[4,75.75,0,1.125]
[8,76.125,0,1.125]
[6,76.875,0,0.375]
[7,76.875,0,0.375]
[4,77.25,0,0.375]
[5,77.25,0,0.375]
[1,78,0,0.375]
[3,78.5625,0,1.125]
[4,78.75,0,1.125]
[7,79.125,0,0.375]
[0,79.875,0,0.375]
[1,79.875,0,0.375]
[4,80.25,0,0.375]
[5,80.25,0,0.375]
[8,81,0,0.375]
[7,81,0,1.125]
[4,81.5625,0,0.375]
[3,81.75,0,0.375]
[8,82.125,0,0.375]
[3,82.875,0,0.375]
[4,82.875,0,0.375]
[1,83.25,0,0.375]
[2,83.25,0,0.375]
[6,84,0,0.375]
[7,84,0,0.375]
[5,84.5625,0,0.375]
[4,84.75,0,0.375]
[3,85.125,0,0.375]
[2,85.5,0,0.375]
[1,85.5,0,0.375]
[8,85.875,0,0.375]
[7,86.0625,0,0.375]
[6,86.25,0,0.375]
[4,86.4375,0,1.125]
[2,86.625,0,1.125]
[1,86.8125,0,0.375]
[0,87,0,1.125]
[8,87.375,0,0.375]
[7,87.5625,0,0.375]
[6,87.75,0,0.375]
[1,88.5,0,1.125]
[2,88.5,0,1.125]
[3,89.0625,0,0.375]
[0,89.25,0,0.375]
[8,89.625,0,0.375]
[6,90,0,0.375]
[2,90.375,0,0.375]
[5,90.5625,0,0.375]
[8,90.75,0,0.375]
[0,91.125,0,0.375]
[2,91.5,0,0.375]
[5,91.875,0,0.375]
[4,92.0625,0,0.375]
[3,92.25,0,0.375]
[6,92.4375,0,0.375]
[7,92.625,0,0.375]
[8,92.8125,0,0.375]
[5,93,0,0.375]
[2,93.375,0,0.375]
[1,93.75,0,0.375]
[0,94.5,0,0.375]
[3,95.0625,0,1.125]
[4,95.25,0,1.125]
[8,95.625,0,0.375]
[7,95.8125,0,0.375]
[6,96,0,0.375]
[0,96.375,0,0.375]
[2,96.75,0,1.125]
[6,97.5,0,0.375]
[7,98.0625,0,0.375]
[8,98.25,0,0.375]
[0,98.625,0,0.375]
[1,98.8125,0,0.375]
[2,99,0,0.375]
[5,99.375,0,1.125]
[6,99.75,0,0.375]
[6,100.5,0,0.1875]
[3,100.6875,0,0.1875]
[0,100.875,0,0.375]
[1,101.0625,0,0.375]
[2,101.25,0,0.375]
[2,102,0,0.1875]
[5,102.1875,0,0.1875]
[8,102.375,0,0.375]
[7,102.5625,0,0.375]
[6,102.75,0,0.375]
[3,103.5,0,0.375]
[4,103.875,0,0.375]
[5,104.25,0,0.375]
[0,104.625,0,0.375]
[3,105,0,0.375]
[6,105.375,0,0.375]
[8,105.75,0,0.375]
[7,106.125,0,0.375]
[0,106.5,0,0.375]
[3,106.6875,0,0.375]
[4,106.875,0,0.375]
[1,107.0625,0,0.375]
[2,107.25,0,0.375]
[5,108,0,0.375]
[8,108.1875,0,0.375]
[7,108.375,0,0.375]
[4,108.5625,0,0.375]
[6,108.75,0,1.125]
[0,109.5,0,0.375]
[1,109.6875,0,0.375]
[2,109.875,0,0.375]
[5,110.0625,0,0.375]
[4,110.25,0,0.375]
[3,110.4375,0,0.375]
[6,110.8125,0,0.375]
[8,111.1875,0,0.375]
[2,111.375,0,0.375]
[1,111.5625,0,0.375]
[0,111.75,0,0.375]
[3,111.9375,0,0.375]
[4,112.125,1,0.75]
[6,113.4375,0,0.375]
[7,113.625,0,0.375]
[8,113.8125,0,0.375]
[5,114,0,0.375]
[4,114.1875,0,0.375]
[3,114.375,0,0.375]
[0,114.5625,0,0.375]
[1,114.75,0,0.375]
[2,114.9375,0,0.375]
[5,115.125,0,0.375]
[8,115.3125,0,1.125]
[7,115.5,0,0.375]
[3,116.25,0,0.1875]
[4,116.4375,0,0.1875]
[2,116.625,0,0.1875]
[1,116.8125,0,0.1875]
[4,117,0,0.1875]
[5,117.1875,0,0.1875]
[8,117.375,0,0.1875]
[7,117.5625,0,0.1875]
[6,117.75,0,0.375]
[3,117.9375,0,0.375]
[4,118.125,0,0.375]
[1,118.3125,0,0.375]
[0,118.5,0,0.375]
[3,120,0,0.1875]
[0,120.1875,0,0.1875]
[1,120.375,0,0.1875]
[4,120.5625,0,0.1875]
[7,120.75,0,0.1875]
[8,120.9375,0,0.1875]
[5,121.125,0,0.1875]
[4,121.3125,0,0.1875]
[3,121.5,0,0.1875]
[0,121.6875,0,0.1875]
[1,121.875,0,0.1875]
[2,122.0625,0,0.1875]
[5,122.25,0,0.1875]
[4,122.4375,0,0.1875]
[3,122.625,0,0.1875]
[6,122.8125,0,0.1875]
[7,123,0,0.1875]
[8,123.1875,0,0.1875]
[5,123.375,0,0.1875]
[4,123.5625,0,0.1875]
[3,123.75,0,0.1875]
[0,123.9375,0,0.1875]
[1,124.125,0,0.1875]
[2,124.3125,0,0.1875]
[4,124.5,0,0.1875]
[5,124.5,0,0.1875]
[7,124.875,0,0.1875]
[8,124.875,0,0.1875]
[6,125.4375,0,0.375]
[7,125.625,0,0.375]
[8,125.8125,0,0.375]
[5,126,0,0.375]
[2,126.1875,0,0.375]
[1,126.375,0,0.375]
[4,126.5625,0,0.375]
[7,126.75,0,0.375]
[8,126.9375,0,0.375]
[5,127.125,0,0.375]
[4,127.3125,0,0.375]
[3,127.5,0,0.375]
[6,128.25,0,0.375]
[7,128.4375,0,0.375]
[4,128.625,0,0.375]
[1,128.8125,0,0.375]
[2,129,0,0.375]
[5,129.1875,0,0.375]
[8,129.375,0,0.375]
[7,129.5625,0,0.375]
[0,129.75,0,0.375]
[3,129.9375,0,0.375]
[6,130.125,0,0.375]
[7,130.3125,0,0.375]
[8,130.5,0,0.375]
[3,132,1,0.75]
[1,132.75,1,0.75]
[5,133.5,1,0.375]
[7,133.875,1,0.375]
[6,134.25,1,0.375]
[2,135,0,0.375]
[1,135.1875,0,0.375]
[6,135.375,0,0.375]
[7,135.5625,0,0.375]
[0,135.75,0,0.375]
[1,135.9375,0,0.375]
[8,136.125,0,0.375]
[7,136.3125,0,0.375]
[3,136.5,0,0.375]
[4,136.875,0,0.375]
[2,137.4375,0,1.125]
[5,137.625,0,1.125]
[8,138,0,1.125]
[7,138.375,0,0.375]
[6,138.5625,0,0.375]
[3,138.75,0,0.375]
[0,138.9375,0,0.375]
[1,139.125,0,0.375]
[2,139.5,1,0.375]
[5,140.25,1,0.375]
[8,141,1,0.375]
[6,141.5625,0,0.375]
[7,141.75,0,0.375]
[0,142.125,1,0.375]
[3,143.25,1,0.375]
[6,144,0,0.375]
[7,144.1875,0,0.375]
[8,144.375,0,0.375]
[5,144.5625,0,0.375]
[2,144.75,1,0.375]
[8,145.5,1,0.375]
[7,146.25,0,0.375]
[0,147,0,0.375]
[1,147.1875,0,0.375]
[2,147.375,0,0.375]
[3,147.5625,0,0.375]
[4,147.75,0,0.375]
[5,148.125,0,0.375]
[6,148.5,1,0.375]
[7,149.0625,0,0.375]
[8,149.25,0,0.375]
[0,149.625,0,0.375]
[1,150,1,0.375]
[2,150.75,0,0.375]
[4,151.5,1,0.375]
[6,152.0625,0,0.375]
[7,152.25,0,0.375]
[8,152.625,0,0.375]
[0,153,1,0.375]
[1,153.75,0,0.375]
[4,154.5,0,0.375]
[7,154.875,0,0.375]
[8,155.0625,0,0.375]
[5,155.25,0,0.375]
[4,155.625,0,0.375]
[7,155.8125,0,0.375]
[6,156,0,0.375]
[3,156.75,0,0.375]
[4,157.5,0,0.375]
[0,157.6875,0,0.375]
[1,157.875,0,0.375]
[2,158.0625,0,0.375]
[4,158.25,0,0.375]
[3,158.625,0,0.375]
[6,159,0,0.375]
[7,159.1875,0,0.375]
[8,159.375,0,0.375]
[5,159.5625,0,0.375]
[4,159.75,0,0.375]
[4,160.5,0,0.375]
[3,160.6875,0,0.375]
[0,160.875,0,0.375]
[1,161.0625,0,0.375]
[2,161.25,0,0.375]
[3,162,0,0.375]
[4,162.375,0,0.375]
[5,162.75,0,0.375]
[7,163.125,0,0.375]
[1,163.5,0,0.375]
[5,163.875,0,0.375]
[7,164.25,0,0.375]
[3,164.625,0,0.375]
[6,165,0,0.375]
[7,165.1875,0,0.375]
[5,165.375,0,0.375]
[4,165.5625,0,0.375]
[6,165.75,0,0.375]
[8,166.5,0,0.375]
[7,166.6875,0,0.375]
[3,166.875,0,0.375]
[4,167.0625,0,0.375]
[8,167.25,0,0.375]
[0,168,0,0.375]
[1,168.1875,0,1.125]
[2,168.375,0,0.1875]
[8,168.5625,0,0.375]
[6,168.9375,0,0.1875]
[3,169.125,0,1.125]
[5,169.5,0,0.1875]
[0,170.0625,0,0.1875]
[1,170.25,0,0.1875]
[2,170.4375,0,0.375]
[4,170.625,1,1.125]
[3,172.5,1,0.75]
[4,173.625,0,1.125]
[5,173.8125,1,0.9375]
[6,175.125,0,0.375]
[7,175.3125,0,0.375]
[8,175.5,0,0.375]
[4,175.875,0,0.375]
[5,176.25,0,1.125]
[2,176.4375,0,1.125]
[1,176.625,0,1.125]
[0,176.8125,0,1.125]
[3,178.125,0,0.375]
[7,178.5,0,0.375]
[5,178.875,0,0.375]
[1,179.25,0,0.375]
[0,179.625,0,0.375]
[6,180,0,0.375]
[8,180.375,0,0.375]
[2,180.75,0,0.375]
[1,181.125,0,0.375]
[0,181.5,0,0.375]
[1,181.6875,0,0.375]
[5,181.875,0,0.375]
[4,182.0625,0,0.375]
[6,182.25,0,0.375]
[7,182.4375,0,0.375]
[8,182.625,0,0.375]
[7,182.8125,0,0.375]
[3,183,0,0.375]
[4,183.1875,0,0.375]
[2,183.375,0,0.375]
[1,183.5625,0,0.375]
[0,183.75,0,0.375]
[3,183.9375,0,0.375]
[7,184.125,0,0.375]
[6,184.3125,0,0.375]
[5,184.5,0,0.375]
[8,184.6875,0,0.375]
[1,184.875,0,0.375]
[2,185.0625,0,0.375]
[3,185.25,0,0.375]
[4,185.4375,0,0.375]
[8,185.625,0,0.375]
[7,185.8125,0,0.375]
[6,186,0,0.375]
[7,186.1875,0,0.375]
[8,186.375,0,0.375]
[5,186.5625,0,0.375]
[4,186.75,0,0.375]
[3,186.9375,0,0.375]
[0,187.125,0,0.375]
[1,187.3125,0,0.375]
[2,187.5,0,0.375]
[5,187.6875,0,0.375]
[8,187.875,0,0.375]
[7,188.0625,0,0.375]
[6,188.25,0,0.375]
[3,188.4375,0,0.375]
[4,188.625,0,0.375]
[5,188.8125,0,0.375]
[2,189,0,0.375]
[1,189.1875,0,0.375]
[0,189.375,0,0.375]
[3,189.5625,0,0.375]
[6,189.75,0,0.375]
[7,189.9375,0,0.375]
[4,190.125,0,0.375]
[1,190.3125,0,0.375]
[2,190.5,0,0.375]
[5,190.6875,0,0.375]
[8,190.875,0,0.375]
[7,191.0625,0,0.375]
[6,191.25,0,0.375]
[3,191.4375,0,0.375]
[4,191.625,0,0.375]
[5,191.8125,0,0.375]
[8,192,0,0.375]
[7,192.1875,0,0.375]
[4,192.375,0,0.375]
[1,192.5625,0,0.375]
[0,192.75,0,0.375]
[3,192.9375,0,0.375]
[0,193.5,0,0.375]
[3,193.6875,0,0.375]
[4,193.875,0,0.375]
[1,194.0625,0,0.375]
[2,194.25,0,0.375]
[5,194.4375,0,0.375]
[8,194.625,0,0.375]
[7,194.8125,0,0.375]
[6,195,0,0.375]
[3,195.75,0,0.375]
[4,195.9375,0,0.375]
[8,196.125,0,0.375]
[7,196.3125,0,0.375]
[6,196.5,0,0.375]
[5,196.875,0,0.375]
[0,197.25,0,0.375]
[1,197.4375,0,0.375]
[2,197.625,0,0.375]
[5,197.8125,0,0.375]
[8,198,0,0.375]
[7,199.5,0,0.375]
[6,199.6875,0,0.375]
[3,199.875,0,0.375]
[4,200.0625,0,0.375]
[1,200.25,0,0.375]
[0,200.4375,0,0.375]
[3,200.625,0,0.375]
[4,200.8125,0,0.375]
[5,201,0,0.375]
[8,201.1875,0,0.375]
[7,201.375,0,0.375]
[4,201.5625,0,0.375]
[5,201.75,0,0.375]
[2,201.9375,0,0.375]
[1,202.125,0,0.375]
[3,202.3125,0,0.375]
[4,202.5,0,0.375]
[8,202.6875,0,0.375]
[7,202.875,0,0.375]
[3,203.0625,0,0.375]
[4,203.25,0,0.375]
[2,203.4375,0,0.375]
[1,203.625,0,0.375]
[0,204,0,0.375]
[1,204,0,0.375]
[7,204.375,0,0.375]
[8,204.375,0,0.375]
[3,204.9375,0,0.375]
[4,205.125,0,0.375]
[5,205.3125,0,0.375]
[4,205.5,0,0.375]
[7,205.6875,0,0.375]
[8,205.875,0,0.375]
[5,206.0625,0,0.375]
[2,206.25,0,0.375]
[1,206.4375,0,0.375]
[4,206.625,0,0.375]
[3,206.8125,0,0.375]
[0,207,0,0.375]
[6,207.75,0,0.375]
[7,207.9375,0,0.375]
[5,208.125,0,0.375]
[4,208.3125,0,0.375]
[6,208.5,0,0.375]
[7,208.6875,0,0.375]
[8,208.875,0,0.375]
[5,209.0625,0,0.375]
[4,209.25,0,0.375]
[3,209.4375,0,0.375]
[0,209.625,0,0.375]
[1,209.8125,0,0.375]
[2,210,0,0.375]
[0,211.5,1,0.75]
[1,212.25,1,0.5625]
[2,212.8125,1,0.375]
[5,213.5625,0,0.375]
[4,213.75,0,0.375]
[3,213.9375,0,0.375]
[6,214.125,0,0.375]
[7,214.3125,0,0.375]
[2,214.5,0,0.375]
[1,214.6875,0,0.375]
[6,214.875,0,0.375]
[7,215.0625,0,0.375]
[0,215.25,0,0.375]
[1,215.4375,0,0.375]
[8,215.625,0,0.375]
[7,215.8125,0,0.375]
[0,216,0,0.375]
[1,216,0,0.375]
[3,216.375,0,0.375]
[4,216.375,0,0.375]
[5,216.9375,0,0.375]
[4,217.125,0,0.375]
[3,217.3125,0,0.375]
[8,217.5,0,0.375]
[7,217.6875,0,0.375]
[0,217.875,0,0.375]
[1,218.0625,0,0.375]
[6,218.25,0,0.375]
[7,218.4375,0,0.375]
[2,218.625,0,0.375]
[1,218.8125,0,0.375]
[3,219,0,0.375]
[4,219,0,0.375]
[6,219.375,0,0.375]
[7,219.375,0,0.375]
[8,219.75,0,0.375]
[5,219.9375,0,0.375]
[2,220.125,0,0.375]
[1,220.5,0,0.375]
[2,220.6875,0,0.375]
[7,220.875,0,0.375]
[6,221.0625,0,0.375]
[0,221.25,0,0.375]
[1,221.4375,0,0.375]
[8,221.625,0,0.375]
[7,221.8125,0,0.375]
[3,222,0,0.375]
[4,222,0,0.375]
[1,222.375,0,0.375]
[2,222.375,0,0.375]
[5,222.9375,0,0.375]
[8,223.125,0,0.375]
[7,223.3125,0,0.375]
[4,223.5,0,0.375]
[0,224.0625,0,0.375]
[1,224.25,0,0.375]
[4,224.625,0,0.375]
[5,224.625,0,0.375]
[6,225.375,0,0.375]
[7,225.375,0,0.375]
[3,225.75,0,0.375]
[4,225.75,0,0.375]
[5,226.5,0,0.375]
[4,226.5,0,0.375]
[1,227.0625,0,0.375]
[0,227.25,0,0.375]
[4,227.625,0,0.375]
[5,227.625,0,0.375]
[7,228.375,0,0.375]
[8,228.375,0,0.375]
[3,228.75,0,0.375]
[4,228.75,0,0.375]
[2,229.5,0,0.375]
[1,229.5,0,0.375]
[5,230.0625,0,0.375]
[8,230.25,0,0.375]
[1,230.625,0,0.375]
[0,230.625,0,0.375]
[1,231.375,0,0.375]
[2,231.375,0,0.375]
[3,231.75,0,0.375]
[4,231.75,0,0.375]
[7,232.5,0,0.375]
[8,232.5,0,0.375]
[5,233.0625,0,0.375]
[4,233.25,0,0.375]
[0,233.625,0,0.375]
[1,233.625,0,0.375]
[7,234,0,0.375]
[8,234,0,0.375]