[7,0,0,0.46153846153846156]
[8,0,0,0.46153846153846156]
[4,0.23076923076923078,0,0.46153846153846156]
[1,0.46153846153846156,0,0.46153846153846156]
[2,0.46153846153846156,0,0.46153846153846156]
[3,0.6923076923076924,0,0.46153846153846156]
[4,0.8076923076923077,0,0.46153846153846156]
[6,1.0384615384615385,0,0.46153846153846156]
[7,1.153846153846154,0,0.46153846153846156]
[8,1.153846153846154,0,0.46153846153846156]
[1,1.3846153846153848,0,0.46153846153846156]
[0,1.3846153846153848,0,0.46153846153846156]
[5,1.6153846153846154,0,0.46153846153846156]
[7,1.8461538461538463,0,0.46153846153846156]
[6,1.8461538461538463,0,0.46153846153846156]
[4,2.076923076923077,0,0.46153846153846156]
[1,2.307692307692308,0,0.46153846153846156]
[0,2.307692307692308,0,0.46153846153846156]
[2,2.4230769230769234,0,0.46153846153846156]
[5,2.5384615384615388,0,0.46153846153846156]
[4,2.653846153846154,0,0.46153846153846156]
[3,2.7692307692307696,0,0.46153846153846156]
[6,2.884615384615385,0,0.46153846153846156]
[7,3,0,0.46153846153846156]
[8,3,0,0.46153846153846156]
[1,3.230769230769231,0,0.46153846153846156]
[0,3.230769230769231,0,0.46153846153846156]
[5,3.4615384615384617,0,0.46153846153846156]
[7,3.6923076923076925,0,0.46153846153846156]
[6,3.6923076923076925,0,0.46153846153846156]
[4,3.9230769230769234,0,0.46153846153846156]
[1,4.153846153846154,0,0.46153846153846156]
[0,4.153846153846154,0,0.46153846153846156]
[5,4.384615384615385,0,0.46153846153846156]
[4,4.5,0,0.46153846153846156]
[6,4.615384615384616,0,0.46153846153846156]
[7,4.730769230769231,0,0.46153846153846156]
[2,4.846153846153847,0,0.46153846153846156]
[1,4.961538461538462,0,0.46153846153846156]
[4,5.0769230769230775,0,0.46153846153846156]
[3,5.0769230769230775,0,0.46153846153846156]
[7,5.307692307692308,0,0.46153846153846156]
[8,5.307692307692308,0,0.46153846153846156]
[6,5.423076923076923,0,0.46153846153846156]
[5,5.538461538461539,0,0.46153846153846156]
[0,5.653846153846154,0,0.46153846153846156]
[1,5.76923076923077,0,0.46153846153846156]
[2,5.76923076923077,0,0.46153846153846156]
[5,6,0,0.46153846153846156]
[4,6.115384615384616,0,0.46153846153846156]
[7,6.230769230769231,0,0.46153846153846156]
[6,6.230769230769231,0,0.46153846153846156]
[8,6.346153846153847,0,0.46153846153846156]
[3,6.461538461538462,0,0.46153846153846156]
[1,6.6923076923076925,0,0.46153846153846156]
[0,6.6923076923076925,0,0.46153846153846156]
[4,6.923076923076923,0,0.46153846153846156]
[7,7.153846153846154,0,0.46153846153846156]
[8,7.153846153846154,0,0.46153846153846156]
[6,7.384615384615385,0,0.46153846153846156]
[1,7.615384615384616,0,0.46153846153846156]
[3,7.730769230769232,0,0.46153846153846156]
[4,7.846153846153847,0,0.46153846153846156]
[8,8.076923076923077,0,0.46153846153846156]
[1,8.307692307692308,0,0.46153846153846156]
[0,8.307692307692308,0,0.46153846153846156]
[5,8.538461538461538,0,0.46153846153846156]
[7,8.76923076923077,0,0.46153846153846156]
[3,9,0,0.46153846153846156]
[5,9.230769230769232,0,0.46153846153846156]
[6,9.461538461538462,0,0.46153846153846156]
[7,9.576923076923078,0,0.46153846153846156]
[8,9.692307692307693,0,0.46153846153846156]
[3,9.923076923076923,0,0.46153846153846156]
[1,10.153846153846155,0,0.46153846153846156]
[2,10.153846153846155,0,0.46153846153846156]
[0,10.384615384615385,0,0.46153846153846156]
[4,10.615384615384617,0,0.46153846153846156]
[6,10.846153846153847,0,0.46153846153846156]
[5,11.076923076923078,0,0.46153846153846156]
[8,11.076923076923078,0,0.46153846153846156]
[1,11.307692307692308,0,0.46153846153846156]
[3,11.423076923076923,0,0.46153846153846156]
[4,11.53846153846154,0,0.46153846153846156]
[8,11.76923076923077,0,0.46153846153846156]
[1,12,0,0.46153846153846156]
[0,12,0,0.46153846153846156]
[5,12.230769230769232,0,0.46153846153846156]
[4,12.346153846153847,0,0.46153846153846156]
[3,12.346153846153847,0,0.46153846153846156]
[8,12.576923076923078,0,0.46153846153846156]
[7,12.692307692307693,0,0.46153846153846156]
[6,12.807692307692308,0,0.46153846153846156]
[2,12.923076923076923,0,0.46153846153846156]
[1,12.923076923076923,0,0.46153846153846156]
[4,13.153846153846155,0,0.46153846153846156]
[4,13.384615384615385,0,0.46153846153846156]
[5,13.615384615384617,0,0.46153846153846156]
[3,13.730769230769232,0,0.46153846153846156]
[2,14.076923076923078,0,0.46153846153846156]
[1,14.134615384615385,0,0.46153846153846156]
[3,14.192307692307693,0,0.46153846153846156]
[4,14.250000000000002,0,0.46153846153846156]
[5,14.307692307692308,0,0.46153846153846156]
[6,14.423076923076923,0,0.46153846153846156]
[8,14.53846153846154,0,0.46153846153846156]
[0,14.653846153846155,0,0.46153846153846156]
[1,14.76923076923077,0,0.46153846153846156]
[2,14.76923076923077,0,0.46153846153846156]
[3,15.000000000000002,0,0.46153846153846156]
[3,15.115384615384617,0,0.46153846153846156]
[7,15.230769230769232,0,0.46153846153846156]
[8,15.230769230769232,0,0.46153846153846156]
[0,15.461538461538463,0,0.46153846153846156]
[5,15.576923076923078,0,0.46153846153846156]
[1,15.692307692307693,0,0.46153846153846156]
[3,15.807692307692308,0,0.46153846153846156]
[2,15.923076923076923,0,0.46153846153846156]
[7,16.03846153846154,0,0.46153846153846156]
[0,16.153846153846153,0,0.46153846153846156]
[8,16.26923076923077,0,0.46153846153846156]
[6,16.384615384615387,0,0.46153846153846156]
[5,16.5,0,0.46153846153846156]
[4,16.5,0,0.46153846153846156]
[7,16.730769230769234,0,0.46153846153846156]
[2,16.846153846153847,0,0.46153846153846156]
[2,16.961538461538463,0,0.46153846153846156]
[2,17.076923076923077,0,0.46153846153846156]
[2,17.192307692307693,0,0.46153846153846156]
[2,17.30769230769231,0,0.46153846153846156]
[2,17.423076923076923,0,0.46153846153846156]
[6,17.53846153846154,0,0.46153846153846156]
[4,17.76923076923077,0,0.46153846153846156]
[5,17.76923076923077,0,0.46153846153846156]
[3,17.884615384615387,0,0.46153846153846156]
[1,18,0,0.46153846153846156]
[2,18,0,0.46153846153846156]
[0,18.115384615384617,0,0.46153846153846156]
[5,18.230769230769234,0,0.46153846153846156]
[6,18.346153846153847,0,0.46153846153846156]
[7,18.461538461538463,0,0.46153846153846156]
[8,18.461538461538463,0,0.46153846153846156]
[3,18.692307692307693,0,0.46153846153846156]
[4,18.80769230769231,0,0.46153846153846156]
[2,18.923076923076923,0,0.46153846153846156]
[2,19.03846153846154,0,0.46153846153846156]
[1,19.153846153846157,0,0.46153846153846156]
[0,19.153846153846157,0,0.46153846153846156]
[8,19.26923076923077,0,0.46153846153846156]
[8,19.384615384615387,0,0.46153846153846156]
[6,19.5,0,0.46153846153846156]
[5,19.615384615384617,0,0.46153846153846156]
[5,19.730769230769234,0,0.46153846153846156]
[4,19.846153846153847,0,0.46153846153846156]
[2,19.961538461538463,0,0.46153846153846156]
[2,20.076923076923077,0,0.46153846153846156]
[0,20.192307692307693,0,0.46153846153846156]
[7,20.30769230769231,0,0.46153846153846156]
[8,20.30769230769231,0,0.46153846153846156]
[5,20.53846153846154,0,0.46153846153846156]
[3,20.53846153846154,0,0.46153846153846156]
[1,20.76923076923077,0,0.46153846153846156]
[0,20.76923076923077,0,0.46153846153846156]
[2,21,0,0.46153846153846156]
[6,21,0,0.46153846153846156]
[5,21.115384615384617,0,0.46153846153846156]
[3,21.115384615384617,0,0.46153846153846156]
[7,21.461538461538463,0,0.46153846153846156]
[8,21.461538461538463,0,0.46153846153846156]
[3,21.576923076923077,0,0.46153846153846156]
[1,21.692307692307693,0,0.46153846153846156]
[2,21.692307692307693,0,0.46153846153846156]
[0,21.80769230769231,0,0.46153846153846156]
[5,21.923076923076923,0,0.46153846153846156]
[6,22.03846153846154,0,0.46153846153846156]
[7,22.153846153846157,0,0.46153846153846156]
[8,22.153846153846157,0,0.46153846153846156]
[3,22.384615384615387,0,0.46153846153846156]
[3,22.5,0,0.46153846153846156]
[1,22.615384615384617,0,0.46153846153846156]
[2,22.615384615384617,0,0.46153846153846156]
[0,22.846153846153847,0,0.46153846153846156]
[5,22.96153846153846,0,0.46153846153846156]
[1,23.076923076923077,0,0.46153846153846156]
[3,23.192307692307693,0,0.46153846153846156]
[2,23.307692307692307,0,0.46153846153846156]
[7,23.423076923076923,0,0.46153846153846156]
[0,23.538461538461537,0,0.46153846153846156]
[8,23.653846153846153,0,0.46153846153846156]
[6,23.76923076923077,0,0.46153846153846156]
[4,23.884615384615383,0,0.46153846153846156]
[5,23.884615384615383,0,0.46153846153846156]
[7,24.115384615384617,0,0.46153846153846156]
[0,24.230769230769234,0,0.46153846153846156]
[4,24.346153846153847,0,0.46153846153846156]
[3,24.461538461538463,0,0.46153846153846156]
[2,24.57692307692308,0,0.46153846153846156]
[1,24.692307692307693,0,0.46153846153846156]
[5,24.80769230769231,0,0.46153846153846156]
[4,24.923076923076923,0,0.46153846153846156]
[7,25.153846153846157,0,0.46153846153846156]
[8,25.153846153846157,0,0.46153846153846156]
[1,25.384615384615387,0,0.46153846153846156]
[0,25.384615384615387,0,0.46153846153846156]
[5,25.5,0,0.46153846153846156]
[4,25.615384615384617,0,0.46153846153846156]
[3,25.730769230769234,0,0.46153846153846156]
[7,25.846153846153847,0,0.46153846153846156]
[8,25.846153846153847,0,0.46153846153846156]
[2,26.07692307692308,0,0.46153846153846156]
[1,26.192307692307693,0,0.46153846153846156]
[8,26.423076923076923,0,0.46153846153846156]
[3,26.653846153846157,0,0.46153846153846156]
[5,26.76923076923077,0,0.46153846153846156]
[4,26.76923076923077,0,0.46153846153846156]
[0,27.000000000000004,0,0.46153846153846156]
[1,27.115384615384617,0,0.46153846153846156]
[6,27.346153846153847,0,0.46153846153846156]
[5,27.57692307692308,0,0.46153846153846156]
[0,27.692307692307693,0,0.46153846153846156]
[1,27.80769230769231,0,0.46153846153846156]
[2,27.923076923076923,0,0.46153846153846156]
[6,28.153846153846157,0,0.46153846153846156]
[2,28.384615384615387,0,0.46153846153846156]
[1,28.500000000000004,0,0.46153846153846156]
[7,28.846153846153847,0,0.46153846153846156]
[8,28.846153846153847,0,0.46153846153846156]
[6,28.961538461538463,0,0.46153846153846156]
[4,29.07692307692308,0,0.46153846153846156]
[5,29.07692307692308,0,0.46153846153846156]
[3,29.192307692307693,0,0.46153846153846156]
[1,29.30769230769231,0,0.46153846153846156]
[2,29.30769230769231,0,0.46153846153846156]
[8,29.53846153846154,0,0.46153846153846156]
[7,29.653846153846157,0,0.46153846153846156]
[6,29.76923076923077,0,0.46153846153846156]
[5,29.884615384615387,0,0.46153846153846156]
[4,30.000000000000004,0,0.46153846153846156]
[3,30.000000000000004,0,0.46153846153846156]
[0,30.230769230769226,0,0.46153846153846156]
[5,30.34615384615384,0,0.46153846153846156]
[1,30.461538461538456,0,0.46153846153846156]
[3,30.576923076923073,0,0.46153846153846156]
[2,30.692307692307686,0,0.46153846153846156]
[7,30.807692307692303,0,0.46153846153846156]
[0,30.923076923076916,0,0.46153846153846156]
[8,31.038461538461533,0,0.46153846153846156]
[6,31.15384615384615,0,0.46153846153846156]
[4,31.269230769230763,0,0.46153846153846156]
[5,31.269230769230763,0,0.46153846153846156]
[7,31.500000000000004,0,0.46153846153846156]
[2,31.615384615384617,0,0.46153846153846156]
[2,31.730769230769234,0,0.46153846153846156]
[2,31.846153846153847,0,0.46153846153846156]
[2,31.961538461538463,0,0.46153846153846156]
[2,32.07692307692308,0,0.46153846153846156]
[2,32.19230769230769,0,0.46153846153846156]
[6,32.30769230769231,0,0.46153846153846156]
[4,32.53846153846154,0,0.46153846153846156]
[5,32.53846153846154,0,0.46153846153846156]
[3,32.65384615384615,0,0.46153846153846156]
[1,32.769230769230774,0,0.46153846153846156]
[2,32.769230769230774,0,0.46153846153846156]
[0,32.88461538461539,0,0.46153846153846156]
[5,33,0,0.46153846153846156]
[6,33.11538461538462,0,0.46153846153846156]
[7,33.23076923076923,0,0.46153846153846156]
[8,33.23076923076923,0,0.46153846153846156]
[4,33.46153846153847,0,0.46153846153846156]
[2,33.69230769230769,0,0.46153846153846156]
[1,33.80769230769231,0,0.46153846153846156]
[4,33.92307692307693,0,0.46153846153846156]
[3,33.92307692307693,0,0.46153846153846156]
[5,34.03846153846154,0,0.46153846153846156]
[6,34.15384615384615,0,0.46153846153846156]
[7,34.269230769230774,0,0.46153846153846156]
[8,34.38461538461539,0,0.46153846153846156]
[0,34.5,0,0.46153846153846156]
[1,34.61538461538462,0,0.46153846153846156]
[5,34.73076923076923,0,0.46153846153846156]
[4,34.84615384615385,0,0.46153846153846156]
[6,34.96153846153847,0,0.46153846153846156]
[7,35.07692307692308,0,0.46153846153846156]
[8,35.07692307692308,0,0.46153846153846156]
[2,35.30769230769231,0,0.46153846153846156]
[1,35.42307692307693,0,0.46153846153846156]
[0,35.42307692307693,0,0.46153846153846156]
[5,35.53846153846154,0,0.46153846153846156]
[6,35.65384615384615,0,0.46153846153846156]
[6,35.769230769230774,0,0.46153846153846156]
[6,35.88461538461539,0,0.46153846153846156]
[7,36,0,0.46153846153846156]
[8,36,0,0.46153846153846156]
[2,36.23076923076923,0,0.46153846153846156]
[1,36.34615384615385,0,0.46153846153846156]
[0,36.34615384615385,0,0.46153846153846156]
[5,36.46153846153847,0,0.46153846153846156]
[6,36.57692307692308,0,0.46153846153846156]
[6,36.69230769230769,0,0.46153846153846156]
[6,36.807692307692314,0,0.46153846153846156]
[7,36.92307692307693,0,0.46153846153846156]
[8,36.92307692307693,0,0.46153846153846156]
[3,37.15384615384615,0,0.46153846153846156]
[3,37.269230769230774,0,0.46153846153846156]
[1,37.38461538461539,0,0.46153846153846156]
[2,37.38461538461539,0,0.46153846153846156]
[8,37.61538461538462,0,0.46153846153846156]
[4,37.84615384615385,0,0.46153846153846156]
[0,38.07692307692308,0,0.46153846153846156]
[2,38.307692307692314,0,0.46153846153846156]
[1,38.42307692307693,0,0.46153846153846156]
[3,38.53846153846154,0,0.46153846153846156]
[5,38.65384615384615,0,0.46153846153846156]
[4,38.65384615384615,0,0.46153846153846156]
[8,38.88461538461539,0,0.46153846153846156]
[6,39,0,0.46153846153846156]
[6,39.11538461538462,0,0.46153846153846156]
[5,39.23076923076923,0,0.46153846153846156]
[3,39.34615384615385,0,0.46153846153846156]
[3,39.46153846153847,0,0.46153846153846156]
[2,39.57692307692308,0,0.46153846153846156]
[6,39.807692307692314,0,0.46153846153846156]
[7,39.92307692307693,0,0.46153846153846156]
[8,39.92307692307693,0,0.46153846153846156]
[3,40.03846153846154,0,0.46153846153846156]
[1,40.15384615384615,0,0.46153846153846156]
[2,40.15384615384615,0,0.46153846153846156]
[0,40.269230769230774,0,0.46153846153846156]
[5,40.38461538461539,0,0.46153846153846156]
[6,40.5,0,0.46153846153846156]
[8,40.61538461538462,0,0.46153846153846156]
[7,40.61538461538462,0,0.46153846153846156]
[4,40.84615384615385,0,0.46153846153846156]
[0,41.07692307692308,0,0.46153846153846156]
[1,41.19230769230769,0,0.46153846153846156]
[4,41.307692307692314,0,0.46153846153846156]
[5,41.307692307692314,0,0.46153846153846156]
[6,41.42307692307693,0,0.46153846153846156]
[2,41.65384615384615,0,0.46153846153846156]
[3,41.769230769230774,0,0.46153846153846156]
[4,41.88461538461539,0,0.46153846153846156]
[4,42,0,0.46153846153846156]
[4,42.11538461538462,0,0.46153846153846156]
[4,42.23076923076923,0,0.46153846153846156]
[2,42.34615384615385,0,0.46153846153846156]
[1,42.46153846153847,0,0.46153846153846156]
[0,42.46153846153847,0,0.46153846153846156]
[3,42.69230769230769,0,0.46153846153846156]
[5,42.69230769230769,0,0.46153846153846156]
[7,42.92307692307693,0,0.46153846153846156]
[8,42.92307692307693,0,0.46153846153846156]
[2,43.15384615384615,0,0.46153846153846156]
[6,43.15384615384615,0,0.46153846153846156]
[5,43.269230769230774,0,0.46153846153846156]
[3,43.269230769230774,0,0.46153846153846156]
[2,43.61538461538461,0,0.46153846153846156]
[1,43.69230769230769,0,0.46153846153846156]
[0,43.76923076923077,0,0.46153846153846156]
[4,43.84615384615385,0,0.46153846153846156]
[5,43.84615384615385,0,0.46153846153846156]
[3,43.96153846153847,0,0.46153846153846156]
[7,44.07692307692308,0,0.46153846153846156]
[8,44.07692307692308,0,0.46153846153846156]
[6,44.19230769230769,0,0.46153846153846156]
[0,44.307692307692314,0,0.46153846153846156]
[1,44.307692307692314,0,0.46153846153846156]
[2,44.307692307692314,0,0.46153846153846156]
[5,44.53846153846154,0,0.46153846153846156]
[5,44.65384615384616,0,0.46153846153846156]
[7,44.769230769230774,0,0.46153846153846156]
[6,44.769230769230774,0,0.46153846153846156]
[2,45,0,0.46153846153846156]
[2,45.11538461538462,0,0.46153846153846156]
[3,45.23076923076923,0,0.46153846153846156]
[8,45.34615384615385,0,0.46153846153846156]
[7,45.40384615384616,0,0.46153846153846156]
[6,45.46153846153847,0,0.46153846153846156]
[5,45.57692307692308,0,0.46153846153846156]
[0,45.69230769230769,0,0.46153846153846156]
[3,45.807692307692314,0,0.46153846153846156]
[1,45.92307692307693,0,0.46153846153846156]
[2,45.92307692307693,0,0.46153846153846156]
[4,46.03846153846154,0,0.46153846153846156]
[7,46.269230769230774,0,0.46153846153846156]
[5,46.38461538461539,0,0.46153846153846156]
[3,46.5,0,0.46153846153846156]
[4,46.61538461538462,0,0.46153846153846156]
[2,46.73076923076923,0,0.46153846153846156]
[0,46.84615384615385,0,0.46153846153846156]
[1,46.96153846153847,0,0.46153846153846156]
[5,47.07692307692308,0,0.46153846153846156]
[8,47.307692307692314,0,0.46153846153846156]
[7,47.42307692307693,0,0.46153846153846156]
[4,47.53846153846154,0,0.46153846153846156]
[3,47.53846153846154,0,0.46153846153846156]
[2,47.65384615384616,0,0.46153846153846156]
[6,47.769230769230774,0,0.46153846153846156]
[0,47.88461538461539,0,0.46153846153846156]
[8,48,0,0.46153846153846156]
[8,48.11538461538462,0,0.46153846153846156]
[3,48.23076923076923,0,0.46153846153846156]
[5,48.34615384615385,0,0.46153846153846156]
[5,48.46153846153847,0,0.46153846153846156]
[0,48.57692307692308,0,0.46153846153846156]
[0,48.69230769230769,0,0.46153846153846156]
[2,48.807692307692314,0,0.46153846153846156]
[7,48.92307692307693,0,0.46153846153846156]
[6,48.92307692307693,0,0.46153846153846156]
[5,49.03846153846154,0,0.46153846153846156]
[3,49.15384615384616,0,0.46153846153846156]
[1,49.38461538461539,0,0.46153846153846156]
[7,49.38461538461539,0,0.46153846153846156]
[0,49.61538461538462,0,0.46153846153846156]
[8,49.61538461538462,0,0.46153846153846156]
[3,49.84615384615385,0,0.46153846153846156]
[5,49.84615384615385,0,0.46153846153846156]
[2,50.07692307692308,0,0.46153846153846156]
[1,50.19230769230769,0,0.46153846153846156]
[6,50.307692307692314,0,0.46153846153846156]
[6,50.42307692307693,0,0.46153846153846156]
[8,50.53846153846154,0,0.46153846153846156]
[3,50.65384615384616,0,0.46153846153846156]
[4,50.769230769230774,0,0.46153846153846156]
[5,50.769230769230774,0,0.46153846153846156]
[0,50.88461538461539,0,0.46153846153846156]
[1,51,0,0.46153846153846156]
[8,51.23076923076923,0,0.46153846153846156]
[7,51.23076923076923,0,0.46153846153846156]
[3,51.34615384615385,0,0.46153846153846156]
[4,51.34615384615385,0,0.46153846153846156]
[1,51.46153846153847,0,0.46153846153846156]
[2,51.46153846153847,0,0.46153846153846156]
[6,51.69230769230769,0,0.46153846153846156]
[5,51.69230769230769,0,0.46153846153846156]
[3,51.92307692307693,0,0.46153846153846156]
[2,51.92307692307693,0,0.46153846153846156]
[1,52.15384615384616,0,0.46153846153846156]
[0,52.15384615384616,0,0.46153846153846156]
[4,52.269230769230774,0,0.46153846153846156]
[5,52.269230769230774,0,0.46153846153846156]
[7,52.38461538461539,0,0.46153846153846156]
[6,52.38461538461539,0,0.46153846153846156]
[8,52.50000000000001,0,0.46153846153846156]
[8,52.61538461538462,0,0.46153846153846156]
[3,52.73076923076923,0,0.46153846153846156]
[1,52.84615384615385,0,0.46153846153846156]
[2,52.84615384615385,0,0.46153846153846156]
[7,53.07692307692308,0,0.46153846153846156]
[8,53.07692307692308,0,0.46153846153846156]
[3,53.19230769230769,0,0.46153846153846156]
[4,53.307692307692314,0,0.46153846153846156]
[2,53.42307692307693,0,0.46153846153846156]
[6,53.53846153846154,0,0.46153846153846156]
[6,53.65384615384616,0,0.46153846153846156]
[5,53.769230769230774,0,0.46153846153846156]
[3,53.88461538461539,0,0.46153846153846156]
[1,54.00000000000001,0,0.46153846153846156]
[2,54.00000000000001,0,0.46153846153846156]
[0,54.11538461538462,0,0.46153846153846156]
[8,54.23076923076923,0,0.46153846153846156]
[7,54.34615384615385,0,0.46153846153846156]
[6,54.34615384615385,0,0.46153846153846156]
[3,54.57692307692308,0,0.46153846153846156]
[3,54.69230769230769,0,0.46153846153846156]
[4,54.807692307692314,0,0.46153846153846156]
[5,54.807692307692314,0,0.46153846153846156]
[2,55.03846153846154,0,0.46153846153846156]
[1,55.09615384615385,0,0.46153846153846156]
[0,55.15384615384616,0,0.46153846153846156]
[5,55.269230769230774,0,0.46153846153846156]
[7,55.38461538461539,0,0.46153846153846156]
[6,55.38461538461539,0,0.46153846153846156]
[8,55.50000000000001,0,0.46153846153846156]
[4,55.61538461538462,0,0.46153846153846156]
[3,55.61538461538462,0,0.46153846153846156]
[2,55.73076923076923,0,0.46153846153846156]
[1,55.84615384615385,0,0.46153846153846156]
[0,55.84615384615385,0,0.46153846153846156]
[5,55.96153846153847,0,0.46153846153846156]
[3,56.07692307692308,0,0.46153846153846156]
[3,56.19230769230769,0,0.46153846153846156]
[1,56.307692307692314,0,0.46153846153846156]
[2,56.307692307692314,0,0.46153846153846156]
[4,56.42307692307693,0,0.46153846153846156]
[4,56.53846153846154,0,0.46153846153846156]
[7,56.65384615384616,0,0.46153846153846156]
[6,56.65384615384616,0,0.46153846153846156]
[0,56.88461538461539,0,0.46153846153846156]
[1,57.00000000000001,0,0.46153846153846156]
[5,57.11538461538462,0,0.46153846153846156]
[4,57.23076923076923,0,0.46153846153846156]
[3,57.23076923076923,0,0.46153846153846156]
[8,57.34615384615385,0,0.46153846153846156]
[6,57.46153846153847,0,0.46153846153846156]
[6,57.57692307692308,0,0.46153846153846156]
[1,57.69230769230769,0,0.46153846153846156]
[2,57.69230769230769,0,0.46153846153846156]
[0,57.807692307692314,0,0.46153846153846156]
[5,57.92307692307693,0,0.46153846153846156]
[5,58.03846153846154,0,0.46153846153846156]
[7,58.15384615384616,0,0.46153846153846156]
[7,58.269230769230774,0,0.46153846153846156]
[4,58.38461538461539,0,0.46153846153846156]
[4,58.50000000000001,0,0.46153846153846156]
[1,58.61538461538462,0,0.46153846153846156]
[1,58.73076923076923,0,0.46153846153846156]
[2,58.84615384615385,0,0.46153846153846156]
[3,58.96153846153847,0,0.46153846153846156]
[7,59.07692307692308,0,0.46153846153846156]
[8,59.07692307692308,0,0.46153846153846156]
[4,59.307692307692314,0,0.46153846153846156]
[1,59.53846153846154,0,0.46153846153846156]
[0,59.53846153846154,0,0.46153846153846156]
[5,59.65384615384616,0,0.46153846153846156]
[4,59.769230769230774,0,0.46153846153846156]
[3,59.88461538461539,0,0.46153846153846156]
[6,60.11538461538462,0,0.46153846153846156]
[8,60.346153846153854,0,0.46153846153846156]
[1,60.46153846153847,0,0.46153846153846156]
[0,60.46153846153847,0,0.46153846153846156]
[5,60.57692307692308,0,0.46153846153846156]
[4,60.69230769230769,0,0.46153846153846156]
[4,60.807692307692314,0,0.46153846153846156]
[7,60.92307692307693,0,0.46153846153846156]
[1,61.15384615384616,0,0.46153846153846156]
[2,61.15384615384616,0,0.46153846153846156]
[6,61.269230769230774,0,0.46153846153846156]
[5,61.38461538461539,0,0.46153846153846156]
[3,61.50000000000001,0,0.46153846153846156]
[8,61.61538461538462,0,0.46153846153846156]
[1,61.73076923076923,0,0.46153846153846156]
[0,61.73076923076923,0,0.46153846153846156]
[6,61.96153846153847,0,0.46153846153846156]
[7,62.07692307692308,0,0.46153846153846156]
[8,62.07692307692308,0,0.46153846153846156]
[3,62.19230769230769,0,0.46153846153846156]
[1,62.307692307692314,0,0.46153846153846156]
[2,62.307692307692314,0,0.46153846153846156]
[0,62.42307692307693,0,0.46153846153846156]
[5,62.53846153846154,0,0.46153846153846156]
[4,62.65384615384616,0,0.46153846153846156]
[7,62.769230769230774,0,0.46153846153846156]
[6,62.769230769230774,0,0.46153846153846156]
[0,63.00000000000001,0,0.46153846153846156]
[1,63.11538461538462,0,0.46153846153846156]
[7,63.23076923076923,0,0.46153846153846156]
[8,63.23076923076923,0,0.46153846153846156]
[5,63.46153846153847,0,0.46153846153846156]
[4,63.57692307692308,0,0.46153846153846156]
[1,63.807692307692314,0,0.46153846153846156]
[8,64.03846153846155,0,0.46153846153846156]
[7,64.15384615384616,0,0.46153846153846156]
[6,64.15384615384616,0,0.46153846153846156]
[5,64.26923076923077,0,0.46153846153846156]
[3,64.38461538461539,0,0.46153846153846156]
[3,64.5,0,0.46153846153846156]
[1,64.61538461538461,0,0.46153846153846156]
[2,64.73076923076924,0,0.46153846153846156]
[4,64.84615384615385,0,0.46153846153846156]
[7,64.96153846153847,0,0.46153846153846156]
[8,64.96153846153847,0,0.46153846153846156]
[6,65.07692307692308,0,0.46153846153846156]
[5,65.1923076923077,0,0.46153846153846156]
[0,65.3076923076923,0,0.46153846153846156]
[4,65.42307692307693,0,0.46153846153846156]
[2,65.53846153846155,0,0.46153846153846156]
[7,65.65384615384616,0,0.46153846153846156]
[3,65.76923076923077,0,0.46153846153846156]
[4,65.88461538461539,0,0.46153846153846156]
[5,65.88461538461539,0,0.46153846153846156]
[6,66,0,0.46153846153846156]
[8,66.11538461538461,0,0.46153846153846156]
[0,66.23076923076924,0,0.46153846153846156]
[1,66.34615384615385,0,0.46153846153846156]
[5,66.46153846153847,0,0.46153846153846156]
[4,66.57692307692308,0,0.46153846153846156]
[7,66.6923076923077,0,0.46153846153846156]
[6,66.6923076923077,0,0.46153846153846156]
[1,66.92307692307693,0,0.46153846153846156]
[2,66.92307692307693,0,0.46153846153846156]
[3,67.03846153846155,0,0.46153846153846156]
[3,67.15384615384616,0,0.46153846153846156]
[7,67.26923076923077,0,0.46153846153846156]
[8,67.26923076923077,0,0.46153846153846156]
[5,67.5,0,0.46153846153846156]
[0,67.61538461538461,0,0.46153846153846156]
[2,67.73076923076924,0,0.46153846153846156]
[4,67.84615384615385,0,0.46153846153846156]
[3,67.84615384615385,0,0.46153846153846156]
[6,68.07692307692308,0,0.46153846153846156]
[7,68.07692307692308,0,0.46153846153846156]
[1,68.3076923076923,0,0.46153846153846156]
[7,68.53846153846155,0,0.46153846153846156]
[8,68.53846153846155,0,0.46153846153846156]
[5,68.76923076923077,0,0.46153846153846156]
[4,68.88461538461539,0,0.46153846153846156]
[0,69,0,0.46153846153846156]
[1,69.11538461538461,0,0.46153846153846156]
[2,69.11538461538461,0,0.46153846153846156]
[6,69.34615384615385,0,0.46153846153846156]
[5,69.46153846153847,0,0.46153846153846156]
[5,69.57692307692308,0,0.46153846153846156]
[1,69.6923076923077,0,0.46153846153846156]
[0,69.6923076923077,0,0.46153846153846156]
[3,69.92307692307693,0,0.46153846153846156]
[6,70.15384615384616,0,0.46153846153846156]
[6,70.26923076923077,0,0.46153846153846156]
[7,70.38461538461539,0,0.46153846153846156]
[8,70.5,0,0.46153846153846156]
[1,70.61538461538461,0,0.46153846153846156]
[0,70.61538461538461,0,0.46153846153846156]
[5,70.73076923076924,0,0.46153846153846156]
[4,70.84615384615385,0,0.46153846153846156]
[3,70.96153846153847,0,0.46153846153846156]
[3,71.07692307692308,0,0.46153846153846156]
[2,71.1923076923077,0,0.46153846153846156]
[6,71.3076923076923,0,0.46153846153846156]
[6,71.42307692307693,0,0.46153846153846156]
[7,71.53846153846155,0,0.46153846153846156]
[8,71.53846153846155,0,0.46153846153846156]
[4,71.65384615384616,0,0.46153846153846156]
[3,71.65384615384616,0,0.46153846153846156]
[1,71.76923076923077,0,0.46153846153846156]
[2,71.76923076923077,0,0.46153846153846156]
[7,72,0,0.46153846153846156]
[8,72,0,0.46153846153846156]
[5,72.23076923076924,0,0.46153846153846156]
[3,72.23076923076924,0,0.46153846153846156]
[1,72.46153846153847,0,0.46153846153846156]
[0,72.46153846153847,0,0.46153846153846156]
[2,72.6923076923077,0,0.46153846153846156]
[6,72.6923076923077,0,0.46153846153846156]
[5,72.8076923076923,0,0.46153846153846156]
[3,72.8076923076923,0,0.46153846153846156]
[2,73.15384615384616,0,0.46153846153846156]
[1,73.23076923076923,0,0.46153846153846156]
[0,73.3076923076923,0,0.46153846153846156]
[4,73.38461538461539,0,0.46153846153846156]
[5,73.38461538461539,0,0.46153846153846156]
[3,73.5,0,0.46153846153846156]
[7,73.61538461538463,0,0.46153846153846156]
[8,73.61538461538463,0,0.46153846153846156]
[6,73.73076923076924,0,0.46153846153846156]
[1,73.84615384615385,0,0.46153846153846156]
[2,73.84615384615385,0,0.46153846153846156]
[3,74.07692307692308,0,0.23076923076923078]
[4,74.1923076923077,0,0.23076923076923078]
[6,74.42307692307693,0,0.23076923076923078]
[7,74.53846153846155,0,0.23076923076923078]
[8,74.65384615384616,0,0.23076923076923078]
[1,74.76923076923077,0,0.23076923076923078]
[0,74.76923076923077,0,0.23076923076923078]
[2,75.00000000000001,0,0.46153846153846156]
[1,75.11538461538463,0,0.46153846153846156]
[3,75.23076923076924,0,0.23076923076923078]
[5,75.34615384615387,0,0.46153846153846156]
[6,75.46153846153848,0,0.46153846153846156]
[7,75.5769230769231,0,0.46153846153846156]
[8,75.69230769230771,0,0.46153846153846156]
[2,75.92307692307693,0,0.23076923076923078]
[2,76.03846153846155,0,0.23076923076923078]
[5,76.26923076923077,0,0.23076923076923078]
[4,76.38461538461539,0,0.23076923076923078]
[3,76.5,0,0.23076923076923078]
[7,76.61538461538463,0,0.23076923076923078]
[8,76.61538461538463,0,0.23076923076923078]
[6,76.73076923076924,0,0.23076923076923078]
[2,76.84615384615385,0,0.23076923076923078]
[0,76.96153846153847,0,0.23076923076923078]
[5,77.07692307692308,0,0.23076923076923078]
[4,77.1923076923077,0,0.23076923076923078]
[7,77.3076923076923,0,0.23076923076923078]
[6,77.3076923076923,0,0.23076923076923078]
[1,77.53846153846155,0,0.23076923076923078]
[2,77.53846153846155,0,0.23076923076923078]
[3,77.76923076923077,0,0.23076923076923078]
[7,77.88461538461539,0,0.23076923076923078]
[5,78,0,0.23076923076923078]
[4,78.11538461538463,0,0.23076923076923078]
[6,78.23076923076924,0,0.23076923076923078]
[8,78.34615384615385,0,0.23076923076923078]
[1,78.46153846153847,0,0.23076923076923078]
[0,78.46153846153847,0,0.23076923076923078]
[5,78.6923076923077,0,0.23076923076923078]
[4,78.8076923076923,0,0.23076923076923078]
[3,78.92307692307693,0,0.23076923076923078]
[7,79.15384615384616,0,0.23076923076923078]
[7,79.26923076923077,0,0.23076923076923078]
[2,79.5,0,0.23076923076923078]
[1,79.61538461538463,0,0.23076923076923078]
[0,79.61538461538463,0,0.23076923076923078]
[5,79.73076923076924,0,0.23076923076923078]
[5,79.84615384615385,0,0.23076923076923078]
[8,80.07692307692308,0,0.23076923076923078]
[1,80.3076923076923,0,0.23076923076923078]
[0,80.3076923076923,0,0.23076923076923078]
[2,80.42307692307693,0,0.23076923076923078]
[4,80.53846153846155,0,0.23076923076923078]
[3,80.65384615384616,0,0.23076923076923078]
[7,80.76923076923077,0,0.23076923076923078]
[8,80.76923076923077,0,0.23076923076923078]
[6,80.88461538461539,0,0.23076923076923078]
[4,81,0,0.23076923076923078]
[5,81,0,0.23076923076923078]
[0,81.11538461538463,0,0.23076923076923078]
[1,81.23076923076924,0,0.23076923076923078]
[2,81.23076923076924,0,0.23076923076923078]
[6,81.46153846153847,0,0.23076923076923078]
[7,81.57692307692308,0,0.23076923076923078]
[8,81.6923076923077,0,0.23076923076923078]
[4,81.92307692307693,0,0.23076923076923078]
[1,82.15384615384616,0,0.23076923076923078]
[2,82.15384615384616,0,0.23076923076923078]
[6,82.38461538461539,0,0.23076923076923078]
[5,82.5,0,0.23076923076923078]
[3,82.61538461538463,0,0.23076923076923078]
[7,82.73076923076924,0,0.23076923076923078]
[8,82.84615384615385,0,0.23076923076923078]
[4,82.96153846153847,0,0.23076923076923078]
[0,83.07692307692308,0,0.23076923076923078]
[2,83.3076923076923,0,0.23076923076923078]
[2,83.42307692307693,0,0.23076923076923078]
[2,83.53846153846155,0,0.23076923076923078]
[5,83.76923076923077,0,0.23076923076923078]
[8,84,0,0.23076923076923078]
[7,84,0,0.23076923076923078]
[0,84.23076923076924,0,0.23076923076923078]
[1,84.23076923076924,0,0.23076923076923078]
[5,84.46153846153847,0,0.23076923076923078]
[4,84.57692307692308,0,0.23076923076923078]
[3,84.6923076923077,0,0.23076923076923078]
[3,84.8076923076923,0,0.23076923076923078]
[7,84.92307692307693,0,0.23076923076923078]
[4,85.61538461538463,0,0.23076923076923078]
[1,86.53846153846155,0,0.23076923076923078]
[7,87,0,0.23076923076923078]
[8,87,0,0.23076923076923078]
[3,87.23076923076924,0,0.23076923076923078]
[4,87.34615384615385,0,0.23076923076923078]
[5,87.46153846153847,0,0.23076923076923078]
[1,87.57692307692308,0,0.23076923076923078]
[0,87.57692307692308,0,0.23076923076923078]
[8,87.8076923076923,0,0.23076923076923078]
[6,87.92307692307693,0,0.23076923076923078]
[7,87.92307692307693,0,0.23076923076923078]
[2,88.15384615384616,0,0.23076923076923078]
[1,88.23076923076923,0,0.23076923076923078]
[0,88.3076923076923,0,0.23076923076923078]
[5,88.38461538461539,0,0.23076923076923078]
[3,88.5,0,0.23076923076923078]
[8,88.61538461538463,0,0.23076923076923078]
[7,88.61538461538463,0,0.23076923076923078]
[4,88.84615384615385,0,0.23076923076923078]
[1,89.07692307692308,0,0.23076923076923078]
[2,89.07692307692308,0,0.23076923076923078]
[8,89.30769230769232,0,0.46153846153846156]
[7,89.42307692307693,0,0.46153846153846156]
[6,89.53846153846155,0,0.46153846153846156]
[5,89.65384615384616,0,0.46153846153846156]
[4,89.76923076923077,0,0.46153846153846156]
[1,90,0,0.46153846153846156]
[2,90,0,0.46153846153846156]
[0,90.11538461538463,0,0.46153846153846156]
[5,90.23076923076924,0,0.46153846153846156]
[7,90.34615384615385,0,0.46153846153846156]
[3,90.46153846153847,0,0.46153846153846156]
[8,90.6923076923077,0,0.46153846153846156]
[1,90.92307692307693,0,0.46153846153846156]
[0,90.92307692307693,0,0.46153846153846156]
[5,91.03846153846155,0,0.46153846153846156]
[4,91.15384615384616,0,0.46153846153846156]
[3,91.26923076923077,0,0.46153846153846156]
[2,91.38461538461539,0,0.46153846153846156]
[6,91.5,0,0.46153846153846156]
[7,91.61538461538463,0,0.46153846153846156]
[8,91.61538461538463,0,0.46153846153846156]
[1,91.84615384615385,0,0.46153846153846156]
[0,91.84615384615385,0,0.46153846153846156]
[3,92.07692307692308,0,0.46153846153846156]
[7,92.30769230769232,0,0.46153846153846156]
[8,92.30769230769232,0,0.46153846153846156]
[4,92.53846153846155,0,0.46153846153846156]
[1,92.76923076923077,0,0.46153846153846156]
[2,92.76923076923077,0,0.46153846153846156]
[8,93,0,0.46153846153846156]
[7,93.11538461538463,0,0.46153846153846156]
[3,93.23076923076924,0,0.46153846153846156]
[5,93.34615384615385,0,0.46153846153846156]
[6,93.46153846153847,0,0.46153846153846156]
[1,93.6923076923077,0,0.46153846153846156]
[2,93.6923076923077,0,0.46153846153846156]
[7,93.92307692307693,0,0.46153846153846156]
[6,93.92307692307693,0,0.46153846153846156]
[8,94.03846153846155,0,0.46153846153846156]
[3,94.15384615384616,0,0.46153846153846156]
[2,94.26923076923077,0,0.46153846153846156]
[1,94.38461538461539,0,0.46153846153846156]
[0,94.38461538461539,0,0.46153846153846156]
[6,94.61538461538463,0,0.46153846153846156]
[7,94.73076923076924,0,0.46153846153846156]
[2,94.84615384615385,0,0.46153846153846156]
[4,94.96153846153847,0,0.46153846153846156]
[0,95.07692307692308,0,0.46153846153846156]
[5,95.1923076923077,0,0.46153846153846156]
[7,95.30769230769232,0,0.46153846153846156]
[6,95.30769230769232,0,0.46153846153846156]
[4,95.53846153846155,0,0.46153846153846156]
[1,95.76923076923077,0,0.46153846153846156]
[2,95.76923076923077,0,0.46153846153846156]
[8,96,0,0.46153846153846156]
[3,96.23076923076924,0,0.46153846153846156]
[4,96.34615384615385,0,0.46153846153846156]
[5,96.46153846153847,0,0.46153846153846156]
[0,96.6923076923077,0,0.46153846153846156]
[7,96.92307692307693,0,0.46153846153846156]
[8,96.92307692307693,0,0.46153846153846156]
[2,97.15384615384616,0,0.46153846153846156]
[4,97.38461538461539,0,0.46153846153846156]
[0,97.61538461538463,0,0.46153846153846156]
[5,97.84615384615385,0,0.46153846153846156]
[6,98.07692307692308,0,0.46153846153846156]
[7,98.1923076923077,0,0.46153846153846156]
[2,98.30769230769232,0,0.46153846153846156]
[3,98.42307692307693,0,0.46153846153846156]
[4,98.53846153846155,0,0.46153846153846156]
[5,98.65384615384616,0,0.46153846153846156]
[1,98.76923076923077,0,0.46153846153846156]
[0,98.76923076923077,0,0.46153846153846156]
[8,99,0,0.46153846153846156]
[4,99.23076923076924,0,0.46153846153846156]
[6,99.46153846153847,0,0.46153846153846156]
[1,99.6923076923077,0,0.46153846153846156]
[5,99.92307692307693,0,0.46153846153846156]
[4,100.03846153846155,0,0.46153846153846156]
[3,100.15384615384616,0,0.46153846153846156]
[0,100.38461538461539,0,0.46153846153846156]
[7,100.61538461538463,0,0.46153846153846156]
[8,100.61538461538463,0,0.46153846153846156]
[3,100.84615384615385,0,0.46153846153846156]
[1,101.07692307692308,0,0.46153846153846156]
[5,101.30769230769232,0,0.46153846153846156]
[0,101.53846153846155,0,0.46153846153846156]
[8,101.76923076923077,0,0.46153846153846156]
[7,101.88461538461539,0,0.46153846153846156]
[6,102,0,0.46153846153846156]
[4,102.23076923076924,0,0.46153846153846156]
[1,102.46153846153847,0,0.46153846153846156]
[2,102.46153846153847,0,0.46153846153846156]
[3,102.57692307692308,0,0.46153846153846156]
[5,102.6923076923077,0,0.46153846153846156]
[7,102.80769230769232,0,0.46153846153846156]
[6,102.80769230769232,0,0.46153846153846156]
[0,103.03846153846155,0,0.46153846153846156]
[4,103.15384615384616,0,0.46153846153846156]
[8,103.26923076923077,0,0.46153846153846156]
[5,103.38461538461539,0,0.46153846153846156]
[3,103.38461538461539,0,0.46153846153846156]