[4,1.6,1,2.625]
[6,4.6,0,2.625]
[7,4.7875,0,2.625]
[2,4.975,0,2.625]
[1,5.1625,0,2.625]
[8,5.35,0,2.625]
[5,5.5375,0,2.625]
[0,5.725,0,2.625]
[3,5.9125,0,2.625]
[2,6.1,0,2.625]
[1,6.2875,0,2.625]
[6,6.475,0,2.625]
[7,6.6625,0,2.625]
[0,6.85,0,2.625]
[3,7.0375,0,2.625]
[8,7.225,0,2.625]
[5,7.4125,0,2.625]
[6,7.6,0,2.625]
[6,7.7875,0,2.625]
[1,7.975,0,2.625]
[1,8.1625,0,2.625]
[8,8.35,0,2.625]
[8,8.5375,0,2.625]
[3,8.725,0,2.625]
[3,8.9125,0,2.625]
[2,9.1,0,2.625]
[2,9.2875,0,2.625]
[7,9.475,0,2.625]
[7,9.6625,0,2.625]
[0,9.85,0,2.625]
[0,10.0375,0,2.625]
[5,10.225,0,2.625]
[5,10.4125,0,2.625]
[6,10.6,0,2.625]
[7,10.7875,0,2.625]
[2,10.975,0,2.625]
[1,11.1625,0,2.625]
[3,11.35,0,2.625]
[4,11.5375,0,2.625]
[8,11.725,0,2.625]
[7,11.9125,0,2.625]
[0,12.1,0,2.625]
[3,12.2875,0,2.625]
[7,12.475,0,2.625]
[4,12.6625,0,2.625]
[2,12.85,0,2.625]
[5,13.0375,0,2.625]
[6,13.225,0,2.625]
[3,13.4125,0,2.625]
[0,13.6,0,2.625]
[1,13.7875,0,2.625]
[8,13.975,0,2.625]
[7,14.1625,0,2.625]
[2,14.35,0,2.625]
[5,14.5375,0,2.625]
[6,14.725,0,2.625]
[3,14.9125,0,2.625]
[8,15.1,0,2.625]
[7,15.2875,0,2.625]
[0,15.475,0,2.625]
[1,15.6625,0,2.625]
[6,15.85,0,2.625]
[3,16.0375,0,2.625]
[2,16.225,0,2.625]
[5,16.4125,0,2.625]
[0,16.6,0,2.625]
[1,16.69375,0,2.625]
[2,16.7875,0,2.625]
[3,16.88125,0,2.625]
[5,16.975,0,2.625]
[7,17.25625,0,2.625]
[0,17.44375,0,0.375]
[1,17.5375,0,0.375]
[8,17.725,0,2.625]
[6,18.1,0,2.625]
[7,18.19375,0,2.625]
[8,18.2875,0,2.625]
[3,18.38125,0,2.625]
[5,18.475,0,2.625]
[1,18.75625,0,2.625]
[6,18.94375,0,0.375]
[7,19.0375,0,0.375]
[2,19.225,0,2.625]
[0,19.6,0,2.625]
[1,19.69375,0,2.625]
[2,19.7875,0,2.625]
[3,19.88125,0,2.625]
[5,19.975,0,2.625]
[7,20.25625,0,2.625]
[0,20.44375,0,0.375]
[1,20.5375,0,0.375]
[8,20.725,0,2.625]
[0,21.475,0,0.375]
[7,21.6625,0,0.375]
[2,21.85,0,0.375]
[3,22.225,0,1.125]
[5,22.225,0,1.125]
[0,22.6,0,2.625]
[1,22.69375,0,2.625]
[2,22.7875,0,2.625]
[3,22.88125,0,2.625]
[5,22.975,0,2.625]
[7,23.25625,0,2.625]
[0,23.44375,0,0.375]
[1,23.5375,0,0.375]
[8,23.725,0,2.625]
[6,24.1,0,2.625]
[7,24.19375,0,2.625]
[8,24.2875,0,2.625]
[3,24.38125,0,2.625]
[5,24.475,0,2.625]
[1,24.75625,0,2.625]
[6,24.94375,0,0.375]
[7,25.0375,0,0.375]
[2,25.225,0,2.625]
[0,25.6,0,2.625]
[1,25.69375,0,2.625]
[2,25.7875,0,2.625]
[3,25.88125,0,2.625]
[5,25.975,0,2.625]
[7,26.25625,0,2.625]
[0,26.44375,0,0.375]
[1,26.5375,0,0.375]
[8,26.725,0,2.625]
[0,27.475,0,0.375]
[7,27.6625,0,0.375]
[2,27.85,0,0.375]
[3,28.225,0,1.125]
[5,28.225,0,1.125]
[1,28.6,0,2.625]
[2,28.7875,0,0.375]
[6,28.975,0,0.375]
[7,29.1625,0,2.625]
[1,29.35,0,2.625]
[0,29.5375,0,0.375]
[8,29.725,0,0.375]
[7,29.9125,0,2.625]
[3,30.1,0,2.625]
[6,30.2875,0,0.375]
[2,30.475,0,0.375]
[5,30.6625,0,2.625]
[3,30.85,0,2.625]
[0,31.0375,0,0.375]
[8,31.225,0,0.375]
[5,31.4125,0,2.625]
[7,31.6,0,2.625]
[6,31.7875,0,0.375]
[2,31.975,0,0.375]
[1,32.1625,0,2.625]
[7,32.35,0,2.625]
[8,32.5375,0,0.375]
[0,32.725,0,0.375]
[1,32.9125,0,2.625]
[5,33.1,0,2.625]
[2,33.2875,0,0.375]
[6,33.475,0,0.375]
[3,33.6625,0,2.625]
[5,33.85,0,2.625]
[8,34.0375,0,0.375]
[0,34.225,0,0.375]
[3,34.4125,0,2.625]
[4,34.6,0,2.625]
[0,34.7875,0,2.625]
[1,34.975,0,2.625]
[5,35.1625,0,2.625]
[3,35.35,0,2.625]
[4,35.5375,0,2.625]
[8,35.725,0,2.625]
[6,35.9125,0,2.625]
[4,36.1,0,2.625]
[2,36.2875,0,2.625]
[1,36.475,0,2.625]
[3,36.6625,0,2.625]
[5,36.85,0,2.625]
[4,37.0375,0,2.625]
[6,37.225,0,2.625]
[8,37.4125,0,2.625]
[4,37.6,0,2.625]
[0,37.7875,0,2.625]
[1,37.975,0,2.625]
[5,38.1625,0,2.625]
[3,38.35,0,2.625]
[4,38.5375,0,2.625]
[8,38.725,0,2.625]
[6,38.9125,0,2.625]
[4,39.1,0,2.625]
[6,39.2875,0,2.625]
[4,39.475,0,2.625]
[6,39.6625,0,2.625]
[4,39.85,0,2.625]
[2,40.0375,0,2.625]
[3,40.6,0,1.125]
[4,40.6,0,1.125]
[2,40.7875,0,2.625]
[2,40.975,0,2.625]
[7,41.1625,0,1.125]
[6,41.1625,0,1.125]
[1,41.35,0,2.625]
[1,41.5375,0,2.625]
[4,41.725,0,1.125]
[3,41.725,0,1.125]
[0,41.9125,0,1.125]
[0,42.1,0,1.125]
[0,42.2875,0,1.125]
[8,42.475,0,1.125]
[7,42.475,0,1.125]
[4,42.85,0,1.125]
[5,42.85,0,1.125]
[1,43.225,0,1.125]
[2,43.225,0,1.125]
[5,43.6,0,1.125]
[4,43.6,0,1.125]
[0,43.7875,0,2.625]
[0,43.975,0,2.625]
[8,44.1625,0,1.125]
[7,44.1625,0,1.125]
[1,44.35,0,2.625]
[1,44.5375,0,2.625]
[5,44.725,0,1.125]
[4,44.725,0,1.125]
[2,44.9125,0,1.125]
[7,45.1,0,1.125]
[6,45.1,0,1.125]
[7,45.2875,0,1.125]
[6,45.2875,0,1.125]
[7,45.475,0,1.125]
[6,45.475,0,1.125]
[3,45.85,0,1.125]
[4,45.85,0,1.125]
[0,46.225,0,1.125]
[1,46.225,0,1.125]
[5,46.6,0,1.125]
[4,46.6,0,1.125]
[0,46.7875,0,2.625]
[0,46.975,0,2.625]
[7,47.1625,0,1.125]
[8,47.1625,0,1.125]
[1,47.35,0,2.625]
[1,47.5375,0,2.625]
[5,47.725,0,1.125]
[4,47.725,0,1.125]
[2,47.9125,0,1.125]
[2,48.1,0,1.125]
[2,48.2875,0,1.125]
[7,48.475,0,1.125]
[6,48.475,0,1.125]
[3,48.85,0,1.125]
[4,48.85,0,1.125]
[0,49.225,0,1.125]
[1,49.225,0,1.125]
[4,49.6,0,1.125]
[3,49.6,0,1.125]
[2,49.7875,0,2.625]
[2,49.975,0,2.625]
[7,50.1625,0,1.125]
[6,50.1625,0,1.125]
[1,50.35,0,2.625]
[1,50.5375,0,2.625]
[4,50.725,0,1.125]
[3,50.725,0,1.125]
[0,50.9125,0,1.125]
[8,51.1,0,1.125]
[7,51.1,0,1.125]
[8,51.2875,0,1.125]
[7,51.2875,0,1.125]
[8,51.475,0,1.125]
[7,51.475,0,1.125]
[5,51.85,0,1.125]
[4,51.85,0,1.125]
[1,52.225,0,1.125]
[2,52.225,0,1.125]
[7,52.6,0,1.125]
[6,52.6,0,1.125]
[2,52.7875,0,2.625]
[3,52.975,0,1.125]
[4,52.975,0,1.125]
[5,53.1625,0,2.625]
[1,53.35,0,1.125]
[0,53.35,0,1.125]
[8,53.5375,0,2.625]
[4,53.81875,0,1.125]
[7,54.00625,0,1.125]
[8,54.1,0,1.125]
[5,54.2875,0,1.125]
[0,54.56875,0,1.125]
[1,54.6625,0,1.125]
[2,54.75625,0,1.125]
[3,54.85,0,1.125]
[8,55.0375,0,0.375]
[6,55.225,0,0.375]
[5,55.4125,0,0.375]
[0,55.6,0,0.375]
[2,55.7875,0,0.375]
[6,55.975,0,1.125]
[7,56.06875,0,0.375]
[6,56.1625,0,1.125]
[7,56.25625,0,0.375]
[8,56.5375,0,0.375]
[0,56.81875,0,2.625]
[6,57.00625,0,1.125]
[7,57.1,0,1.125]
[5,57.2875,0,2.625]
[1,57.56875,0,1.125]
[2,57.6625,0,1.125]
[4,58.0375,0,2.625]
[7,58.31875,0,0.375]
[8,58.4125,0,0.375]
[4,58.7875,0,2.625]
[0,59.06875,0,1.125]
[1,59.1625,0,1.125]
[6,59.35,0,2.625]
[7,59.81875,0,1.125]
[8,59.9125,0,1.125]
[4,60.053125,0,0.375]
[5,60.146875,0,0.375]
[1,60.2875,0,1.125]
[6,60.6625,0,2.625]
[3,60.85,0,2.625]
[0,61.0375,0,2.625]
[2,61.225,0,2.625]
[5,61.4125,0,2.625]
[8,61.7875,1,1.125]
[6,62.9125,0,1.125]
[2,63.2875,1,1.125]
[0,64.4125,0,1.125]
[3,64.7875,1,1.125]
[5,65.9125,0,1.125]
[4,67.6,0,1.125]
[4,67.7875,0,1.125]
[8,67.975,0,0.375]
[8,68.1625,0,0.375]
[7,68.35,0,1.125]
[7,68.5375,0,1.125]
[0,68.725,0,0.375]
[0,68.9125,0,0.375]
[5,69.1,0,1.125]
[5,69.2875,0,1.125]
[2,69.475,0,0.375]
[2,69.6625,0,0.375]
[4,70.0375,0,1.125]
[3,70.0375,0,1.125]
[3,70.31875,0,1.125]
[4,70.31875,0,1.125]
[7,70.6,0,1.125]
[7,70.7875,0,1.125]
[1,70.975,0,0.375]
[1,71.1625,0,0.375]
[6,71.35,0,1.125]
[6,71.5375,0,1.125]
[3,71.725,0,0.375]
[3,71.9125,0,0.375]
[2,72.1,0,1.125]
[2,72.2875,0,1.125]
[4,72.475,0,0.375]
[6,72.6625,0,0.375]
[3,72.85,0,0.375]
[0,73.0375,0,0.375]
[4,73.225,0,0.375]
[8,73.4125,0,0.375]
[7,73.6,0,0.375]
[1,73.7875,0,1.125]
[2,73.88125,0,1.125]
[4,74.06875,0,0.375]
[5,74.1625,0,0.375]
[7,74.35,0,1.125]
[8,74.44375,0,1.125]
[0,74.725,0,0.375]
[1,74.81875,0,0.375]
[2,74.9125,0,0.375]
[3,75.00625,0,0.375]
[6,75.2875,0,1.125]
[7,75.38125,0,1.125]
[8,75.475,0,1.125]
[0,75.6625,0,0.375]
[1,75.75625,0,0.375]
[2,75.85,0,0.375]
[0,76.225,0,1.125]
[1,76.31875,0,1.125]
[2,76.4125,0,1.125]
[3,76.50625,0,1.125]
[5,76.6,0,0.375]
[6,76.740625,0,0.375]
[8,76.88125,0,0.375]
[0,77.06875,0,0.375]
[0,77.25625,0,1.125]
[1,77.35,0,1.125]
[2,77.44375,0,1.125]
[3,77.5375,0,1.125]
[4,77.63125,0,1.125]
[5,77.725,0,1.125]
[6,77.81875,0,1.125]
[7,77.9125,0,1.125]
[8,78.00625,0,1.125]
[0,79.6,0,1.125]
[1,79.69375,0,1.125]
[2,79.7875,0,1.125]
[3,79.88125,0,1.125]
[4,79.975,0,1.125]
[5,80.06875,0,1.125]
[6,80.1625,0,1.125]
[0,80.35,0,0.375]
[1,80.44375,0,0.375]
[2,80.5375,0,0.375]
[3,80.63125,0,0.375]
[4,80.725,0,0.375]
[5,80.81875,0,0.375]
[6,80.9125,0,0.375]
[0,81.1,0,1.125]
[1,81.19375,0,1.125]
[2,81.2875,0,1.125]
[6,81.475,0,0.375]
[7,81.56875,0,0.375]
[8,81.6625,0,0.375]
[0,81.85,0,1.125]
[1,81.94375,0,1.125]
[2,82.0375,0,1.125]
[8,82.13125,0,0.375]
[8,82.31875,0,0.375]
[0,82.6,0,1.125]
[1,82.69375,0,1.125]
[2,82.7875,0,1.125]
[8,82.88125,0,0.375]
[8,83.06875,0,0.375]
[0,83.35,0,1.125]
[1,83.44375,0,1.125]
[2,83.5375,0,1.125]
[8,83.63125,0,0.375]
[8,83.81875,0,0.375]
[1,84.1,0,1.125]
[0,84.1,0,1.125]
[2,84.19375,0,1.125]
[4,84.38125,0,1.125]
[3,84.38125,0,1.125]
[5,84.475,0,1.125]
[7,84.6625,0,1.125]
[6,84.6625,0,1.125]
[8,84.75625,0,1.125]
[1,84.94375,0,1.125]
[0,84.94375,0,1.125]
[2,85.0375,0,1.125]
[4,85.225,0,1.125]
[3,85.225,0,1.125]
[4,91.6,0,0.375]
[5,91.975,0,0.375]
[8,92.35,0,0.375]
[7,92.725,0,0.375]
[6,93.1,0,0.375]
[3,93.475,0,0.375]
[0,93.85,0,0.375]
[1,94.225,0,0.375]
[2,94.6,0,0.375]
[5,94.975,0,0.375]
[4,95.35,0,0.375]
[3,95.725,0,0.375]
[6,96.1,0,0.375]
[7,96.475,0,0.375]
[8,96.85,0,0.375]
[5,97.225,0,0.375]
[2,97.6,0,0.375]
[1,97.7875,0,1.125]
[1,97.975,0,1.125]
[0,98.1625,0,0.375]
[3,98.35,0,1.125]
[3,98.5375,0,1.125]
[6,98.725,0,0.375]
[7,98.9125,0,1.125]
[7,99.1,0,1.125]
[8,99.475,0,0.375]
[5,99.85,0,0.375]
[2,100.225,0,0.375]
[1,100.6,0,0.375]
[4,100.7875,0,1.125]
[4,100.975,0,1.125]
[7,101.1625,0,0.375]
[6,101.35,0,1.125]
[6,101.5375,0,1.125]
[3,101.725,0,0.375]
[0,101.9125,0,1.125]
[0,102.1,0,1.125]
[1,102.475,0,0.375]
[2,102.85,0,0.375]
[5,103.225,0,0.375]
[8,103.6,0,0.375]
[7,103.7875,0,1.125]
[7,103.975,0,1.125]
[6,104.1625,0,0.375]
[3,104.35,0,1.125]
[3,104.5375,0,1.125]
[0,104.725,0,0.375]
[1,104.9125,0,1.125]
[1,105.1,0,1.125]
[2,105.475,0,0.375]
[5,105.85,0,0.375]
[4,106.225,0,0.375]
[3,106.6,0,0.375]
[6,106.7875,0,1.125]
[6,106.975,0,1.125]
[7,107.1625,0,0.375]
[8,107.35,0,1.125]
[8,107.5375,0,1.125]
[5,107.725,0,0.375]
[2,107.9125,0,1.125]
[2,108.1,0,1.125]
[1,108.2875,0,1.125]
[1,108.475,0,1.125]
[0,108.6625,0,1.125]
[0,108.85,0,1.125]
[3,109.0375,0,0.375]
[4,109.6,0,1.125]
[3,109.6,0,1.125]
[2,109.7875,0,1.125]
[2,109.975,0,1.125]
[7,110.1625,0,1.125]
[6,110.1625,0,1.125]
[1,110.35,0,1.125]
[1,110.5375,0,1.125]
[4,110.725,0,1.125]
[3,110.725,0,1.125]
[0,110.9125,0,1.125]
[0,111.1,0,1.125]
[0,111.2875,0,1.125]
[7,111.475,0,1.125]
[8,111.475,0,1.125]
[4,111.85,0,1.125]
[5,111.85,0,1.125]
[1,112.225,0,1.125]
[2,112.225,0,1.125]
[5,112.6,0,1.125]
[4,112.6,0,1.125]
[0,112.7875,0,1.125]
[0,112.975,0,1.125]
[8,113.1625,0,1.125]
[7,113.1625,0,1.125]
[1,113.35,0,1.125]
[1,113.5375,0,1.125]
[5,113.725,0,1.125]
[4,113.725,0,1.125]
[2,113.9125,0,1.125]
[7,114.1,0,1.125]
[6,114.1,0,1.125]
[7,114.2875,0,1.125]
[6,114.2875,0,1.125]
[7,114.475,0,1.125]
[6,114.475,0,1.125]
[4,114.85,0,1.125]
[3,114.85,0,1.125]
[1,115.225,0,1.125]
[0,115.225,0,1.125]
[4,115.6,0,1.125]
[5,115.6,0,1.125]
[0,115.7875,0,1.125]
[0,115.975,0,1.125]
[8,116.1625,0,1.125]
[7,116.1625,0,1.125]
[1,116.35,0,1.125]
[1,116.5375,0,1.125]
[5,116.725,0,1.125]
[4,116.725,0,1.125]
[2,116.9125,0,1.125]
[2,117.1,0,1.125]
[2,117.2875,0,1.125]
[7,117.475,0,1.125]
[6,117.475,0,1.125]
[4,117.85,0,1.125]
[3,117.85,0,1.125]
[0,118.225,0,1.125]
[1,118.225,0,1.125]
[4,118.6,0,1.125]
[3,118.6,0,1.125]
[2,118.7875,0,1.125]
[2,118.975,0,1.125]
[7,119.1625,0,1.125]
[6,119.1625,0,1.125]
[1,119.35,0,1.125]
[1,119.5375,0,1.125]
[4,119.725,0,1.125]
[3,119.725,0,1.125]
[0,119.9125,0,1.125]
[7,120.1,0,1.125]
[8,120.1,0,1.125]
[8,120.2875,0,1.125]
[7,120.2875,0,1.125]
[8,120.475,0,1.125]
[7,120.475,0,1.125]
[5,120.85,0,1.125]
[4,120.85,0,1.125]
[2,121.225,0,1.125]
[1,121.225,0,1.125]
[7,121.6,0,1.125]
[6,121.6,0,1.125]
[2,121.7875,0,1.125]
[4,121.975,0,1.125]
[3,121.975,0,1.125]
[5,122.1625,0,1.125]
[0,122.35,0,1.125]
[1,122.35,0,1.125]
[8,122.5375,0,1.125]
[2,122.81875,0,1.125]
[7,123.00625,0,1.125]
[8,123.1,0,1.125]
[2,123.2875,0,1.125]
[0,123.56875,0,1.125]
[1,123.6625,0,1.125]
[2,123.75625,0,1.125]
[3,123.85,0,1.125]
[8,124.0375,0,0.375]
[6,124.225,0,0.375]
[5,124.4125,0,0.375]
[0,124.6,0,0.375]
[2,124.7875,0,0.375]
[6,124.975,0,1.125]
[7,125.06875,0,1.125]
[6,125.1625,0,1.125]
[7,125.25625,0,1.125]
[5,125.5375,0,0.375]
[0,125.81875,0,1.125]
[6,126.00625,0,1.125]
[7,126.1,0,1.125]
[5,126.2875,0,1.125]
[1,126.56875,0,1.125]
[2,126.6625,0,1.125]
[4,127.0375,0,1.125]
[7,127.31875,0,0.375]
[8,127.4125,0,0.375]
[4,127.7875,0,1.125]
[0,128.06875,0,1.125]
[1,128.1625,0,1.125]
[6,128.35,0,1.125]
[7,128.81875,0,1.125]
[8,128.9125,0,1.125]
[4,129.053125,0,0.375]
[5,129.146875,0,0.375]
[1,129.2875,0,1.125]
[6,129.6625,0,1.125]
[3,129.85,0,1.125]
[0,130.0375,0,1.125]
[2,130.225,0,1.125]
[5,130.4125,0,1.125]
[8,130.7875,1,1.125]
[6,131.9125,0,1.125]
[2,132.2875,1,1.125]
[0,133.4125,0,1.125]
[3,133.7875,1,1.125]
[5,134.9125,0,1.125]
[6,135.2875,1,1.125]
[8,135.2875,1,1.125]
[0,136.4125,0,1.125]
[2,136.4125,0,1.125]
[3,136.7875,1,1.125]
[5,136.7875,1,1.125]
[4,137.9125,0,1.125]
[6,138.2875,1,1.125]
[8,138.2875,1,1.125]
[7,139.4125,0,1.125]