[0,1.0909090909090908,0,0.36363636363636365]
[1,1.0909090909090908,0,0.36363636363636365]
[5,1.2727272727272727,0,0.36363636363636365]
[6,1.4545454545454546,0,0.36363636363636365]
[4,1.5454545454545454,0,0.36363636363636365]
[7,1.6363636363636365,0,0.36363636363636365]
[1,1.8181818181818181,0,0.36363636363636365]
[2,1.8181818181818181,0,0.36363636363636365]
[3,2,0,0.36363636363636365]
[8,2.1818181818181817,0,0.36363636363636365]
[4,2.272727272727273,0,0.36363636363636365]
[7,2.3636363636363638,0,0.36363636363636365]
[3,2.4545454545454546,0,0.36363636363636365]
[7,2.5454545454545454,0,0.36363636363636365]
[1,2.727272727272727,0,0.36363636363636365]
[3,2.909090909090909,0,0.36363636363636365]
[6,3,0,0.36363636363636365]
[4,3.090909090909091,0,0.36363636363636365]
[7,3.1818181818181817,0,0.36363636363636365]
[0,3.272727272727273,0,0.36363636363636365]
[5,3.272727272727273,0,0.36363636363636365]
[3,3.4545454545454546,0,0.36363636363636365]
[2,3.4545454545454546,0,0.36363636363636365]
[6,3.6363636363636362,0,0.36363636363636365]
[5,3.6363636363636362,0,0.36363636363636365]
[3,3.8181818181818183,0,0.36363636363636365]
[8,3.8181818181818183,0,0.36363636363636365]
[2,4,0,0.36363636363636365]
[1,4,0,0.36363636363636365]
[0,4.242424242424242,0,0.36363636363636365]
[6,4.363636363636363,0,0.36363636363636365]
[1,4.484848484848484,0,0.36363636363636365]
[7,4.606060606060606,0,0.36363636363636365]
[3,4.7272727272727275,0,0.36363636363636365]
[5,4.7272727272727275,0,0.36363636363636365]
[8,4.96969696969697,0,0.36363636363636365]
[2,5.090909090909091,0,0.36363636363636365]
[7,5.212121212121212,0,0.36363636363636365]
[1,5.333333333333333,0,0.36363636363636365]
[3,5.454545454545454,0,0.36363636363636365]
[5,5.454545454545454,0,0.36363636363636365]
[6,5.575757575757576,0,0.36363636363636365]
[4,5.696969696969697,0,0.36363636363636365]
[2,5.818181818181818,0,0.36363636363636365]
[5,5.9393939393939394,0,0.36363636363636365]
[7,6.0606060606060606,0,0.36363636363636365]
[3,6.181818181818182,0,0.36363636363636365]
[0,6.424242424242424,0,0.36363636363636365]
[6,6.545454545454546,0,0.36363636363636365]
[2,6.666666666666667,0,0.36363636363636365]
[6,6.909090909090909,0,0.36363636363636365]
[4,6.909090909090909,0,0.36363636363636365]
[2,7.03030303030303,0,0.36363636363636365]
[3,7.090909090909091,0,0.36363636363636365]
[8,7.212121212121212,0,0.36363636363636365]
[0,7.2727272727272725,0,0.36363636363636365]
[5,7.393939393939394,0,0.36363636363636365]
[6,7.454545454545454,0,0.36363636363636365]
[8,7.575757575757576,0,0.36363636363636365]
[1,7.636363636363637,0,0.36363636363636365]
[7,7.757575757575758,0,0.36363636363636365]
[0,7.818181818181818,0,0.36363636363636365]
[8,7.9393939393939394,0,0.36363636363636365]
[1,8,0,0.36363636363636365]
[5,8.121212121212121,0,0.36363636363636365]
[0,8.181818181818182,0,0.36363636363636365]
[4,8.242424242424242,0,0.36363636363636365]
[8,8.303030303030303,0,0.36363636363636365]
[7,8.363636363636363,0,0.36363636363636365]
[6,8.484848484848484,0,0.36363636363636365]
[5,8.545454545454545,0,0.36363636363636365]
[0,8.666666666666666,0,0.36363636363636365]
[8,8.727272727272727,0,0.36363636363636365]
[3,8.848484848484848,0,0.36363636363636365]
[2,8.909090909090908,0,0.36363636363636365]
[6,9.030303030303031,0,0.36363636363636365]
[1,9.090909090909092,0,0.36363636363636365]
[7,9.212121212121213,0,0.36363636363636365]
[2,9.272727272727273,0,0.36363636363636365]
[8,9.393939393939394,0,0.36363636363636365]
[0,9.454545454545455,0,0.36363636363636365]
[5,9.515151515151516,0,0.36363636363636365]
[3,9.575757575757576,0,0.36363636363636365]
[2,9.636363636363637,0,0.36363636363636365]
[3,9.696969696969697,0,0.36363636363636365]
[5,9.757575757575758,0,0.36363636363636365]
[6,9.818181818181818,0,0.36363636363636365]
[7,9.818181818181818,0,0.36363636363636365]
[5,9.969696969696969,0,0.36363636363636365]
[2,10.06060606060606,0,0.36363636363636365]
[3,10.181818181818182,0,0.36363636363636365]
[6,10.242424242424242,0,0.36363636363636365]
[1,10.333333333333334,0,0.36363636363636365]
[5,10.454545454545455,0,0.36363636363636365]
[8,10.545454545454545,0,0.36363636363636365]
[3,10.696969696969697,0,0.36363636363636365]
[0,10.787878787878787,0,0.36363636363636365]
[7,10.909090909090908,0,0.36363636363636365]
[2,11,0,0.36363636363636365]
[4,11.06060606060606,0,0.36363636363636365]
[6,11.181818181818182,0,0.36363636363636365]
[3,11.272727272727273,0,0.36363636363636365]
[2,11.424242424242424,0,0.36363636363636365]
[5,11.515151515151516,0,0.36363636363636365]
[3,11.636363636363637,0,0.36363636363636365]
[6,11.696969696969697,0,0.36363636363636365]
[2,11.787878787878787,0,0.36363636363636365]
[7,11.909090909090908,0,0.36363636363636365]
[4,12,0,0.36363636363636365]
[3,12.151515151515152,0,0.36363636363636365]
[7,12.212121212121213,0,0.36363636363636365]
[4,12.272727272727273,0,0.36363636363636365]
[0,12.363636363636363,0,0.36363636363636365]
[2,12.363636363636363,0,0.36363636363636365]
[6,12.727272727272727,0,0.36363636363636365]
[7,12.727272727272727,0,0.36363636363636365]
[8,12.872727272727273,0,0.36363636363636365]
[7,13.018181818181818,0,0.36363636363636365]
[4,13.163636363636364,0,0.36363636363636365]
[3,13.309090909090909,0,0.36363636363636365]
[0,13.454545454545455,0,0.36363636363636365]
[3,13.6,0,0.36363636363636365]
[4,13.745454545454546,0,0.36363636363636365]
[7,13.89090909090909,0,0.36363636363636365]
[8,14.036363636363637,0,0.36363636363636365]
[5,14.181818181818182,0,0.36363636363636365]
[4,14.327272727272728,0,0.36363636363636365]
[1,14.472727272727273,0,0.36363636363636365]
[0,14.618181818181819,0,0.36363636363636365]
[1,14.763636363636364,0,0.36363636363636365]
[4,14.909090909090908,0,0.36363636363636365]
[5,15.054545454545455,0,0.36363636363636365]
[8,15.2,0,0.36363636363636365]
[0,15.345454545454546,0,0.36363636363636365]
[3,15.49090909090909,0,0.36363636363636365]
[2,15.636363636363637,0,0.36363636363636365]
[1,15.636363636363637,0,0.36363636363636365]
[6,15.844155844155845,0,0.36363636363636365]
[4,15.948051948051948,0,0.36363636363636365]
[7,16.051948051948052,0,0.36363636363636365]
[3,16.155844155844157,0,0.36363636363636365]
[5,16.25974025974026,0,0.36363636363636365]
[8,16.363636363636363,0,0.36363636363636365]
[6,16.363636363636363,0,0.36363636363636365]
[5,16.571428571428573,0,0.36363636363636365]
[1,16.675324675324674,0,0.36363636363636365]
[4,16.77922077922078,0,0.36363636363636365]
[2,16.883116883116884,0,0.36363636363636365]
[0,16.98701298701299,0,0.36363636363636365]
[3,17.09090909090909,0,0.36363636363636365]
[5,17.09090909090909,0,0.36363636363636365]
[1,17.2987012987013,0,0.36363636363636365]
[6,17.506493506493506,0,0.36363636363636365]
[7,17.61038961038961,0,0.36363636363636365]
[4,17.714285714285715,0,0.36363636363636365]
[3,17.818181818181817,0,0.36363636363636365]
[2,17.92207792207792,0,0.36363636363636365]
[1,17.92207792207792,0,0.36363636363636365]
[8,18.12987012987013,0,0.36363636363636365]
[4,18.233766233766232,0,0.36363636363636365]
[6,18.337662337662337,0,0.36363636363636365]
[2,18.545454545454547,0,0.36363636363636365]
[1,18.545454545454547,0,0.36363636363636365]
[5,18.707070707070706,0,0.36363636363636365]
[6,18.86868686868687,0,0.36363636363636365]
[4,18.949494949494948,0,0.36363636363636365]
[8,19.03030303030303,0,0.36363636363636365]
[7,19.19191919191919,0,0.36363636363636365]
[1,19.272727272727273,0,0.36363636363636365]
[8,19.434343434343436,0,0.36363636363636365]
[3,19.595959595959595,0,0.36363636363636365]
[7,19.67676767676768,0,0.36363636363636365]
[5,19.757575757575758,0,0.36363636363636365]
[0,19.91919191919192,0,0.36363636363636365]
[1,20,0,0.36363636363636365]
[7,20.161616161616163,0,0.36363636363636365]
[2,20.32323232323232,0,0.36363636363636365]
[5,20.404040404040405,0,0.36363636363636365]
[1,20.484848484848484,0,0.36363636363636365]
[7,20.646464646464647,0,0.36363636363636365]
[4,20.727272727272727,0,0.36363636363636365]
[0,20.88888888888889,0,0.36363636363636365]
[2,21.050505050505052,0,0.36363636363636365]
[6,21.21212121212121,0,0.36363636363636365]
[8,21.373737373737374,0,0.36363636363636365]
[4,21.454545454545453,0,0.36363636363636365]
[3,21.454545454545453,0,0.36363636363636365]
[1,21.606060606060606,0,0.36363636363636365]
[5,21.818181818181817,0,0.36363636363636365]
[7,21.90909090909091,0,0.36363636363636365]
[3,22.03030303030303,0,0.36363636363636365]
[6,22.09090909090909,0,0.36363636363636365]
[2,22.181818181818183,0,0.36363636363636365]
[4,22.303030303030305,0,0.36363636363636365]
[0,22.545454545454547,0,0.36363636363636365]
[1,22.606060606060606,0,0.36363636363636365]
[7,22.696969696969695,0,0.36363636363636365]
[4,22.818181818181817,0,0.36363636363636365]
[2,22.90909090909091,0,0.36363636363636365]
[6,23.151515151515152,0,0.36363636363636365]
[3,23.272727272727273,0,0.36363636363636365]
[4,23.393939393939394,0,0.36363636363636365]
[2,23.515151515151516,0,0.36363636363636365]
[1,23.575757575757574,0,0.36363636363636365]
[0,23.636363636363637,0,0.36363636363636365]
[4,23.636363636363637,0,0.36363636363636365]
[5,23.87878787878788,0,0.36363636363636365]
[2,24.363636363636363,0,0.36363636363636365]
[1,24.363636363636363,0,0.36363636363636365]
[3,24.545454545454547,0,0.36363636363636365]
[8,24.727272727272727,0,0.36363636363636365]
[7,24.818181818181817,0,0.36363636363636365]
[8,24.90909090909091,0,0.36363636363636365]
[0,25.09090909090909,0,0.36363636363636365]
[1,25.09090909090909,0,0.36363636363636365]
[5,25.272727272727273,0,0.36363636363636365]
[6,25.454545454545453,0,0.36363636363636365]
[7,25.545454545454547,0,0.36363636363636365]
[6,25.636363636363637,0,0.36363636363636365]
[7,25.727272727272727,0,0.36363636363636365]
[6,25.818181818181817,0,0.36363636363636365]
[2,26,0,0.36363636363636365]
[5,26.181818181818183,0,0.36363636363636365]
[4,26.272727272727273,0,0.36363636363636365]
[5,26.363636363636363,0,0.36363636363636365]
[4,26.454545454545453,0,0.36363636363636365]
[5,26.545454545454547,0,0.36363636363636365]
[3,26.545454545454547,0,0.36363636363636365]
[6,26.727272727272727,0,0.36363636363636365]
[7,26.727272727272727,0,0.36363636363636365]
[2,26.90909090909091,0,0.36363636363636365]
[1,26.90909090909091,0,0.36363636363636365]
[3,27.09090909090909,0,0.36363636363636365]
[5,27.09090909090909,0,0.36363636363636365]
[8,27.272727272727273,0,0.36363636363636365]
[7,27.272727272727273,0,0.36363636363636365]
[3,27.454545454545453,0,0.36363636363636365]
[2,27.636363636363637,0,0.36363636363636365]
[1,27.727272727272727,0,0.36363636363636365]
[2,27.818181818181817,0,0.36363636363636365]
[6,28,0,0.36363636363636365]
[7,28,0,0.36363636363636365]
[5,28.181818181818183,0,0.36363636363636365]
[0,28.363636363636363,0,0.36363636363636365]
[1,28.454545454545453,0,0.36363636363636365]
[0,28.545454545454547,0,0.36363636363636365]
[1,28.636363636363637,0,0.36363636363636365]
[0,28.727272727272727,0,0.36363636363636365]
[8,28.90909090909091,0,0.36363636363636365]
[5,29.09090909090909,0,0.36363636363636365]
[4,29.181818181818183,0,0.36363636363636365]
[5,29.272727272727273,0,0.36363636363636365]
[4,29.363636363636363,0,0.36363636363636365]
[3,29.454545454545453,0,0.36363636363636365]
[5,29.454545454545453,0,0.36363636363636365]
[2,29.636363636363637,0,0.36363636363636365]
[7,29.818181818181817,0,0.18181818181818182]
[6,29.818181818181817,0,0.18181818181818182]
[8,29.818181818181817,1,0.36363636363636365]
[0,30.181818181818183,1,0.7272727272727273]
[3,30.181818181818183,1,0.7272727272727273]
[8,30.90909090909091,0,0.7272727272727273]
[7,30.954545454545453,0,0.7272727272727273]
[6,31,0,0.7272727272727273]
[7,31.045454545454547,0,0.7272727272727273]
[5,31.09090909090909,0,0.7272727272727273]
[4,31.136363636363637,0,0.7272727272727273]
[3,31.181818181818183,0,0.7272727272727273]
[4,31.227272727272727,0,0.7272727272727273]
[2,31.272727272727273,0,0.7272727272727273]
[0,31.363636363636363,0,0.18181818181818182]
[2,31.454545454545453,0,0.18181818181818182]
[0,31.545454545454547,0,0.18181818181818182]
[2,31.636363636363637,0,0.18181818181818182]
[1,31.681818181818183,0,0.18181818181818182]
[3,31.727272727272727,0,0.18181818181818182]
[8,31.818181818181817,0,0.18181818181818182]
[0,31.90909090909091,0,0.36363636363636365]
[5,32,1,0.18181818181818182]
[3,32.18181818181818,1,0.18181818181818182]
[7,32.36363636363637,0,0.09090909090909091]
[8,32.36363636363637,1,0.36363636363636365]
[1,32.72727272727273,1,0.18181818181818182]
[5,32.90909090909091,1,0.18181818181818182]
[0,33.09090909090909,1,0.7272727272727273]
[3,33.09090909090909,0,0.36363636363636365]
[3,33.45454545454545,1,0.36363636363636365]
[8,33.81818181818182,0,0.7272727272727273]
[7,33.86363636363637,0,0.7272727272727273]
[6,33.90909090909091,0,0.7272727272727273]
[7,33.95454545454545,0,0.7272727272727273]
[5,34,0,0.7272727272727273]
[4,34.04545454545455,0,0.7272727272727273]
[3,34.09090909090909,0,0.7272727272727273]
[4,34.13636363636363,0,0.7272727272727273]
[2,34.18181818181818,0,0.7272727272727273]
[0,34.27272727272727,0,0.18181818181818182]
[2,34.36363636363637,0,0.7272727272727273]
[0,34.45454545454545,0,0.18181818181818182]
[2,34.54545454545455,0,0.7272727272727273]
[1,34.59090909090909,0,0.36363636363636365]
[3,34.63636363636363,0,0.36363636363636365]
[5,34.72727272727273,0,0.36363636363636365]
[8,34.81818181818182,0,0.36363636363636365]
[6,34.90909090909091,1,0.18181818181818182]
[2,35.09090909090909,1,0.18181818181818182]
[4,35.27272727272727,0,0.18181818181818182]
[7,35.27272727272727,0,0.18181818181818182]
[1,35.63636363636363,1,0.36363636363636365]
[3,36,0,0.36363636363636365]
[6,36,0,0.36363636363636365]
[4,36.18181818181818,0,0.36363636363636365]
[1,36.36363636363637,0,0.36363636363636365]
[2,36.36363636363637,0,0.36363636363636365]
[4,36.54545454545455,0,0.36363636363636365]
[5,36.72727272727273,0,0.36363636363636365]
[8,36.72727272727273,0,0.36363636363636365]
[4,36.90909090909091,0,0.36363636363636365]
[0,37.09090909090909,0,0.36363636363636365]
[1,37.09090909090909,0,0.36363636363636365]
[4,37.27272727272727,0,0.36363636363636365]
[7,37.45454545454545,0,0.36363636363636365]
[8,37.45454545454545,0,0.36363636363636365]
[0,37.696969696969695,0,0.36363636363636365]
[1,37.81818181818182,0,0.36363636363636365]
[4,37.81818181818182,0,0.36363636363636365]
[8,38.06060606060606,0,0.36363636363636365]
[7,38.18181818181818,0,0.36363636363636365]
[4,38.18181818181818,0,0.36363636363636365]
[2,38.303030303030305,0,0.36363636363636365]
[3,38.42424242424242,0,0.36363636363636365]
[8,38.54545454545455,0,0.36363636363636365]
[2,38.78787878787879,0,0.36363636363636365]
[3,38.90909090909091,0,0.36363636363636365]
[7,38.90909090909091,0,0.36363636363636365]
[4,39.09090909090909,0,0.36363636363636365]
[0,39.27272727272727,0,0.36363636363636365]
[1,39.27272727272727,0,0.36363636363636365]
[4,39.45454545454545,0,0.36363636363636365]
[5,39.63636363636363,0,0.36363636363636365]
[7,39.63636363636363,0,0.36363636363636365]
[4,39.81818181818182,0,0.36363636363636365]
[2,40,0,0.36363636363636365]
[1,40,0,0.36363636363636365]
[4,40.18181818181818,0,0.36363636363636365]
[5,40.36363636363637,0,0.36363636363636365]
[8,40.36363636363637,0,0.36363636363636365]
[0,40.484848484848484,0,0.36363636363636365]
[5,40.60606060606061,0,0.36363636363636365]
[4,40.666666666666664,0,0.36363636363636365]
[0,40.72727272727273,0,0.36363636363636365]
[1,40.72727272727273,0,0.36363636363636365]
[7,40.84848484848485,0,0.36363636363636365]
[3,40.96969696969697,0,0.36363636363636365]
[4,41.03030303030303,0,0.36363636363636365]
[1,41.09090909090909,0,0.36363636363636365]
[2,41.09090909090909,0,0.36363636363636365]
[7,41.21212121212121,0,0.36363636363636365]
[4,41.333333333333336,0,0.36363636363636365]
[2,41.45454545454545,0,0.36363636363636365]
[3,41.57575757575758,0,0.36363636363636365]
[7,41.63636363636363,0,0.36363636363636365]
[2,41.696969696969695,0,0.36363636363636365]
[4,41.75757575757576,0,0.36363636363636365]
[0,41.81818181818182,0,0.36363636363636365]
[1,41.81818181818182,0,0.36363636363636365]
[4,42,0,0.36363636363636365]
[3,42.18181818181818,0,0.36363636363636365]
[6,42.18181818181818,0,0.36363636363636365]
[4,42.36363636363637,0,0.36363636363636365]
[1,42.54545454545455,0,0.36363636363636365]
[2,42.54545454545455,0,0.36363636363636365]
[4,42.72727272727273,0,0.36363636363636365]
[5,42.90909090909091,0,0.36363636363636365]
[8,42.90909090909091,0,0.36363636363636365]
[4,43.09090909090909,0,0.36363636363636365]
[0,43.27272727272727,0,0.36363636363636365]
[2,43.27272727272727,0,0.36363636363636365]
[5,43.41818181818182,0,0.36363636363636365]
[6,43.56363636363636,0,0.36363636363636365]
[3,43.70909090909091,0,0.36363636363636365]
[7,43.85454545454545,0,0.36363636363636365]
[8,44,0,0.36363636363636365]
[1,44.14545454545455,0,0.36363636363636365]
[0,44.29090909090909,0,0.36363636363636365]
[3,44.43636363636364,0,0.36363636363636365]
[5,44.58181818181818,0,0.36363636363636365]
[8,44.72727272727273,0,0.36363636363636365]
[6,44.72727272727273,0,0.36363636363636365]
[4,44.90909090909091,0,0.36363636363636365]
[2,45.09090909090909,0,0.36363636363636365]
[0,45.09090909090909,0,0.36363636363636365]
[4,45.27272727272727,0,0.36363636363636365]
[3,45.45454545454545,0,0.36363636363636365]
[7,45.45454545454545,0,0.36363636363636365]
[4,45.63636363636363,0,0.36363636363636365]
[1,45.81818181818182,0,0.36363636363636365]
[5,45.81818181818182,0,0.36363636363636365]
[4,46,0,0.36363636363636365]
[0,46.18181818181818,0,0.36363636363636365]
[2,46.18181818181818,0,0.36363636363636365]
[2,46.54545454545455,0,0.36363636363636365]
[2,46.90909090909091,0,0.36363636363636365]
[2,47.27272727272727,0,0.36363636363636365]
[7,47.45454545454545,0,0.36363636363636365]
[0,47.45454545454545,0,0.36363636363636365]
[4,47.81818181818182,0,0.36363636363636365]
[2,48,0,0.36363636363636365]
[5,48,0,0.36363636363636365]
[4,48.18181818181818,0,0.36363636363636365]
[8,48.36363636363637,0,0.36363636363636365]
[7,48.36363636363637,0,0.36363636363636365]
[4,48.54545454545455,0,0.36363636363636365]
[0,48.72727272727273,0,0.36363636363636365]
[3,48.72727272727273,0,0.36363636363636365]
[4,48.90909090909091,0,0.36363636363636365]
[7,49.09090909090909,0,0.36363636363636365]
[6,49.09090909090909,0,0.36363636363636365]
[5,49.1948051948052,0,0.36363636363636365]
[1,49.298701298701296,0,0.36363636363636365]
[6,49.4025974025974,0,0.36363636363636365]
[4,49.506493506493506,0,0.36363636363636365]
[8,49.61038961038961,0,0.36363636363636365]
[4,49.714285714285715,0,0.36363636363636365]
[3,49.81818181818182,0,0.36363636363636365]
[1,49.922077922077925,0,0.36363636363636365]
[5,50.02597402597402,0,0.36363636363636365]
[7,50.12987012987013,0,0.36363636363636365]
[0,50.23376623376623,0,0.36363636363636365]
[4,50.33766233766234,0,0.36363636363636365]
[5,50.44155844155844,0,0.36363636363636365]
[3,50.54545454545455,0,0.36363636363636365]
[4,50.54545454545455,0,0.36363636363636365]
[1,50.72727272727273,0,0.36363636363636365]
[6,50.90909090909091,0,0.36363636363636365]
[7,50.90909090909091,0,0.36363636363636365]
[1,51.09090909090909,0,0.36363636363636365]
[4,51.27272727272727,0,0.36363636363636365]
[5,51.27272727272727,0,0.36363636363636365]
[1,51.45454545454545,0,0.36363636363636365]
[7,51.63636363636363,0,0.36363636363636365]
[8,51.63636363636363,0,0.36363636363636365]
[1,51.81818181818182,0,0.36363636363636365]
[0,52,0,0.36363636363636365]
[4,52,0,0.36363636363636365]
[1,52.18181818181818,0,0.36363636363636365]
[2,52.36363636363637,0,0.36363636363636365]
[4,52.36363636363637,0,0.36363636363636365]
[1,52.54545454545455,0,0.36363636363636365]
[3,52.72727272727273,0,0.36363636363636365]
[5,52.72727272727273,0,0.36363636363636365]
[8,53.09090909090909,0,0.36363636363636365]
[0,53.27272727272727,0,0.36363636363636365]
[7,53.27272727272727,0,0.36363636363636365]
[2,53.75757575757576,0,0.36363636363636365]
[1,53.84848484848485,0,0.36363636363636365]
[5,54.09090909090909,0,0.36363636363636365]
[7,54.21212121212121,0,0.36363636363636365]
[8,54.39393939393939,0,0.36363636363636365]
[0,54.54545454545455,0,0.36363636363636365]
[6,54.75757575757576,0,0.36363636363636365]
[2,54.90909090909091,0,0.36363636363636365]
[3,55,0,0.36363636363636365]
[4,55.09090909090909,0,0.36363636363636365]
[7,55.27272727272727,0,0.36363636363636365]
[1,55.484848484848484,0,0.36363636363636365]
[2,55.63636363636363,0,0.36363636363636365]
[5,55.75757575757576,0,0.36363636363636365]
[0,55.93939393939394,0,0.36363636363636365]
[3,56.24242424242424,0,0.36363636363636365]
[4,56.36363636363637,0,0.36363636363636365]
[7,56.515151515151516,0,0.36363636363636365]
[2,56.63636363636363,0,0.36363636363636365]
[1,56.72727272727273,0,0.36363636363636365]
[7,56.878787878787875,0,0.36363636363636365]
[6,56.96969696969697,0,0.36363636363636365]
[1,57.09090909090909,0,0.36363636363636365]
[5,57.303030303030305,0,0.36363636363636365]
[0,57.45454545454545,0,0.36363636363636365]
[0,57.81818181818182,0,0.36363636363636365]
[0,58.18181818181818,0,0.36363636363636365]
[0,58.54545454545455,0,0.36363636363636365]
[0,58.90909090909091,0,0.36363636363636365]
[0,59.27272727272727,0,0.36363636363636365]
[0,59.45454545454545,0,0.36363636363636365]
[2,59.63636363636363,0,0.36363636363636365]
[5,59.63636363636363,0,0.36363636363636365]
[6,59.81818181818182,0,0.36363636363636365]
[7,59.90909090909091,0,0.36363636363636365]
[8,60,0,0.36363636363636365]
[3,60.18181818181818,0,0.36363636363636365]
[0,60.18181818181818,0,0.36363636363636365]
[2,60.36363636363637,0,0.36363636363636365]
[1,60.45454545454545,0,0.36363636363636365]
[2,60.54545454545455,0,0.36363636363636365]
[1,60.63636363636363,0,0.36363636363636365]
[3,60.72727272727273,0,0.36363636363636365]
[4,60.72727272727273,0,0.36363636363636365]
[8,60.90909090909091,0,0.36363636363636365]
[6,60.90909090909091,0,0.36363636363636365]
[5,61.09090909090909,0,0.36363636363636365]
[4,61.13636363636363,0,0.36363636363636365]
[0,61.18181818181818,0,0.36363636363636365]
[1,61.22727272727273,0,0.36363636363636365]
[2,61.27272727272727,0,0.36363636363636365]
[6,61.36363636363637,0,0.36363636363636365]
[7,61.45454545454545,0,0.36363636363636365]
[8,61.45454545454545,1,0.7272727272727273]
[7,61.63636363636363,0,0.7272727272727273]
[1,61.81818181818182,1,0.36363636363636365]
[0,61.81818181818182,1,0.36363636363636365]
[7,62.18181818181818,0,0.36363636363636365]
[5,62.32727272727273,0,0.36363636363636365]
[0,62.472727272727276,0,0.36363636363636365]
[4,62.54545454545455,0,0.36363636363636365]
[8,62.61818181818182,0,0.36363636363636365]
[5,62.763636363636365,0,0.36363636363636365]
[0,62.90909090909091,0,0.36363636363636365]
[3,63.054545454545455,0,0.36363636363636365]
[2,63.2,0,0.36363636363636365]
[4,63.27272727272727,0,0.36363636363636365]
[6,63.345454545454544,0,0.36363636363636365]
[3,63.49090909090909,0,0.36363636363636365]
[8,63.63636363636363,0,0.36363636363636365]
[5,63.78181818181818,0,0.36363636363636365]
[0,63.92727272727273,0,0.36363636363636365]
[4,64,0,0.36363636363636365]
[7,64.07272727272728,0,0.36363636363636365]
[2,64.21818181818182,0,0.36363636363636365]
[6,64.36363636363636,0,0.36363636363636365]
[3,64.50909090909092,0,0.36363636363636365]
[2,64.65454545454546,0,0.36363636363636365]
[4,64.72727272727273,0,0.36363636363636365]
[7,64.8,0,0.36363636363636365]
[0,64.94545454545455,0,0.36363636363636365]
[5,65.0909090909091,0,0.36363636363636365]
[8,65.0909090909091,0,0.36363636363636365]
[3,65.23636363636363,0,0.36363636363636365]
[2,65.38181818181818,0,0.36363636363636365]
[4,65.45454545454545,0,0.36363636363636365]
[1,65.52727272727273,0,0.36363636363636365]
[8,65.67272727272727,0,0.36363636363636365]
[6,65.81818181818181,0,0.36363636363636365]
[5,65.96363636363637,0,0.36363636363636365]
[0,66.10909090909091,0,0.36363636363636365]
[4,66.18181818181819,0,0.36363636363636365]
[1,66.25454545454545,0,0.36363636363636365]
[6,66.4,0,0.36363636363636365]
[8,66.54545454545455,0,0.36363636363636365]
[4,66.69090909090909,0,0.36363636363636365]
[0,66.83636363636364,0,0.36363636363636365]
[5,66.9090909090909,0,0.36363636363636365]
[7,66.98181818181818,0,0.36363636363636365]
[2,67.12727272727273,0,0.36363636363636365]
[0,67.27272727272727,0,0.36363636363636365]
[8,67.41818181818182,0,0.36363636363636365]
[2,67.56363636363636,0,0.36363636363636365]
[3,67.63636363636364,0,0.36363636363636365]
[7,67.7090909090909,0,0.36363636363636365]
[1,67.85454545454546,0,0.36363636363636365]
[0,68,0,0.36363636363636365]
[4,68,0,0.36363636363636365]
[1,68.15584415584415,0,0.36363636363636365]
[5,68.31168831168831,0,0.36363636363636365]
[4,68.36363636363636,0,0.36363636363636365]
[3,68.41558441558442,0,0.36363636363636365]
[7,68.46753246753246,0,0.36363636363636365]
[2,68.62337662337663,0,0.36363636363636365]
[7,68.67532467532467,0,0.36363636363636365]
[0,68.72727272727273,0,0.36363636363636365]
[8,68.88311688311688,0,0.36363636363636365]
[3,69.03896103896103,0,0.36363636363636365]
[4,69.0909090909091,0,0.36363636363636365]
[5,69.14285714285714,0,0.36363636363636365]
[7,69.1948051948052,0,0.36363636363636365]
[0,69.35064935064935,0,0.36363636363636365]
[7,69.40259740259741,0,0.36363636363636365]
[2,69.45454545454545,0,0.36363636363636365]
[6,69.6103896103896,0,0.36363636363636365]
[5,69.76623376623377,0,0.36363636363636365]
[7,69.81818181818181,0,0.36363636363636365]
[3,69.87012987012987,0,0.36363636363636365]
[7,69.92207792207792,0,0.36363636363636365]
[1,70.07792207792208,0,0.36363636363636365]
[4,70.18181818181819,0,0.36363636363636365]
[2,70.33766233766234,0,0.36363636363636365]
[3,70.49350649350649,0,0.36363636363636365]
[7,70.54545454545455,0,0.36363636363636365]
[5,70.59740259740259,0,0.36363636363636365]
[7,70.64935064935065,0,0.36363636363636365]
[0,70.8051948051948,0,0.36363636363636365]
[8,70.9090909090909,0,0.36363636363636365]
[5,70.9090909090909,0,0.36363636363636365]
[6,71.06493506493507,0,0.36363636363636365]
[5,71.22077922077922,0,0.36363636363636365]
[4,71.27272727272727,0,0.36363636363636365]
[3,71.32467532467533,0,0.36363636363636365]
[7,71.37662337662337,0,0.36363636363636365]
[2,71.53246753246754,0,0.36363636363636365]
[5,71.58441558441558,0,0.36363636363636365]
[1,71.63636363636364,0,0.36363636363636365]
[8,71.79220779220779,0,0.36363636363636365]
[3,71.94805194805195,0,0.36363636363636365]
[4,72,0,0.36363636363636365]
[5,72.05194805194805,0,0.36363636363636365]
[7,72.1038961038961,0,0.36363636363636365]
[0,72.25974025974025,0,0.36363636363636365]
[3,72.31168831168831,0,0.36363636363636365]
[1,72.36363636363636,0,0.36363636363636365]
[6,72.51948051948052,0,0.36363636363636365]
[2,72.67532467532467,0,0.36363636363636365]
[4,72.72727272727273,0,0.36363636363636365]
[3,72.77922077922078,0,0.36363636363636365]
[7,72.83116883116882,0,0.36363636363636365]
[2,72.98701298701299,0,0.36363636363636365]
[8,73.0909090909091,0,0.36363636363636365]
[0,73.24675324675324,0,0.36363636363636365]
[5,73.40259740259741,0,0.36363636363636365]
[4,73.45454545454545,0,0.36363636363636365]
[3,73.50649350649351,0,0.36363636363636365]
[4,73.55844155844156,0,0.36363636363636365]
[2,73.81818181818181,0,0.36363636363636365]
[1,73.81818181818181,0,0.36363636363636365]
[3,73.96969696969697,0,0.36363636363636365]
[5,74.12121212121212,0,0.36363636363636365]
[8,74.27272727272727,0,0.36363636363636365]
[1,74.45454545454545,0,0.36363636363636365]
[2,74.54545454545455,0,0.36363636363636365]
[3,74.66666666666667,0,0.36363636363636365]
[1,74.78787878787878,0,0.36363636363636365]
[4,74.87878787878788,0,0.36363636363636365]
[2,74.96969696969697,0,0.36363636363636365]
[8,75.12121212121212,0,0.36363636363636365]
[2,75.27272727272727,0,0.36363636363636365]
[6,75.42424242424242,0,0.36363636363636365]
[2,75.57575757575758,0,0.36363636363636365]
[4,75.66666666666667,0,0.36363636363636365]
[1,75.75757575757575,0,0.36363636363636365]
[6,75.87878787878788,0,0.36363636363636365]
[0,76.06060606060606,0,0.36363636363636365]
[2,76.27272727272727,0,0.36363636363636365]
[5,76.39393939393939,0,0.36363636363636365]
[0,76.57575757575758,0,0.36363636363636365]
[8,76.72727272727273,0,0.36363636363636365]
[7,76.72727272727273,0,0.36363636363636365]
[3,76.81818181818181,0,0.36363636363636365]
[1,76.9090909090909,0,0.36363636363636365]
[0,77.03030303030303,0,0.36363636363636365]
[7,77.18181818181819,0,0.36363636363636365]
[2,77.39393939393939,0,0.36363636363636365]
[8,77.63636363636364,0,0.36363636363636365]
[2,77.81818181818181,0,0.36363636363636365]
[7,77.93939393939394,0,0.36363636363636365]
[0,78.06060606060606,0,0.36363636363636365]
[4,78.12121212121212,0,0.36363636363636365]
[8,78.18181818181819,0,0.36363636363636365]
[2,78.3030303030303,0,0.36363636363636365]
[7,78.42424242424242,0,0.36363636363636365]
[4,78.51515151515152,0,0.36363636363636365]
[3,78.60606060606061,0,0.36363636363636365]
[2,78.66666666666667,0,0.36363636363636365]
[1,78.72727272727273,0,0.36363636363636365]
[7,78.9090909090909,0,0.36363636363636365]
[1,79.0909090909091,0,0.36363636363636365]
[8,79.33333333333333,0,0.36363636363636365]
[2,79.63636363636364,0,0.36363636363636365]
[5,79.63636363636364,0,0.36363636363636365]
[6,79.78787878787878,0,0.36363636363636365]
[5,79.93939393939394,0,0.36363636363636365]
[4,80.06060606060606,0,0.36363636363636365]
[1,80.18181818181819,0,0.36363636363636365]
[7,80.36363636363636,0,0.36363636363636365]
[3,80.6969696969697,0,0.36363636363636365]
[2,80.78787878787878,0,0.36363636363636365]
[4,80.84848484848484,0,0.36363636363636365]
[0,80.9090909090909,0,0.36363636363636365]
[4,80.96969696969697,0,0.36363636363636365]
[7,81.0909090909091,0,0.36363636363636365]
[1,81.36363636363636,0,0.36363636363636365]
[2,81.54545454545455,0,0.36363636363636365]
[4,81.66666666666667,0,0.36363636363636365]
[8,81.78787878787878,0,0.36363636363636365]
[4,81.87878787878788,0,0.36363636363636365]
[5,81.96969696969697,0,0.36363636363636365]
[7,82.03030303030303,0,0.36363636363636365]
[0,82.0909090909091,0,0.36363636363636365]
[4,82.15151515151516,0,0.36363636363636365]
[8,82.21212121212122,0,0.36363636363636365]
[3,82.3030303030303,0,0.36363636363636365]
[2,82.39393939393939,0,0.36363636363636365]
[5,82.48484848484848,0,0.36363636363636365]
[0,82.54545454545455,0,0.36363636363636365]
[1,82.54545454545455,0,0.36363636363636365]
[7,82.72727272727273,0,0.36363636363636365]
[0,82.84848484848484,0,0.36363636363636365]
[8,83,0,0.36363636363636365]
[2,83.12121212121212,0,0.36363636363636365]
[6,83.27272727272727,0,0.36363636363636365]
[4,83.36363636363636,0,0.36363636363636365]
[2,83.45454545454545,0,0.36363636363636365]
[8,83.57575757575758,0,0.36363636363636365]
[0,83.6969696969697,0,0.36363636363636365]
[6,83.81818181818181,0,0.36363636363636365]
[0,84,0,0.36363636363636365]
[2,84.18181818181819,0,0.36363636363636365]
[8,84.3030303030303,0,0.36363636363636365]
[6,84.42424242424242,0,0.36363636363636365]
[1,84.51515151515152,0,0.36363636363636365]
[5,84.60606060606061,0,0.36363636363636365]
[7,84.72727272727273,0,0.36363636363636365]
[3,84.81818181818181,0,0.36363636363636365]
[2,84.9090909090909,0,0.36363636363636365]
[1,84.96969696969697,0,0.36363636363636365]
[0,85.03030303030303,0,0.36363636363636365]
[4,85.0909090909091,0,0.36363636363636365]
[5,85.15151515151516,0,0.36363636363636365]
[4,85.21212121212122,0,0.36363636363636365]
[0,85.45454545454545,0,0.36363636363636365]
[1,85.45454545454545,0,0.36363636363636365]
[2,85.6969696969697,0,0.36363636363636365]
[6,85.81818181818181,0,0.36363636363636365]
[4,85.87878787878788,0,0.36363636363636365]
[2,86.06060606060606,0,0.36363636363636365]
[7,86.18181818181819,0,0.36363636363636365]
[5,86.24242424242425,0,0.36363636363636365]
[4,86.3030303030303,0,0.36363636363636365]
[0,86.54545454545455,0,0.36363636363636365]
[4,86.60606060606061,0,0.36363636363636365]
[7,86.66666666666667,0,0.36363636363636365]
[1,86.78787878787878,0,0.36363636363636365]
[8,87.03030303030303,0,0.36363636363636365]
[1,87.15151515151516,0,0.36363636363636365]
[6,87.27272727272727,0,0.36363636363636365]
[5,87.51515151515152,0,0.36363636363636365]
[2,87.63636363636364,0,0.36363636363636365]
[6,87.87878787878788,0,0.36363636363636365]
[3,88,0,0.36363636363636365]
[2,88.12121212121212,0,0.36363636363636365]
[4,88.18181818181819,0,0.36363636363636365]
[5,88.24242424242425,0,0.36363636363636365]
[0,88.36363636363636,0,0.36363636363636365]
[8,88.60606060606061,0,0.36363636363636365]
[5,88.72727272727273,0,0.36363636363636365]
[0,88.78787878787878,0,0.36363636363636365]
[1,88.84848484848484,0,0.36363636363636365]
[2,88.9090909090909,0,0.36363636363636365]
[4,88.96969696969697,0,0.36363636363636365]
[1,89.0909090909091,0,0.36363636363636365]
[5,89.33333333333333,0,0.36363636363636365]
[2,89.45454545454545,0,0.36363636363636365]
[0,89.57575757575758,0,0.36363636363636365]
[4,89.63636363636364,0,0.36363636363636365]
[7,89.6969696969697,0,0.36363636363636365]
[8,90.06060606060606,0,0.36363636363636365]
[5,90.18181818181819,0,0.36363636363636365]
[3,90.3030303030303,0,0.36363636363636365]
[0,90.42424242424242,0,0.36363636363636365]
[5,90.54545454545455,0,0.36363636363636365]
[2,90.66666666666667,0,0.36363636363636365]
[6,90.78787878787878,0,0.36363636363636365]
[3,90.9090909090909,0,0.36363636363636365]
[1,91.03030303030303,0,0.36363636363636365]
[5,91.15151515151516,0,0.36363636363636365]
[8,91.27272727272727,0,0.36363636363636365]
[6,91.27272727272727,0,0.36363636363636365]
[2,91.51515151515152,0,0.36363636363636365]
[3,91.63636363636364,0,0.36363636363636365]
[1,91.6969696969697,0,0.36363636363636365]
[5,91.87878787878788,0,0.36363636363636365]
[6,92,0,0.36363636363636365]
[4,92.06060606060606,0,0.36363636363636365]
[7,92.12121212121212,0,0.36363636363636365]
[8,92.24242424242425,0,0.36363636363636365]
[5,92.36363636363636,0,0.36363636363636365]
[1,92.42424242424242,0,0.36363636363636365]
[4,92.48484848484848,0,0.36363636363636365]
[6,92.60606060606061,0,0.36363636363636365]
[3,92.72727272727273,0,0.36363636363636365]
[8,92.96969696969697,0,0.36363636363636365]
[2,93.0909090909091,0,0.36363636363636365]
[1,93.15151515151516,0,0.36363636363636365]
[3,93.21212121212122,0,0.36363636363636365]
[7,93.27272727272727,0,0.36363636363636365]
[5,93.33333333333333,0,0.36363636363636365]
[4,93.39393939393939,0,0.36363636363636365]
[3,93.45454545454545,0,0.36363636363636365]
[4,93.51515151515152,0,0.36363636363636365]
[0,93.57575757575758,0,0.36363636363636365]
[1,93.63636363636364,0,0.36363636363636365]
[5,93.6969696969697,0,0.36363636363636365]
[7,93.75757575757575,0,0.36363636363636365]
[3,93.81818181818181,0,0.36363636363636365]
[0,93.93939393939394,0,0.36363636363636365]
[8,94.06060606060606,0,0.36363636363636365]
[2,94.3030303030303,0,0.36363636363636365]
[4,94.42424242424242,0,0.36363636363636365]
[2,94.54545454545455,0,0.36363636363636365]
[4,94.66666666666667,0,0.36363636363636365]
[3,94.78787878787878,0,0.36363636363636365]
[5,94.9090909090909,0,0.36363636363636365]
[7,95.03030303030303,0,0.36363636363636365]
[3,95.15151515151516,0,0.36363636363636365]
[1,95.27272727272727,0,0.36363636363636365]
[8,95.39393939393939,0,0.36363636363636365]
[0,95.51515151515152,0,0.36363636363636365]
[2,95.63636363636364,0,0.36363636363636365]