[4,0,1,0.75]
[5,0.75,0,0.75]
[3,0.9375,0,0.75]
[8,1.125,1,0.09375]
[7,1.3125,1,0.09375]
[0,1.5,1,0.28125]
[1,1.78125,1,0.28125]
[2,2.0625,1,0.1875]
[3,2.25,1,0.28125]
[4,2.53125,1,0.28125]
[5,2.8125,0,0.28125]
[6,3,1,0.28125]
[7,3.28125,1,0.28125]
[8,3.5625,1,0.1875]
[3,3.75,1,0.375]
[5,4.125,0,0.375]
[4,4.21875,0,0.375]
[6,4.3125,0,0.375]
[7,4.40625,0,0.375]
[2,4.5,1,0.28125]
[1,4.78125,1,0.28125]
[0,5.0625,0,0.28125]
[8,5.25,0,0.28125]
[3,5.53125,0,0.28125]
[2,5.8125,0,0.28125]
[6,6,0,0.28125]
[4,6.375,1,0.375]
[8,6.75,1,0.375]
[0,7.125,0,0.375]
[1,7.21875,0,0.375]
[5,7.3125,0,0.375]
[4,7.40625,0,0.375]
[6,7.5,1,0.1875]
[7,7.6875,0,0.1875]
[2,7.875,0,0.1875]
[0,8.0625,0,0.1875]
[8,8.25,1,0.1875]
[7,8.4375,0,0.1875]
[0,8.625,0,0.1875]
[2,8.8125,0,0.1875]
[3,9,1,0.1875]
[4,9.1875,0,0.1875]
[8,9.375,0,0.1875]
[6,9.5625,0,0.1875]
[5,9.75,1,0.1875]
[4,9.9375,0,0.1875]
[6,10.125,0,0.1875]
[8,10.3125,0,0.1875]
[0,10.5,1,0.1875]
[1,10.6875,0,0.1875]
[8,10.875,0,0.1875]
[3,11.0625,0,0.1875]
[2,11.25,1,0.1875]
[6,11.4375,0,0.1875]
[8,11.625,1,0.1875]
[3,11.8125,1,0.1875]
[5,12,0,0.375]
[4,12.09375,0,0.375]
[0,12.1875,0,0.375]
[1,12.28125,0,0.375]
[2,12.375,1,0.375]
[6,12.75,1,0.375]
[7,12.75,1,0.375]
[5,13.125,1,0.375]
[4,13.125,1,0.375]
[0,13.5,0,0.375]
[1,13.5,0,0.375]
[8,13.6875,0,0.375]
[3,13.875,0,0.375]
[4,13.96875,0,0.375]
[5,14.0625,0,0.375]
[6,14.15625,1,0.09375]
[8,14.34375,1,0.09375]
[0,14.53125,0,0.09375]
[1,14.625,1,0.09375]
[2,14.8125,1,0.09375]
[6,15,1,0.1875]
[7,15.1875,0,0.1875]
[5,15.375,0,0.1875]
[4,15.46875,0,0.1875]
[3,15.5625,0,0.1875]
[2,15.65625,1,0.09375]
[0,15.84375,1,0.09375]
[8,16.03125,0,0.1875]
[7,16.125,1,0.09375]
[6,16.3125,1,0.09375]
[2,16.5,1,0.1875]
[0,16.6875,0,0.1875]
[5,16.875,0,0.1875]
[4,16.96875,0,0.1875]
[3,17.0625,0,0.1875]
[8,17.15625,1,0.09375]
[6,17.34375,1,0.09375]
[2,17.53125,0,0.1875]
[1,17.625,1,0.09375]
[0,17.8125,1,0.09375]
[4,18,1,0.1875]
[2,18.1875,1,0.09375]
[3,18.375,1,0.09375]
[8,18.5625,1,0.09375]
[7,18.75,1,0.375]
[6,18.75,1,0.375]
[4,19.125,1,0.375]
[5,19.125,1,0.375]
[1,19.5,0,0.375]
[0,19.5,0,0.375]
[8,19.6875,0,0.375]
[3,19.875,0,0.375]
[4,19.96875,0,0.375]
[5,20.0625,0,0.375]
[6,20.15625,1,0.09375]
[2,20.34375,1,0.09375]
[0,20.53125,0,0.375]
[7,20.625,1,0.09375]
[8,20.8125,1,0.09375]
[0,21,1,0.1875]
[1,21.1875,0,0.1875]
[5,21.375,0,0.1875]
[4,21.46875,0,0.1875]
[3,21.5625,0,0.1875]
[2,21.65625,1,0.09375]
[6,21.84375,1,0.09375]
[8,22.03125,0,0.1875]
[1,22.125,1,0.09375]
[0,22.3125,1,0.09375]
[8,22.5,1,0.1875]
[6,22.6875,0,0.1875]
[5,22.875,0,0.1875]
[4,22.96875,0,0.1875]
[3,23.0625,0,0.1875]
[8,23.15625,1,0.09375]
[0,23.34375,1,0.09375]
[2,23.53125,0,0.09375]
[7,23.625,1,0.09375]
[6,23.8125,1,0.09375]
[4,24,1,0.1875]
[2,24.1875,1,0.09375]
[3,24.375,1,0.09375]
[8,24.5625,1,0.09375]
[6,24.75,0,0.09375]
[7,24.75,0,0.09375]
[4,24.9375,0,0.09375]
[5,24.9375,0,0.09375]
[1,25.125,0,0.09375]
[0,25.125,0,0.09375]
[8,25.5,1,0.1875]
[3,25.6875,0,0.1875]
[2,25.875,0,0.1875]
[1,25.96875,1,0.09375]
[0,26.15625,1,0.09375]
[4,26.34375,1,0.09375]
[6,26.53125,0,0.1875]
[7,26.625,1,0.09375]
[8,26.8125,1,0.09375]
[0,27,1,0.1875]
[5,27.1875,0,0.1875]
[6,27.375,0,0.1875]
[7,27.46875,1,0.09375]
[8,27.65625,1,0.09375]
[4,27.84375,1,0.09375]
[2,28.03125,0,0.1875]
[1,28.125,1,0.09375]
[0,28.3125,1,0.09375]
[8,28.5,1,0.1875]
[3,28.6875,0,0.1875]
[2,28.875,0,0.1875]
[1,28.96875,1,0.09375]
[0,29.15625,1,0.09375]
[4,29.34375,1,0.09375]
[6,29.53125,0,0.1875]
[7,29.625,1,0.09375]
[8,29.8125,1,0.09375]
[0,30,1,0.1875]
[5,30.1875,0,0.1875]
[6,30.375,0,0.1875]
[7,30.46875,1,0.09375]
[8,30.65625,1,0.09375]
[4,30.84375,1,0.09375]
[2,31.03125,0,0.1875]
[0,31.125,1,0.375]
[8,31.5,1,0.1875]
[3,31.6875,0,0.1875]
[2,31.875,0,0.1875]
[1,31.96875,1,0.09375]
[0,32.15625,1,0.09375]
[4,32.34375,1,0.09375]
[6,32.53125,0,0.1875]
[7,32.625,1,0.09375]
[8,32.8125,1,0.09375]
[0,33,1,0.1875]
[5,33.1875,0,0.1875]
[6,33.375,0,0.1875]
[7,33.46875,1,0.09375]
[8,33.65625,1,0.09375]
[4,33.84375,1,0.09375]
[2,34.03125,0,0.1875]
[1,34.125,1,0.09375]
[0,34.3125,1,0.09375]
[8,34.5,0,0.09375]
[7,34.6875,0,0.09375]
[6,34.875,1,0.375]
[4,35.25,1,0.375]
[2,35.625,1,0.375]
[6,36,0,0.375]
[7,36,0,0.375]
[4,36.375,0,0.375]
[5,36.375,0,0.375]
[1,36.75,0,0.375]
[0,36.75,0,0.375]
[5,37.125,1,0.375]
[6,37.5,0,0.375]
[8,37.6875,0,0.375]
[0,37.875,0,0.375]
[2,38.0625,0,0.375]
[3,38.25,1,0.28125]
[5,38.53125,1,0.28125]
[4,38.8125,1,0.1875]
[2,39,0,0.1875]
[0,39.1875,1,0.1875]
[8,39.375,1,0.375]
[3,39.75,1,0.28125]
[7,40.03125,1,0.28125]
[5,40.3125,1,0.1875]
[4,40.5,1,0.1875]
[0,40.6875,0,0.1875]
[2,40.875,0,0.1875]
[6,41.0625,0,0.1875]
[8,41.25,1,0.28125]
[3,41.53125,1,0.28125]
[2,41.8125,1,0.1875]
[6,42,1,0.28125]
[5,42.28125,1,0.28125]
[0,42.5625,1,0.28125]
[2,42.84375,1,0.28125]
[6,43.125,1,0.1875]
[8,43.3125,1,0.1875]
[3,43.5,1,0.1875]
[5,43.6875,0,0.28125]
[0,43.875,0,0.28125]
[2,44.0625,0,0.28125]
[6,44.25,0,0.28125]
[8,44.4375,0,0.28125]
[1,44.625,0,0.28125]
[3,44.8125,1,0.1875]
[5,45,1,0.1875]
[6,45.1875,0,0.1875]
[2,45.375,0,0.1875]
[0,45.5625,0,0.1875]
[8,45.75,0,0.1875]
[1,45.9375,0,0.1875]
[6,46.125,0,0.1875]
[5,46.3125,1,0.1875]
[3,46.5,1,0.1875]
[2,46.6875,0,0.1875]
[6,46.875,0,0.1875]
[5,47.0625,1,0.1875]
[3,47.25,1,0.1875]
[8,47.4375,0,0.1875]
[0,47.625,0,0.1875]
[5,47.8125,1,0.1875]
[4,48,0,0.1875]
[1,48.75,0,0.28125]
[0,48.75,0,0.28125]
[8,49,1,0.2499975]
[3,49.25,1,0.2499975]
[1,49.5,0,0.28125]
[2,49.5,0,0.28125]
[6,49.6875,0,0.28125]
[5,49.875,0,0.28125]
[4,49.96875,0,0.28125]
[3,50.0625,0,0.28125]
[2,50.15625,1,0.09375]
[6,50.34375,0,0.09375]
[7,50.4375,1,0.09375]
[5,50.625,0,0.09375]
[0,50.8125,1,0.1875]
[2,51,1,0.09375]
[6,51.1875,1,0.1875]
[5,51.375,0,0.09375]
[4,51.46875,0,0.09375]
[3,51.5625,0,0.09375]
[8,51.65625,1,0.09375]
[0,51.84375,0,0.09375]
[1,51.9375,1,0.09375]
[5,52.125,0,0.09375]
[3,52.3125,1,0.09375]
[2,52.5,1,0.1875]
[6,52.6875,1,0.1875]
[5,52.875,0,0.1875]
[4,52.96875,0,0.1875]
[3,53.0625,0,0.1875]
[8,53.15625,1,0.09375]
[0,53.34375,0,0.09375]
[1,53.4375,1,0.09375]
[5,53.625,0,0.09375]
[4,53.71875,0,0.09375]
[6,53.8125,0,0.09375]
[7,53.90625,0,0.09375]
[2,54,1,0.1875]
[3,54.1875,0,0.1875]
[4,54.28125,0,0.1875]
[5,54.375,0,0.1875]
[6,54.625,1,0.2499975]
[7,54.875,1,0.2499975]
[8,55.125,1,0.1875]
[3,55.3125,1,0.1875]
[2,55.5,1,0.1875]
[6,55.6875,0,0.28125]
[5,55.875,0,0.28125]
[4,55.96875,0,0.28125]
[3,56.0625,0,0.28125]
[2,56.15625,1,0.09375]
[6,56.34375,0,0.09375]
[7,56.4375,1,0.09375]
[5,56.625,0,0.09375]
[0,56.8125,1,0.1875]
[2,57,1,0.09375]
[6,57.1875,1,0.1875]
[5,57.375,0,0.09375]
[4,57.46875,0,0.09375]
[3,57.5625,0,0.09375]
[8,57.65625,1,0.09375]
[0,57.84375,0,0.09375]
[1,57.9375,1,0.09375]
[5,58.125,0,0.09375]
[3,58.3125,1,0.09375]
[2,58.5,1,0.1875]
[6,58.6875,1,0.1875]
[5,58.875,0,0.1875]
[4,58.96875,0,0.1875]
[3,59.0625,0,0.1875]
[8,59.15625,1,0.09375]
[0,59.34375,0,0.09375]
[1,59.4375,1,0.09375]
[5,59.625,1,0.1875]
[6,59.8125,1,0.1875]
[8,60,1,0.28125]
[3,60.28125,1,0.28125]
[2,60.5625,1,0.28125]
[6,60.84375,1,0.28125]
[5,61.125,1,0.375]
[4,61.125,1,0.375]
[3,61.5,0,0.375]
[6,67.5,1,1.5]
[8,69,1,1.5]
[3,70.5,1,1.5]
[4,72,1,0.75]
[5,72.75,1,0.375]
[6,73.125,1,0.09375]
[7,73.3125,1,0.09375]
[8,73.5,0,0.09375]
[3,73.6875,0,0.09375]
[5,73.875,0,0.09375]
[6,74.0625,0,0.09375]
[2,74.25,0,0.09375]
[0,74.4375,0,0.09375]
[5,74.625,0,0.09375]
[3,74.8125,0,0.09375]
[8,75,0,0.09375]
[6,75.1875,0,0.09375]
[5,75.375,0,0.09375]
[0,75.5625,0,0.09375]
[8,75.75,0,0.09375]
[7,75.84375,0,0.09375]
[3,75.9375,0,0.09375]
[4,76.03125,0,0.09375]
[5,76.125,1,0.1875]
[0,76.3125,1,0.1875]
[2,76.5,0,0.1875]
[6,76.6875,0,0.1875]
[5,76.875,0,0.09375]
[4,76.96875,1,0.09375]
[3,77.15625,1,0.09375]
[2,77.34375,1,0.09375]
[6,77.53125,0,0.09375]
[7,77.625,1,0.09375]
[5,77.8125,0,0.09375]
[4,77.90625,0,0.09375]
[3,78,1,0.28125]
[8,78.28125,1,0.28125]
[0,78.5625,1,0.28125]
[5,78.84375,1,0.28125]
[6,79.125,1,0.1875]
[2,79.3125,1,0.1875]
[3,79.5,1,0.1875]
[8,79.6875,0,0.1875]
[0,79.875,0,0.1875]
[1,79.96875,1,0.09375]
[5,80.15625,1,0.09375]
[6,80.34375,1,0.09375]
[2,80.53125,0,0.09375]
[1,80.625,1,0.09375]
[3,80.8125,1,0.09375]
[8,81,1,0.1875]
[6,81.1875,1,0.1875]
[2,81.375,0,0.1875]
[1,81.46875,1,0.09375]
[3,81.65625,1,0.09375]
[8,81.84375,1,0.09375]
[0,82.03125,0,0.1875]
[1,82.125,1,0.09375]
[5,82.3125,1,0.09375]
[6,82.5,1,0.1875]
[8,82.6875,1,0.1875]
[0,82.875,0,0.1875]
[1,82.96875,1,0.09375]
[5,83.15625,1,0.09375]
[6,83.34375,1,0.09375]
[2,83.53125,0,0.1875]
[1,83.625,1,0.09375]
[3,83.8125,1,0.09375]
[8,84,1,0.375]
[7,84.375,1,0.375]
[6,84.75,1,0.375]
[4,85.125,1,0.375]
[3,85.5,0,0.375]
[5,85.5,0,0.375]
[7,85.6875,0,0.375]
[0,85.875,0,0.375]
[1,85.96875,1,0.09375]
[5,86.15625,1,0.09375]
[6,86.34375,1,0.09375]
[2,86.53125,0,0.375]
[1,86.625,1,0.09375]
[3,86.8125,1,0.09375]
[8,87,1,0.1875]
[6,87.1875,1,0.1875]
[2,87.375,0,0.1875]
[1,87.46875,1,0.09375]
[3,87.65625,1,0.09375]
[8,87.84375,1,0.09375]
[0,88.03125,0,0.1875]
[1,88.125,1,0.09375]
[5,88.3125,1,0.09375]
[7,88.5,0,0.09375]
[6,88.5,0,0.09375]
[2,88.6875,0,0.09375]
[3,88.875,0,0.09375]
[4,88.96875,1,0.09375]
[5,89.15625,1,0.09375]
[0,89.34375,1,0.09375]
[8,89.53125,0,0.09375]
[7,89.625,1,0.09375]
[6,89.8125,1,0.09375]
[2,90,1,0.1875]
[0,90.1875,1,0.1875]
[5,90.375,0,0.1875]
[4,90.46875,1,0.09375]
[3,90.65625,1,0.09375]
[8,90.84375,1,0.09375]
[0,91.03125,0,0.09375]
[2,91.125,1,0.09375]
[6,91.3125,1,0.09375]
[4,91.5,0,0.09375]
[5,91.5,0,0.09375]
[0,91.6875,0,0.09375]
[2,91.875,0,0.09375]
[1,91.96875,1,0.09375]
[3,92.15625,1,0.09375]
[8,92.34375,1,0.09375]
[0,92.53125,0,0.09375]
[1,92.625,1,0.09375]
[5,92.8125,1,0.09375]
[6,93,1,0.1875]
[8,93.1875,1,0.1875]
[0,93.375,0,0.09375]
[1,93.46875,1,0.09375]
[5,93.65625,1,0.09375]
[6,93.84375,1,0.09375]
[2,94.03125,0,0.09375]
[1,94.125,1,0.09375]
[3,94.3125,1,0.09375]
[8,94.5,1,0.1875]
[0,94.6875,0,0.1875]
[1,94.78125,1,0.09375]
[5,94.96875,0,0.1875]
[4,95.0625,1,0.09375]
[6,95.25,1,0.1875]
[2,95.4375,0,0.1875]
[1,95.53125,1,0.09375]
[3,95.71875,0,0.1875]
[4,95.8125,1,0.09375]
[8,96,1,0.1875]
[0,96.1875,0,0.1875]
[1,96.28125,0,0.1875]
[5,96.375,0,0.1875]
[4,96.46875,0,0.1875]
[6,96.5625,0,0.1875]
[7,96.65625,0,0.1875]
[2,96.75,1,0.1875]
[3,96.9375,1,0.1875]
[8,97.125,1,0.1875]
[6,97.3125,1,0.1875]
[1,97.5,0,0.1875]
[2,97.5,0,0.1875]
[0,97.6875,0,0.1875]
[5,97.875,0,0.1875]
[4,97.96875,0,0.1875]
[3,98.0625,0,0.1875]
[8,98.15625,1,0.09375]
[6,98.34375,1,0.09375]
[2,98.53125,0,0.09375]
[1,98.625,1,0.09375]
[0,98.8125,1,0.09375]
[8,99,1,0.1875]
[7,99.1875,1,0.1875]
[3,99.375,0,0.1875]
[4,99.46875,0,0.1875]
[5,99.5625,0,0.1875]
[0,99.65625,1,0.09375]
[2,99.84375,1,0.09375]
[6,100.03125,0,0.1875]
[7,100.125,1,0.09375]
[8,100.3125,1,0.09375]
[4,100.5,0,0.09375]
[3,100.5,0,0.09375]
[5,100.6875,0,0.09375]
[0,100.875,0,0.09375]
[1,100.96875,0,0.09375]
[2,101.0625,0,0.09375]
[3,101.15625,1,0.09375]
[4,101.34375,1,0.09375]
[8,101.53125,0,0.09375]
[7,101.625,1,0.09375]
[6,101.8125,1,0.09375]
[2,102,1,0.1875]
[0,102.1875,1,0.1875]
[5,102.375,0,0.1875]
[4,102.46875,0,0.1875]
[3,102.5625,0,0.1875]
[8,102.65625,1,0.09375]
[7,102.84375,1,0.09375]
[0,103.03125,0,0.09375]
[2,103.125,1,0.1875]
[4,103.3125,1,0.1875]
[8,103.5,0,0.1875]
[6,103.5,0,0.1875]
[7,103.6875,0,0.1875]
[2,103.875,0,0.1875]
[1,103.96875,0,0.1875]
[0,104.0625,0,0.1875]
[5,104.15625,1,0.09375]
[4,104.34375,1,0.09375]
[6,104.53125,0,0.09375]
[7,104.625,1,0.09375]
[8,104.8125,1,0.09375]
[0,105,1,0.1875]
[2,105.1875,1,0.1875]
[3,105.375,0,0.1875]
[4,105.46875,0,0.1875]
[5,105.5625,0,0.1875]
[6,105.65625,1,0.09375]
[7,105.84375,1,0.09375]
[2,106.03125,0,0.1875]
[1,106.125,1,0.09375]
[0,106.3125,1,0.09375]
[5,106.5,1,0.375]
[3,106.875,1,0.375]
[8,107.25,1,0.375]
[6,107.625,1,0.375]
[1,108,0,0.375]
[4,108.375,0,0.375]
[7,108.75,0,0.375]
[3,109.125,0,0.375]
[5,109.125,0,0.375]
[0,109.5,0,0.375]
[1,109.5,0,0.375]
[8,109.6875,0,0.375]
[3,109.875,0,0.375]
[4,109.96875,0,0.375]
[5,110.0625,0,0.375]
[6,110.15625,1,0.09375]
[8,110.34375,1,0.09375]
[0,110.53125,0,0.09375]
[1,110.625,1,0.09375]
[2,110.8125,1,0.09375]
[6,111,1,0.1875]
[7,111.1875,0,0.1875]
[5,111.375,0,0.1875]
[4,111.46875,0,0.1875]
[3,111.5625,0,0.1875]
[2,111.65625,1,0.09375]
[0,111.84375,1,0.09375]
[8,112.03125,0,0.1875]
[7,112.125,1,0.09375]
[6,112.3125,1,0.09375]
[2,112.5,1,0.1875]
[0,112.6875,0,0.1875]
[5,112.875,0,0.1875]
[4,112.96875,0,0.1875]
[3,113.0625,0,0.1875]
[8,113.15625,1,0.09375]
[6,113.34375,1,0.09375]
[2,113.53125,0,0.1875]
[1,113.625,1,0.09375]
[0,113.8125,1,0.09375]
[4,114,1,0.1875]
[2,114.1875,1,0.09375]
[3,114.375,1,0.09375]
[8,114.5625,1,0.09375]
[7,114.75,1,0.375]
[6,114.75,1,0.375]
[4,115.125,1,0.375]
[5,115.125,1,0.375]
[1,115.5,0,0.375]
[0,115.5,0,0.375]
[8,115.6875,0,0.375]
[3,115.875,0,0.375]
[4,115.96875,0,0.375]
[5,116.0625,0,0.375]
[6,116.15625,1,0.09375]
[2,116.34375,1,0.09375]
[0,116.53125,0,0.375]
[7,116.625,1,0.09375]
[8,116.8125,1,0.09375]
[0,117,1,0.1875]
[1,117.1875,0,0.1875]
[5,117.375,0,0.1875]
[4,117.46875,0,0.1875]
[3,117.5625,0,0.1875]
[2,117.65625,1,0.09375]
[6,117.84375,1,0.09375]
[8,118.03125,0,0.1875]
[1,118.125,1,0.09375]
[0,118.3125,1,0.09375]
[8,118.5,1,0.1875]
[6,118.6875,0,0.1875]
[5,118.875,0,0.1875]
[4,118.96875,0,0.1875]
[3,119.0625,0,0.1875]
[8,119.15625,1,0.09375]
[0,119.34375,1,0.09375]
[2,119.53125,0,0.09375]
[7,119.625,1,0.09375]
[6,119.8125,1,0.09375]
[4,120,1,0.1875]
[2,120.1875,1,0.09375]
[3,120.375,1,0.09375]
[8,120.5625,1,0.09375]
[7,120.75,0,0.09375]
[6,120.75,0,0.09375]
[4,120.9375,0,0.09375]
[5,120.9375,0,0.09375]
[1,121.125,0,0.09375]
[0,121.125,0,0.09375]
[3,121.5,1,0.28125]
[4,121.78125,1,0.28125]
[8,122.0625,1,0.1875]
[6,122.25,1,0.28125]
[5,122.53125,1,0.28125]
[0,122.8125,0,0.28125]