[7,2.3076923076923075,0,0.28846153846153844]
[1,2.3076923076923075,0,0.28846153846153844]
[3,2.5961538461538463,0,0.28846153846153844]
[6,2.5961538461538463,0,0.28846153846153844]
[3,2.7403846153846154,0,0.28846153846153844]
[6,2.7403846153846154,0,0.28846153846153844]
[5,2.8846153846153846,0,0.28846153846153844]
[2,2.8846153846153846,0,0.28846153846153844]
[5,3.0288461538461537,0,0.28846153846153844]
[2,3.0288461538461537,0,0.28846153846153844]
[4,3.173076923076923,0,0.28846153846153844]
[1,3.173076923076923,0,0.28846153846153844]
[4,3.317307692307692,0,0.28846153846153844]
[1,3.317307692307692,0,0.28846153846153844]
[5,3.4615384615384612,0,0.28846153846153844]
[8,3.4615384615384612,0,0.28846153846153844]
[5,3.605769230769231,0,0.28846153846153844]
[8,3.605769230769231,0,0.28846153846153844]
[3,3.75,0,0.28846153846153844]
[6,3.75,0,0.28846153846153844]
[3,3.894230769230769,0,0.28846153846153844]
[6,3.894230769230769,0,0.28846153846153844]
[4,4.038461538461538,0,0.28846153846153844]
[7,4.038461538461538,0,0.28846153846153844]
[4,4.1826923076923075,0,0.28846153846153844]
[7,4.1826923076923075,0,0.28846153846153844]
[0,4.326923076923077,0,0.28846153846153844]
[1,4.399038461538462,0,0.28846153846153844]
[5,4.471153846153846,0,0.28846153846153844]
[4,4.543269230769231,0,0.28846153846153844]
[6,4.615384615384615,0,0.28846153846153844]
[7,4.615384615384615,0,0.28846153846153844]
[2,4.903846153846153,0,0.28846153846153844]
[6,5.1201923076923075,0,0.28846153846153844]
[7,5.1923076923076925,0,0.28846153846153844]
[5,5.336538461538462,0,0.28846153846153844]
[0,5.480769230769231,0,0.28846153846153844]
[8,5.769230769230769,0,0.28846153846153844]
[3,5.913461538461538,0,0.28846153846153844]
[2,6.0576923076923075,0,0.28846153846153844]
[6,6.346153846153846,0,0.28846153846153844]
[5,6.490384615384615,0,0.28846153846153844]
[0,6.634615384615384,0,0.28846153846153844]
[7,6.9230769230769225,0,0.28846153846153844]
[1,6.9230769230769225,0,0.28846153846153844]
[5,7.211538461538462,0,0.28846153846153844]
[8,7.211538461538462,0,0.28846153846153844]
[5,7.355769230769231,0,0.28846153846153844]
[8,7.355769230769231,0,0.28846153846153844]
[0,7.5,0,0.28846153846153844]
[3,7.5,0,0.28846153846153844]
[0,7.644230769230769,0,0.28846153846153844]
[3,7.644230769230769,0,0.28846153846153844]
[4,7.788461538461538,0,0.28846153846153844]
[1,7.788461538461538,0,0.28846153846153844]
[6,7.9326923076923075,1,0.28846153846153844]
[3,7.9326923076923075,1,0.28846153846153844]
[8,8.221153846153847,0,0.28846153846153844]
[5,8.221153846153847,0,0.28846153846153844]
[8,8.365384615384615,0,0.28846153846153844]
[5,8.365384615384615,0,0.28846153846153844]
[4,8.509615384615385,0,0.28846153846153844]
[7,8.509615384615385,0,0.28846153846153844]
[5,8.653846153846153,0,0.28846153846153844]
[2,8.653846153846153,0,0.28846153846153844]
[5,8.798076923076923,0,0.28846153846153844]
[2,8.798076923076923,0,0.28846153846153844]
[0,8.942307692307692,0,0.28846153846153844]
[1,9.014423076923077,0,0.28846153846153844]
[5,9.086538461538462,0,0.28846153846153844]
[4,9.158653846153847,0,0.28846153846153844]
[7,9.23076923076923,0,0.28846153846153844]
[6,9.23076923076923,0,0.28846153846153844]
[2,9.375,0,0.28846153846153844]
[3,9.519230769230768,0,0.28846153846153844]
[4,9.519230769230768,0,0.28846153846153844]
[5,9.663461538461538,0,0.28846153846153844]
[0,9.807692307692307,0,0.28846153846153844]
[1,9.807692307692307,0,0.28846153846153844]
[8,9.951923076923077,0,0.28846153846153844]
[3,10.096153846153845,0,0.28846153846153844]
[4,10.096153846153845,0,0.28846153846153844]
[5,10.240384615384615,0,0.28846153846153844]
[6,10.384615384615387,0,0.14423076923076922]
[7,10.456730769230774,0,0.28846153846153844]
[5,10.52884615384616,0,0.14423076923076922]
[4,10.600961538461547,0,0.28846153846153844]
[3,10.673076923076927,0,0.14423076923076922]
[2,10.8173076923077,0,0.14423076923076922]
[1,10.88942307692308,0,0.28846153846153844]
[3,10.961538461538467,0,0.14423076923076922]
[4,11.033653846153854,0,0.28846153846153844]
[5,11.105769230769234,0,0.14423076923076922]
[6,11.250000000000007,0,0.14423076923076922]
[7,11.322115384615387,0,0.28846153846153844]
[5,11.394230769230774,0,0.14423076923076922]
[4,11.46634615384616,0,0.28846153846153844]
[3,11.538461538461538,1,0.28846153846153844]
[0,11.538461538461538,1,0.28846153846153844]
[8,11.826923076923077,1,0.28846153846153844]
[5,11.826923076923077,1,0.28846153846153844]
[6,12.115384615384615,0,0.28846153846153844]
[6,12.259615384615385,0,0.28846153846153844]
[2,12.403846153846153,0,0.28846153846153844]
[0,12.548076923076923,1,0.28846153846153844]
[1,12.548076923076923,1,0.28846153846153844]
[5,12.836538461538462,0,0.28846153846153844]
[4,12.98076923076923,0,0.28846153846153844]
[3,12.98076923076923,0,0.28846153846153844]
[3,13.125,0,0.28846153846153844]
[4,13.125,0,0.28846153846153844]
[8,13.269230769230768,0,0.28846153846153844]
[7,13.341346153846153,0,0.28846153846153844]
[3,13.413461538461538,0,0.28846153846153844]
[4,13.485576923076923,0,0.28846153846153844]
[1,13.557692307692307,0,0.28846153846153844]
[2,13.557692307692307,0,0.28846153846153844]
[1,13.701923076923077,0,0.28846153846153844]
[2,13.701923076923077,0,0.28846153846153844]
[6,13.846153846153845,1,0.28846153846153844]
[3,13.846153846153845,1,0.28846153846153844]
[5,14.134615384615383,1,0.28846153846153844]
[2,14.134615384615383,1,0.28846153846153844]
[0,14.423076923076923,0,0.28846153846153844]
[0,14.567307692307692,0,0.28846153846153844]
[8,14.711538461538462,0,0.28846153846153844]
[6,14.85576923076923,1,0.28846153846153844]
[7,14.85576923076923,1,0.28846153846153844]
[5,15.144230769230768,0,0.28846153846153844]
[3,15.288461538461538,0,0.28846153846153844]
[4,15.288461538461538,0,0.28846153846153844]
[4,15.432692307692307,0,0.28846153846153844]
[3,15.432692307692307,0,0.28846153846153844]
[8,15.576923076923077,0,0.28846153846153844]
[7,15.649038461538462,0,0.28846153846153844]
[3,15.721153846153845,0,0.28846153846153844]
[4,15.79326923076923,0,0.28846153846153844]
[2,15.865384615384615,0,0.28846153846153844]
[1,15.865384615384615,0,0.28846153846153844]
[1,16.009615384615383,0,0.28846153846153844]
[2,16.009615384615383,0,0.28846153846153844]
[0,16.153846153846153,1,0.28846153846153844]
[4,16.153846153846153,1,0.28846153846153844]
[7,16.442307692307693,1,0.28846153846153844]
[5,16.442307692307693,1,0.28846153846153844]
[6,16.73076923076923,0,0.28846153846153844]
[6,16.875,0,0.28846153846153844]
[8,17.01923076923077,0,0.28846153846153844]
[0,17.163461538461537,1,0.28846153846153844]
[3,17.163461538461537,1,0.28846153846153844]
[2,17.451923076923077,0,0.28846153846153844]
[1,17.596153846153847,0,0.28846153846153844]
[4,17.596153846153847,0,0.28846153846153844]
[1,17.740384615384613,0,0.28846153846153844]
[4,17.740384615384613,0,0.28846153846153844]
[8,17.884615384615383,0,0.28846153846153844]
[7,17.95673076923077,0,0.28846153846153844]
[3,18.028846153846153,0,0.28846153846153844]
[4,18.100961538461537,0,0.28846153846153844]
[2,18.173076923076923,0,0.28846153846153844]
[1,18.173076923076923,0,0.28846153846153844]
[6,18.317307692307693,0,0.28846153846153844]
[8,18.46153846153846,0,0.28846153846153844]
[8,18.60576923076923,0,0.28846153846153844]
[3,18.75,0,0.28846153846153844]
[4,18.89423076923077,0,0.28846153846153844]
[5,19.038461538461537,0,0.28846153846153844]
[5,19.182692307692307,0,0.28846153846153844]
[0,19.326923076923077,0,0.28846153846153844]
[1,19.471153846153847,0,0.28846153846153844]
[2,19.615384615384613,0,0.28846153846153844]
[2,19.759615384615383,0,0.28846153846153844]
[3,19.903846153846153,0,0.28846153846153844]
[4,20.048076923076923,0,0.28846153846153844]
[5,20.19230769230769,0,0.28846153846153844]
[5,20.33653846153846,0,0.28846153846153844]
[6,20.48076923076923,0,0.8653846153846153]
[7,20.552884615384613,0,0.8653846153846153]
[5,20.625,0,0.8653846153846153]
[4,20.697115384615383,0,0.8653846153846153]
[3,20.76923076923077,1,0.28846153846153844]
[0,20.76923076923077,1,0.28846153846153844]
[8,21.057692307692307,0,0.5769230769230769]
[5,21.057692307692307,0,0.5769230769230769]
[6,21.201923076923077,0,0.28846153846153844]
[6,21.346153846153847,0,0.5769230769230769]
[2,21.490384615384613,0,0.28846153846153844]
[0,21.634615384615383,0,0.28846153846153844]
[8,21.778846153846153,1,0.28846153846153844]
[7,21.778846153846153,1,0.28846153846153844]
[6,22.06730769230769,0,0.28846153846153844]
[2,22.21153846153846,0,0.28846153846153844]
[1,22.21153846153846,0,0.28846153846153844]
[0,22.35576923076923,0,0.28846153846153844]
[5,22.5,0,0.28846153846153844]
[4,22.572115384615383,0,0.28846153846153844]
[6,22.64423076923077,0,0.28846153846153844]
[7,22.716346153846153,0,0.28846153846153844]
[8,22.788461538461537,0,0.28846153846153844]
[0,22.932692307692307,0,0.28846153846153844]
[1,23.00480769230769,0,0.28846153846153844]
[5,23.076923076923077,1,0.28846153846153844]
[2,23.076923076923077,1,0.28846153846153844]
[3,23.365384615384613,1,0.28846153846153844]
[6,23.365384615384613,1,0.28846153846153844]
[8,23.653846153846153,0,0.28846153846153844]
[0,23.798076923076923,0,0.28846153846153844]
[2,23.94230769230769,0,0.28846153846153844]
[6,24.08653846153846,1,0.28846153846153844]
[7,24.08653846153846,1,0.28846153846153844]
[8,24.375,0,0.28846153846153844]
[0,24.51923076923077,0,0.28846153846153844]
[1,24.51923076923077,0,0.28846153846153844]
[2,24.663461538461537,0,0.28846153846153844]
[3,24.807692307692307,0,0.28846153846153844]
[4,24.87980769230769,0,0.28846153846153844]
[8,24.951923076923077,0,0.28846153846153844]
[7,25.02403846153846,0,0.28846153846153844]
[0,25.096153846153847,0,0.28846153846153844]
[1,25.096153846153847,0,0.28846153846153844]
[5,25.240384615384613,0,0.28846153846153844]
[4,25.3125,0,0.28846153846153844]
[3,25.384615384615383,1,0.28846153846153844]
[7,25.384615384615383,1,0.28846153846153844]
[4,25.673076923076923,1,0.28846153846153844]
[2,25.673076923076923,1,0.28846153846153844]
[6,25.96153846153846,0,0.28846153846153844]
[8,26.10576923076923,0,0.28846153846153844]
[0,26.25,0,0.28846153846153844]
[5,26.39423076923077,1,0.28846153846153844]
[8,26.39423076923077,1,0.28846153846153844]
[6,26.682692307692307,0,0.28846153846153844]
[4,26.826923076923077,0,0.28846153846153844]
[7,26.826923076923077,0,0.28846153846153844]
[3,26.971153846153847,0,0.28846153846153844]
[3,27.115384615384613,0,0.28846153846153844]
[2,27.259615384615383,0,0.28846153846153844]
[1,27.33173076923077,0,0.28846153846153844]
[0,27.403846153846153,0,0.28846153846153844]
[8,27.548076923076923,0,0.28846153846153844]
[6,27.69230769230769,0,0.28846153846153844]
[6,27.83653846153846,0,0.28846153846153844]
[5,27.98076923076923,0,0.28846153846153844]
[0,28.269230769230766,0,0.28846153846153844]
[0,28.413461538461537,0,0.28846153846153844]
[5,28.557692307692307,0,0.28846153846153844]
[6,28.846153846153847,0,0.28846153846153844]
[6,28.990384615384613,0,0.28846153846153844]
[5,29.134615384615383,0,0.28846153846153844]
[0,29.278846153846153,0,1.0096153846153846]
[1,29.350961538461537,0,0.28846153846153844]
[2,29.423076923076923,0,0.28846153846153844]
[3,29.56730769230769,0,0.28846153846153844]
[5,29.71153846153846,0,0.5769230769230769]
[6,29.85576923076923,0,0.28846153846153844]
[8,30,0,0.28846153846153844]
[5,30.144230769230766,0,0.28846153846153844]
[6,30.288461538461537,0,0.28846153846153844]
[6,30.432692307692307,0,0.28846153846153844]
[7,30.576923076923077,0,0.28846153846153844]
[4,30.721153846153847,0,0.28846153846153844]
[6,30.865384615384613,0,0.28846153846153844]
[6,31.009615384615383,0,0.28846153846153844]
[5,31.153846153846153,0,0.28846153846153844]
[2,31.298076923076923,0,0.28846153846153844]
[6,31.44230769230769,0,0.28846153846153844]
[6,31.58653846153846,0,0.28846153846153844]
[4,31.73076923076923,0,0.28846153846153844]
[1,31.875,0,0.28846153846153844]
[6,32.01923076923077,0,0.28846153846153844]
[8,32.16346153846154,0,0.28846153846153844]
[3,32.23557692307692,0,1.0096153846153846]
[5,32.30769230769231,1,1.0096153846153846]
[2,32.30769230769231,1,1.0096153846153846]
[0,33.31730769230769,0,1.0096153846153846]
[8,33.38942307692307,0,1.0096153846153846]
[0,33.89423076923077,0,0.28846153846153844]
[1,33.96634615384615,0,1.0096153846153846]
[2,34.03846153846154,0,0.28846153846153844]
[3,34.18269230769231,0,0.28846153846153844]
[5,34.32692307692307,0,0.28846153846153844]
[6,34.47115384615385,0,1.0096153846153846]
[8,34.61538461538461,0,0.28846153846153844]
[5,34.75961538461539,0,0.28846153846153844]
[6,34.90384615384615,0,1.0096153846153846]
[6,35.04807692307692,0,1.0096153846153846]
[7,35.19230769230769,0,0.28846153846153844]
[4,35.33653846153846,0,0.28846153846153844]
[6,35.480769230769226,0,1.0096153846153846]
[6,35.625,0,1.0096153846153846]
[5,35.76923076923077,0,0.28846153846153844]
[2,35.91346153846154,0,0.28846153846153844]
[6,36.05769230769231,0,1.0096153846153846]
[6,36.20192307692307,0,1.0096153846153846]
[1,36.34615384615385,0,0.28846153846153844]
[4,36.49038461538461,0,0.28846153846153844]
[6,36.63461538461539,0,0.28846153846153844]
[8,36.778846153846146,0,0.28846153846153844]
[3,36.85096153846154,0,1.0096153846153846]
[5,36.92307692307691,1,1.0096153846153846]
[2,36.92307692307691,1,1.0096153846153846]
[0,37.93269230769231,0,0.28846153846153844]
[8,38.00480769230769,0,0.28846153846153844]
[0,38.50961538461539,0,0.28846153846153844]
[1,38.58173076923077,0,1.0096153846153846]
[2,38.65384615384615,0,0.28846153846153844]
[3,38.79807692307692,0,0.28846153846153844]
[5,38.94230769230769,0,0.28846153846153844]
[6,39.08653846153846,0,0.28846153846153844]
[8,39.230769230769226,0,0.28846153846153844]
[5,39.375,0,0.28846153846153844]
[6,39.51923076923077,0,0.28846153846153844]
[6,39.66346153846154,0,0.28846153846153844]
[7,39.80769230769231,0,0.28846153846153844]
[4,39.95192307692307,0,0.28846153846153844]
[6,40.09615384615385,0,0.28846153846153844]
[6,40.24038461538461,0,0.28846153846153844]
[5,40.38461538461538,0,0.28846153846153844]
[2,40.52884615384615,0,0.28846153846153844]
[6,40.67307692307692,0,0.28846153846153844]
[6,40.81730769230769,0,0.28846153846153844]
[4,40.96153846153846,0,0.28846153846153844]
[1,41.105769230769226,0,0.28846153846153844]
[6,41.25,0,0.28846153846153844]
[8,41.39423076923077,0,0.28846153846153844]
[3,41.46634615384615,0,1.0096153846153846]
[2,41.53846153846153,1,1.0096153846153846]
[5,41.53846153846153,1,1.0096153846153846]
[0,42.54807692307692,0,1.0096153846153846]
[8,42.6201923076923,0,1.0096153846153846]
[0,43.125,0,1.0096153846153846]
[1,43.19711538461538,0,1.0096153846153846]
[2,43.26923076923077,0,1.0096153846153846]
[3,43.41346153846154,0,1.0096153846153846]
[5,43.55769230769231,0,0.28846153846153844]
[6,43.70192307692307,0,1.0096153846153846]
[8,43.84615384615385,0,1.0096153846153846]
[5,43.99038461538461,0,1.0096153846153846]
[3,44.13461538461538,0,0.28846153846153844]
[3,44.27884615384615,0,0.28846153846153844]
[7,44.42307692307692,0,1.0096153846153846]
[4,44.56730769230769,0,1.0096153846153846]
[3,44.71153846153846,0,0.28846153846153844]
[3,44.855769230769226,0,0.28846153846153844]
[5,45,0,1.0096153846153846]
[2,45.14423076923077,0,1.0096153846153846]
[3,45.28846153846154,0,0.28846153846153844]
[3,45.43269230769231,0,0.28846153846153844]
[8,45.57692307692307,0,0.28846153846153844]
[6,45.72115384615385,0,0.28846153846153844]
[2,45.86538461538461,0,1.0096153846153846]
[1,45.9375,0,1.0096153846153846]
[0,46.00961538461538,0,1.0096153846153846]
[8,46.15384615384615,0,1.0096153846153846]
[7,46.15384615384615,0,0.14423076923076922]
[3,46.44230769230769,0,0.5769230769230769]
[4,46.44230769230769,0,0.5769230769230769]
[5,46.58653846153846,0,0.5769230769230769]
[6,46.730769230769226,0,0.5769230769230769]
[7,46.730769230769226,0,0.5769230769230769]
[2,46.875,0,0.5769230769230769]
[3,47.01923076923077,0,0.5769230769230769]
[4,47.01923076923077,0,0.5769230769230769]
[5,47.16346153846154,0,0.5769230769230769]
[0,47.30769230769231,0,0.5769230769230769]
[1,47.30769230769231,0,0.5769230769230769]
[8,47.45192307692307,0,0.5769230769230769]
[3,47.59615384615385,0,0.5769230769230769]
[4,47.59615384615385,0,0.5769230769230769]
[5,47.74038461538461,0,0.5769230769230769]
[6,47.88461538461538,0,0.5769230769230769]
[7,47.88461538461538,0,0.5769230769230769]
[2,48.02884615384615,0,0.5769230769230769]
[3,48.17307692307692,0,0.5769230769230769]
[4,48.17307692307692,0,0.5769230769230769]
[5,48.31730769230769,0,0.28846153846153844]
[6,48.46153846153846,0,0.5769230769230769]
[0,48.46153846153846,0,0.5769230769230769]
[8,48.75,0,1.0096153846153846]
[5,48.75,0,1.0096153846153846]
[8,48.89423076923077,0,1.0096153846153846]
[5,48.89423076923077,0,1.0096153846153846]
[0,49.03846153846154,0,1.0096153846153846]
[3,49.03846153846154,0,0.28846153846153844]
[0,49.18269230769231,0,1.0096153846153846]
[3,49.18269230769231,0,0.28846153846153844]
[4,49.32692307692307,0,0.28846153846153844]
[1,49.32692307692307,0,0.28846153846153844]
[4,49.47115384615385,0,0.28846153846153844]
[1,49.47115384615385,0,0.28846153846153844]
[6,49.61538461538461,0,1.0096153846153846]
[3,49.61538461538461,0,1.0096153846153846]
[6,49.75961538461538,0,1.0096153846153846]
[3,49.75961538461538,0,1.0096153846153846]
[2,49.90384615384615,0,0.28846153846153844]
[5,49.90384615384615,0,0.28846153846153844]
[2,50.04807692307692,0,0.28846153846153844]
[5,50.04807692307692,0,0.28846153846153844]
[1,50.19230769230769,0,0.28846153846153844]
[4,50.19230769230769,0,0.28846153846153844]
[4,50.33653846153846,0,0.28846153846153844]
[1,50.33653846153846,0,0.28846153846153844]
[8,50.480769230769226,0,1.0096153846153846]
[7,50.55288461538461,0,1.0096153846153846]
[3,50.625,0,1.0096153846153846]
[4,50.69711538461538,0,1.0096153846153846]
[2,50.76923076923077,0,1.0096153846153846]
[1,50.76923076923077,0,1.0096153846153846]
[6,50.91346153846154,0,1.0096153846153846]
[4,51.05769230769231,0,0.5769230769230769]
[5,51.05769230769231,0,0.5769230769230769]
[3,51.20192307692307,0,0.5769230769230769]
[7,51.34615384615385,0,0.5769230769230769]
[8,51.34615384615385,0,0.5769230769230769]
[0,51.49038461538461,0,0.5769230769230769]
[4,51.63461538461538,0,0.5769230769230769]
[5,51.63461538461538,0,0.5769230769230769]
[3,51.77884615384615,0,0.5769230769230769]
[1,51.92307692307692,0,0.5769230769230769]
[2,51.92307692307692,0,0.5769230769230769]
[6,52.06730769230769,0,0.5769230769230769]
[4,52.21153846153846,0,0.5769230769230769]
[5,52.21153846153846,0,0.5769230769230769]
[3,52.355769230769226,0,0.5769230769230769]
[7,52.5,0,0.5769230769230769]
[8,52.5,0,0.5769230769230769]
[0,52.64423076923077,0,0.14423076923076922]
[1,52.71634615384615,0,1.0096153846153846]
[2,52.78846153846154,0,0.14423076923076922]
[6,53.07692307692307,0,1.0096153846153846]
[0,53.07692307692307,0,0.28846153846153844]
[6,53.22115384615385,0,1.0096153846153846]
[0,53.22115384615385,0,0.28846153846153844]
[8,53.36538461538461,0,1.0096153846153846]
[5,53.36538461538461,0,0.28846153846153844]
[8,53.50961538461538,0,1.0096153846153846]
[5,53.50961538461538,0,0.28846153846153844]
[4,53.65384615384615,0,1.0096153846153846]
[1,53.65384615384615,0,1.0096153846153846]
[4,53.79807692307692,0,1.0096153846153846]
[1,53.79807692307692,0,1.0096153846153846]
[5,53.94230769230769,0,1.2980769230769231]
[2,53.94230769230769,0,1.2980769230769231]
[6,54.08653846153846,1,0.28846153846153844]
[3,54.08653846153846,1,0.28846153846153844]
[7,54.375,0,0.28846153846153844]
[4,54.375,0,0.28846153846153844]
[3,54.51923076923077,0,0.28846153846153844]
[0,54.51923076923077,0,0.28846153846153844]
[3,54.66346153846154,0,0.28846153846153844]
[0,54.66346153846154,0,0.28846153846153844]
[5,54.80769230769231,0,0.14423076923076922]
[2,54.80769230769231,0,0.14423076923076922]
[5,54.95192307692307,0,0.14423076923076922]
[2,54.95192307692307,0,0.14423076923076922]
[6,55.09615384615385,0,0.14423076923076922]
[7,55.168269230769226,0,0.28846153846153844]
[5,55.24038461538461,0,0.14423076923076922]
[4,55.3125,0,0.28846153846153844]
[1,55.38461538461538,0,0.28846153846153844]
[0,55.38461538461538,0,0.14423076923076922]
[8,55.52884615384615,0,0.14423076923076922]
[4,55.67307692307692,0,0.28846153846153844]
[3,55.67307692307692,0,0.14423076923076922]
[5,55.81730769230769,0,0.14423076923076922]
[7,55.96153846153846,0,0.28846153846153844]
[6,55.96153846153846,0,0.14423076923076922]
[2,56.105769230769226,0,0.14423076923076922]
[4,56.25,0,0.28846153846153844]
[3,56.25,0,0.14423076923076922]
[5,56.39423076923077,0,0.14423076923076922]
[6,56.53846153846153,0,0.14423076923076922]
[7,56.61057692307692,0,0.28846153846153844]
[5,56.68269230769231,0,0.14423076923076922]
[4,56.75480769230769,0,0.28846153846153844]
[3,56.82692307692307,0,0.14423076923076922]
[2,56.97115384615385,0,0.14423076923076922]
[1,57.043269230769226,0,0.28846153846153844]
[3,57.11538461538461,0,0.14423076923076922]
[4,57.1875,0,0.28846153846153844]
[5,57.25961538461538,0,0.14423076923076922]
[6,57.40384615384615,0,0.14423076923076922]
[7,57.47596153846153,0,0.28846153846153844]
[5,57.54807692307692,0,0.14423076923076922]
[4,57.62019230769231,0,0.28846153846153844]
[3,57.69230769230769,0,0.28846153846153844]
[0,57.69230769230769,0,0.28846153846153844]
[2,57.83653846153846,0,0.28846153846153844]
[4,57.980769230769226,0,0.28846153846153844]
[1,57.980769230769226,0,0.28846153846153844]
[5,58.125,0,0.28846153846153844]
[6,58.26923076923077,0,0.28846153846153844]
[8,58.41346153846153,0,0.28846153846153844]
[8,58.55769230769231,0,0.28846153846153844]
[0,58.70192307692307,1,0.28846153846153844]
[1,58.70192307692307,1,0.28846153846153844]
[2,58.99038461538461,0,0.28846153846153844]
[3,59.13461538461538,0,0.28846153846153844]
[4,59.13461538461538,0,0.28846153846153844]
[8,59.27884615384615,0,0.28846153846153844]
[6,59.42307692307692,0,0.28846153846153844]
[7,59.49519230769231,0,0.28846153846153844]
[5,59.56730769230769,0,0.28846153846153844]
[4,59.63942307692307,0,0.28846153846153844]
[1,59.71153846153846,0,0.28846153846153844]
[0,59.71153846153846,0,0.28846153846153844]
[0,59.855769230769226,0,0.28846153846153844]
[1,59.855769230769226,0,0.28846153846153844]
[8,60,0,0.28846153846153844]
[5,60,0,0.28846153846153844]
[6,60.14423076923077,0,0.28846153846153844]
[7,60.28846153846153,0,0.28846153846153844]
[4,60.28846153846153,0,0.28846153846153844]
[3,60.43269230769231,0,0.28846153846153844]
[2,60.57692307692307,0,0.28846153846153844]
[0,60.72115384615385,0,0.28846153846153844]
[0,60.86538461538461,0,0.28846153846153844]
[7,61.00961538461538,1,0.28846153846153844]
[8,61.00961538461538,1,0.28846153846153844]
[6,61.29807692307692,0,0.28846153846153844]
[5,61.44230769230769,0,0.28846153846153844]
[4,61.44230769230769,0,0.28846153846153844]
[0,61.58653846153846,0,0.28846153846153844]
[2,61.730769230769226,0,0.28846153846153844]
[1,61.80288461538461,0,0.28846153846153844]
[3,61.875,0,0.28846153846153844]
[4,61.94711538461538,0,0.28846153846153844]
[8,62.01923076923077,0,0.28846153846153844]
[7,62.01923076923077,0,0.28846153846153844]
[7,62.16346153846153,0,0.28846153846153844]
[8,62.16346153846153,0,0.28846153846153844]
[6,62.30769230769231,0,0.28846153846153844]
[3,62.30769230769231,0,0.28846153846153844]
[2,62.45192307692307,0,0.28846153846153844]
[7,62.59615384615385,0,0.28846153846153844]
[4,62.59615384615385,0,0.28846153846153844]
[5,62.74038461538461,0,0.28846153846153844]
[0,62.88461538461538,0,0.28846153846153844]
[8,63.02884615384615,0,0.28846153846153844]
[8,63.17307692307692,0,0.28846153846153844]
[6,63.31730769230769,1,0.28846153846153844]
[7,63.31730769230769,1,0.28846153846153844]
[2,63.605769230769226,0,0.28846153846153844]
[3,63.75,0,0.28846153846153844]
[4,63.75,0,0.28846153846153844]
[8,63.89423076923077,0,0.28846153846153844]
[0,64.03846153846153,0,0.28846153846153844]
[1,64.11057692307692,0,0.28846153846153844]
[5,64.1826923076923,0,0.28846153846153844]
[4,64.2548076923077,0,0.28846153846153844]
[6,64.32692307692308,0,0.28846153846153844]
[7,64.32692307692308,0,0.28846153846153844]
[6,64.47115384615384,0,0.28846153846153844]
[7,64.47115384615384,0,0.28846153846153844]
[2,64.61538461538461,0,0.28846153846153844]
[5,64.61538461538461,0,0.28846153846153844]
[0,64.75961538461539,0,0.28846153846153844]
[1,64.90384615384615,0,0.28846153846153844]
[4,64.90384615384615,0,0.28846153846153844]
[3,65.04807692307692,0,0.28846153846153844]
[8,65.1923076923077,0,0.28846153846153844]
[6,65.33653846153845,0,0.28846153846153844]
[6,65.48076923076923,0,0.28846153846153844]
[2,65.625,1,0.28846153846153844]
[1,65.625,1,0.28846153846153844]
[6,65.91346153846153,0,0.28846153846153844]
[5,66.0576923076923,0,0.28846153846153844]
[4,66.0576923076923,0,0.28846153846153844]
[0,66.20192307692308,0,0.28846153846153844]
[8,66.34615384615384,0,0.28846153846153844]
[7,66.41826923076923,0,0.28846153846153844]
[3,66.49038461538461,0,0.28846153846153844]
[4,66.5625,0,0.28846153846153844]
[2,66.63461538461539,0,0.28846153846153844]
[1,66.63461538461539,0,0.28846153846153844]
[6,66.77884615384615,0,0.28846153846153844]
[7,66.85096153846153,0,0.28846153846153844]
[8,66.92307692307692,1,1.1538461538461537]
[5,66.92307692307692,1,1.1538461538461537]
[0,68.50961538461539,0,0.28846153846153844]
[1,68.58173076923077,0,0.28846153846153844]
[2,68.65384615384615,0,0.28846153846153844]
[3,68.79807692307692,0,0.28846153846153844]
[5,68.9423076923077,0,0.28846153846153844]
[6,69.08653846153845,0,0.28846153846153844]
[8,69.23076923076923,0,0.28846153846153844]
[5,69.375,0,0.28846153846153844]
[4,69.51923076923077,0,0.28846153846153844]
[4,69.66346153846153,0,0.28846153846153844]
[8,69.8076923076923,0,0.28846153846153844]
[5,69.95192307692308,0,0.28846153846153844]
[3,70.09615384615384,0,1.0096153846153846]
[3,70.24038461538461,0,0.28846153846153844]
[8,70.38461538461539,0,0.28846153846153844]
[5,70.52884615384615,0,0.28846153846153844]
[1,70.67307692307692,0,0.28846153846153844]
[1,70.8173076923077,0,0.28846153846153844]
[8,70.96153846153845,0,0.28846153846153844]
[5,71.10576923076923,0,0.28846153846153844]
[0,71.25,0,0.28846153846153844]
[2,71.39423076923077,0,0.28846153846153844]
[3,71.46634615384615,0,0.28846153846153844]
[5,71.53846153846153,1,1.0096153846153846]
[8,71.53846153846153,1,1.0096153846153846]
[6,72.54807692307692,0,1.0096153846153846]
[2,72.6201923076923,0,1.0096153846153846]
[0,73.125,0,1.0096153846153846]
[1,73.19711538461539,0,1.0096153846153846]
[2,73.26923076923077,0,1.0096153846153846]
[3,73.41346153846153,0,1.0096153846153846]
[5,73.5576923076923,0,0.28846153846153844]
[6,73.70192307692308,0,1.0096153846153846]
[8,73.84615384615384,0,1.0096153846153846]
[5,73.99038461538461,0,1.0096153846153846]
[4,74.13461538461539,0,1.0096153846153846]
[4,74.27884615384615,0,0.28846153846153844]
[8,74.42307692307692,0,1.0096153846153846]
[5,74.5673076923077,0,1.0096153846153846]
[3,74.71153846153845,0,1.0096153846153846]
[3,74.85576923076923,0,0.28846153846153844]
[8,75,0,1.0096153846153846]
[5,75.14423076923077,0,1.0096153846153846]
[1,75.28846153846153,0,1.0096153846153846]
[1,75.4326923076923,0,0.28846153846153844]
[5,75.57692307692308,0,0.28846153846153844]
[8,75.72115384615384,0,0.28846153846153844]
[0,75.86538461538461,0,0.28846153846153844]
[2,76.00961538461539,0,1.0096153846153846]
[3,76.08173076923077,0,0.28846153846153844]
[8,76.15384615384615,1,1.0096153846153846]
[5,76.15384615384615,1,1.0096153846153846]
[6,77.16346153846153,0,1.0096153846153846]
[2,77.23557692307692,0,1.0096153846153846]
[0,77.74038461538461,0,1.0096153846153846]
[1,77.8125,0,1.0096153846153846]
[2,77.88461538461539,0,1.0096153846153846]
[3,78.02884615384615,0,1.0096153846153846]
[5,78.17307692307692,0,0.28846153846153844]
[6,78.3173076923077,0,1.0096153846153846]
[8,78.46153846153845,0,1.0096153846153846]
[5,78.60576923076923,0,1.0096153846153846]
[4,78.75,0,1.0096153846153846]
[4,78.89423076923077,0,0.28846153846153844]
[8,79.03846153846153,0,1.0096153846153846]
[5,79.1826923076923,0,1.0096153846153846]
[3,79.32692307692308,0,0.28846153846153844]
[3,79.47115384615384,0,0.28846153846153844]
[8,79.61538461538461,0,1.0096153846153846]
[5,79.75961538461539,0,1.0096153846153846]
[1,79.90384615384615,0,1.0096153846153846]
[1,80.04807692307692,0,0.28846153846153844]
[8,80.1923076923077,0,1.0096153846153846]
[5,80.33653846153845,0,1.0096153846153846]
[0,80.48076923076923,0,1.0096153846153846]
[2,80.625,0,0.28846153846153844]
[3,80.69711538461539,0,0.28846153846153844]
[8,80.76923076923076,1,1.0096153846153846]
[5,80.76923076923076,1,1.0096153846153846]
[6,81.77884615384615,0,1.0096153846153846]
[2,81.85096153846153,0,1.0096153846153846]
[0,82.35576923076923,0,1.0096153846153846]
[1,82.42788461538461,0,1.0096153846153846]
[2,82.5,0,1.0096153846153846]
[3,82.64423076923076,0,1.0096153846153846]
[5,82.78846153846153,0,0.28846153846153844]
[6,82.9326923076923,0,0.28846153846153844]
[8,83.07692307692308,0,1.0096153846153846]
[5,83.22115384615384,0,1.0096153846153846]
[4,83.36538461538461,0,1.0096153846153846]
[7,83.50961538461539,0,1.0096153846153846]
[8,83.65384615384615,0,1.0096153846153846]
[5,83.79807692307692,0,0.28846153846153844]
[3,83.9423076923077,0,0.28846153846153844]
[6,84.08653846153845,0,1.0096153846153846]
[8,84.23076923076923,0,0.28846153846153844]
[5,84.375,0,0.28846153846153844]
[1,84.51923076923076,0,0.28846153846153844]
[4,84.66346153846153,0,0.28846153846153844]
[8,84.8076923076923,0,0.28846153846153844]
[5,84.95192307692308,0,0.28846153846153844]
[0,85.09615384615384,0,0.28846153846153844]
[1,85.16826923076923,0,0.28846153846153844]
[2,85.24038461538461,0,0.28846153846153844]
[1,85.3125,0,0.28846153846153844]
[3,85.38461538461539,0,0.28846153846153844]
[6,85.38461538461539,0,0.28846153846153844]
[4,85.52884615384615,0,0.28846153846153844]
[7,85.52884615384615,0,0.28846153846153844]
[5,85.67307692307692,0,0.28846153846153844]
[8,85.67307692307692,0,0.28846153846153844]
[5,85.8173076923077,0,0.28846153846153844]
[8,85.8173076923077,0,0.28846153846153844]
[0,86.10576923076923,1,0.28846153846153844]
[6,86.10576923076923,1,0.28846153846153844]
[2,86.39423076923076,1,0.28846153846153844]
[8,86.39423076923076,1,0.28846153846153844]
[3,86.6826923076923,0,0.28846153846153844]
[5,86.82692307692308,0,0.28846153846153844]
[6,86.97115384615384,0,0.28846153846153844]
[7,86.97115384615384,0,0.28846153846153844]
[4,87.11538461538461,0,0.28846153846153844]
[5,87.11538461538461,0,0.28846153846153844]
[0,87.25961538461539,0,0.28846153846153844]
[1,87.25961538461539,0,0.28846153846153844]
[0,87.40384615384615,0,0.28846153846153844]
[1,87.40384615384615,0,0.28846153846153844]
[7,87.54807692307692,1,0.28846153846153844]
[8,87.54807692307692,1,0.28846153846153844]
[3,87.83653846153845,1,0.28846153846153844]
[4,87.83653846153845,1,0.28846153846153844]
[2,88.125,1,0.28846153846153844]
[1,88.125,1,0.28846153846153844]
[6,88.41346153846153,0,0.28846153846153844]
[7,88.41346153846153,0,0.28846153846153844]
[4,88.5576923076923,0,0.28846153846153844]
[5,88.5576923076923,0,0.28846153846153844]
[0,88.70192307692308,0,0.28846153846153844]
[1,88.70192307692308,0,0.28846153846153844]
[7,88.84615384615384,0,0.28846153846153844]
[8,88.84615384615384,0,0.28846153846153844]
[3,88.99038461538461,0,0.28846153846153844]
[4,88.99038461538461,0,0.28846153846153844]
[1,89.13461538461539,0,0.28846153846153844]
[2,89.13461538461539,0,0.28846153846153844]
[7,89.27884615384615,1,0.28846153846153844]
[6,89.27884615384615,1,0.28846153846153844]
[2,89.5673076923077,0,0.28846153846153844]
[1,89.5673076923077,0,0.28846153846153844]
[6,89.85576923076923,0,0.28846153846153844]
[3,89.85576923076923,0,0.28846153846153844]
[5,90,0,0.28846153846153844]
[2,90,0,0.28846153846153844]
[4,90.14423076923076,0,0.28846153846153844]
[1,90.14423076923076,0,0.28846153846153844]
[3,90.28846153846153,0,0.28846153846153844]
[0,90.28846153846153,0,0.28846153846153844]
[3,90.4326923076923,0,0.28846153846153844]
[0,90.4326923076923,0,0.28846153846153844]
[8,90.72115384615384,0,0.28846153846153844]
[5,90.72115384615384,0,0.28846153846153844]
[0,91.00961538461539,1,0.28846153846153844]
[6,91.00961538461539,1,0.28846153846153844]
[8,91.29807692307692,1,0.28846153846153844]
[2,91.29807692307692,1,0.28846153846153844]
[6,91.58653846153845,1,0.28846153846153844]
[0,91.58653846153845,1,0.28846153846153844]
[8,91.875,0,0.28846153846153844]
[2,91.875,0,0.28846153846153844]
[8,92.01923076923076,0,0.28846153846153844]
[2,92.01923076923076,0,0.28846153846153844]
[8,92.16346153846153,0,0.28846153846153844]
[2,92.16346153846153,0,0.28846153846153844]
[3,92.3076923076923,0,0.28846153846153844]
[3,92.45192307692308,0,0.28846153846153844]
[5,92.59615384615384,0,0.28846153846153844]
[5,92.74038461538461,0,0.28846153846153844]
[3,92.88461538461539,0,0.28846153846153844]
[3,93.02884615384615,0,0.28846153846153844]
[5,93.17307692307692,0,0.28846153846153844]
[5,93.3173076923077,0,0.28846153846153844]
[3,93.46153846153845,0,0.28846153846153844]
[3,93.60576923076923,0,0.28846153846153844]
[5,93.75,0,0.28846153846153844]
[5,93.89423076923076,0,0.28846153846153844]
[3,94.03846153846153,0,0.28846153846153844]
[3,94.1826923076923,0,0.28846153846153844]
[2,94.32692307692308,0,0.14423076923076922]
[1,94.39903846153845,0,0.14423076923076922]
[0,94.47115384615384,0,0.14423076923076922]
[1,94.54326923076923,0,0.14423076923076922]
[8,94.61538461538461,0,0.28846153846153844]
[5,94.61538461538461,0,0.28846153846153844]
[4,94.75961538461539,0,0.28846153846153844]
[7,94.75961538461539,0,0.28846153846153844]
[6,94.90384615384615,0,0.28846153846153844]
[3,94.90384615384615,0,0.28846153846153844]
[6,95.04807692307692,0,0.28846153846153844]
[3,95.04807692307692,0,0.28846153846153844]
[8,95.33653846153845,1,0.28846153846153844]
[2,95.33653846153845,1,0.28846153846153844]
[6,95.625,1,0.28846153846153844]
[0,95.625,1,0.28846153846153844]
[5,95.91346153846153,0,0.28846153846153844]
[3,96.0576923076923,0,0.28846153846153844]
[8,96.20192307692308,0,0.28846153846153844]
[7,96.20192307692308,0,0.28846153846153844]
[0,96.34615384615384,0,0.28846153846153844]
[1,96.41826923076923,0,0.28846153846153844]
[5,96.49038461538461,0,0.14423076923076922]
[4,96.5625,0,0.14423076923076922]
[3,96.63461538461539,0,0.28846153846153844]
[4,96.70673076923076,0,0.28846153846153844]
[8,96.77884615384615,0,0.28846153846153844]
[7,96.85096153846153,0,0.28846153846153844]
[1,96.92307692307692,0,0.28846153846153844]
[0,96.92307692307692,0,0.28846153846153844]
[5,97.0673076923077,0,0.28846153846153844]
[4,97.0673076923077,0,0.28846153846153844]
[6,97.21153846153845,0,0.28846153846153844]
[7,97.21153846153845,0,0.28846153846153844]
[1,97.35576923076923,0,0.28846153846153844]
[2,97.35576923076923,0,0.28846153846153844]
[3,97.5,0,0.28846153846153844]
[4,97.5,0,0.28846153846153844]
[7,97.64423076923076,0,0.28846153846153844]
[8,97.64423076923076,0,0.28846153846153844]
[0,97.78846153846153,0,0.28846153846153844]
[1,97.78846153846153,0,0.28846153846153844]
[5,97.9326923076923,0,0.28846153846153844]
[4,97.9326923076923,0,0.28846153846153844]
[6,98.07692307692308,0,0.28846153846153844]
[7,98.07692307692308,0,0.28846153846153844]
[1,98.22115384615384,0,0.28846153846153844]
[2,98.22115384615384,0,0.28846153846153844]
[3,98.36538461538461,0,0.28846153846153844]
[4,98.36538461538461,0,0.28846153846153844]
[7,98.50961538461539,1,0.28846153846153844]
[8,98.50961538461539,1,0.28846153846153844]
[3,98.79807692307692,0,0.28846153846153844]
[4,98.79807692307692,0,0.28846153846153844]
[2,98.9423076923077,0,0.28846153846153844]
[1,99.01442307692308,0,0.28846153846153844]
[0,99.08653846153845,0,0.14423076923076922]
[1,99.15865384615384,0,0.14423076923076922]
[5,99.23076923076923,0,0.28846153846153844]
[8,99.23076923076923,0,0.14423076923076922]
[4,99.375,0,0.28846153846153844]
[7,99.375,0,0.14423076923076922]
[3,99.51923076923076,0,0.28846153846153844]
[6,99.51923076923076,0,0.14423076923076922]
[3,99.66346153846153,0,0.28846153846153844]
[6,99.66346153846153,0,0.14423076923076922]
[5,99.95192307692308,0,0.28846153846153844]
[2,99.95192307692308,0,0.14423076923076922]
[6,100.24038461538461,1,0.28846153846153844]
[0,100.24038461538461,1,0.28846153846153844]
[8,100.52884615384615,0,0.28846153846153844]
[2,100.52884615384615,0,0.28846153846153844]
[8,100.67307692307692,0,0.28846153846153844]
[2,100.67307692307692,0,0.28846153846153844]
[2,100.8173076923077,0,0.28846153846153844]
[8,100.8173076923077,0,0.28846153846153844]
[0,100.96153846153845,0,0.5769230769230769]
[6,100.96153846153845,0,0.5769230769230769]
[0,101.10576923076923,0,0.5769230769230769]
[6,101.10576923076923,0,0.5769230769230769]
[5,101.25,0,0.5769230769230769]
[4,101.32211538461539,0,0.5769230769230769]
[3,101.39423076923076,0,0.5769230769230769]
[8,101.53846153846153,0,0.28846153846153844]
[7,101.53846153846153,0,0.28846153846153844]
[3,101.82692307692308,0,0.28846153846153844]
[2,102.11538461538461,0,0.28846153846153844]
[2,102.25961538461539,0,0.28846153846153844]
[3,102.40384615384615,0,0.28846153846153844]
[8,102.6923076923077,0,0.28846153846153844]
[8,102.83653846153845,0,0.28846153846153844]
[3,102.98076923076923,0,0.28846153846153844]
[2,103.125,0,0.28846153846153844]
[1,103.19711538461539,0,0.28846153846153844]
[0,103.26923076923076,0,0.28846153846153844]
[5,103.41346153846153,0,0.28846153846153844]
[6,103.5576923076923,0,0.5769230769230769]
[8,103.70192307692308,0,0.28846153846153844]
[3,103.84615384615384,0,0.28846153846153844]
[6,103.99038461538461,0,0.28846153846153844]
[5,104.13461538461539,0,0.28846153846153844]
[5,104.27884615384615,0,0.28846153846153844]
[1,104.42307692307692,0,0.28846153846153844]
[4,104.5673076923077,0,0.28846153846153844]
[2,104.71153846153845,0,0.28846153846153844]
[2,104.85576923076923,0,0.28846153846153844]
[4,105,0,0.28846153846153844]
[7,105.14423076923076,0,0.28846153846153844]
[5,105.28846153846153,0,0.28846153846153844]
[5,105.4326923076923,0,0.28846153846153844]
[0,105.57692307692308,0,0.28846153846153844]
[3,105.72115384615384,0,0.28846153846153844]
[2,105.86538461538461,0,0.28846153846153844]
[6,106.00961538461539,0,1.0096153846153846]
[5,106.08173076923076,0,1.0096153846153846]
[3,106.15384615384615,1,1.0096153846153846]
[0,106.15384615384615,1,1.0096153846153846]
[2,107.16346153846153,0,1.0096153846153846]
[6,107.23557692307692,0,1.0096153846153846]
[2,107.74038461538461,0,0.28846153846153844]
[1,107.8125,0,0.28846153846153844]
[0,107.88461538461539,0,0.28846153846153844]
[5,108.02884615384615,0,0.28846153846153844]
[6,108.17307692307692,0,0.5769230769230769]
[8,108.3173076923077,0,0.28846153846153844]
[3,108.46153846153845,0,0.28846153846153844]
[6,108.60576923076923,0,0.28846153846153844]
[5,108.75,0,0.28846153846153844]
[5,108.89423076923076,0,0.28846153846153844]
[1,109.03846153846153,0,0.28846153846153844]
[4,109.1826923076923,0,0.28846153846153844]
[2,109.32692307692308,0,0.28846153846153844]
[2,109.47115384615384,0,0.28846153846153844]
[4,109.61538461538461,0,0.28846153846153844]
[7,109.75961538461539,0,0.28846153846153844]
[5,109.90384615384615,0,0.28846153846153844]
[5,110.04807692307692,0,0.28846153846153844]
[3,110.1923076923077,0,0.28846153846153844]
[0,110.33653846153845,0,0.28846153846153844]
[2,110.48076923076923,0,0.28846153846153844]
[6,110.62499999999999,0,1.0096153846153846]
[5,110.69711538461536,0,1.0096153846153846]
[3,110.76923076923075,1,1.0096153846153846]
[0,110.76923076923075,1,1.0096153846153846]
[2,111.77884615384613,0,1.0096153846153846]
[6,111.85096153846152,0,1.0096153846153846]
[2,112.35576923076923,0,1.0096153846153846]
[1,112.42788461538461,0,1.0096153846153846]
[0,112.5,0,1.0096153846153846]
[5,112.64423076923076,0,1.0096153846153846]
[6,112.78846153846153,0,0.5769230769230769]
[8,112.9326923076923,0,1.0096153846153846]
[3,113.07692307692307,0,1.0096153846153846]
[6,113.22115384615384,0,0.28846153846153844]
[5,113.36538461538461,0,1.0096153846153846]
[5,113.50961538461539,0,1.0096153846153846]
[1,113.65384615384615,0,0.28846153846153844]
[4,113.79807692307692,0,0.28846153846153844]
[2,113.9423076923077,0,0.28846153846153844]
[2,114.08653846153845,0,0.28846153846153844]
[4,114.23076923076923,0,0.28846153846153844]
[7,114.375,0,0.28846153846153844]
[5,114.51923076923076,0,1.0096153846153846]
[5,114.66346153846153,0,1.0096153846153846]
[0,114.8076923076923,0,1.0096153846153846]
[3,114.95192307692307,0,0.28846153846153844]
[2,115.09615384615384,0,1.0096153846153846]
[6,115.2403846153846,0,1.0096153846153846]
[5,115.31249999999997,0,1.0096153846153846]
[3,115.38461538461536,1,1.0096153846153846]
[0,115.38461538461536,1,1.0096153846153846]
[2,116.39423076923075,0,1.0096153846153846]
[6,116.46634615384613,0,1.0096153846153846]
[2,116.97115384615384,0,1.0096153846153846]
[1,117.04326923076923,0,1.0096153846153846]
[0,117.11538461538461,0,1.0096153846153846]
[8,117.40384615384615,0,1.0096153846153846]
[6,117.54807692307692,0,1.0096153846153846]
[5,117.6923076923077,0,1.0096153846153846]
[5,117.83653846153845,0,1.0096153846153846]
[3,117.98076923076923,0,1.0096153846153846]
[3,118.125,0,1.0096153846153846]
[8,118.26923076923076,0,1.0096153846153846]
[8,118.41346153846153,0,1.0096153846153846]
[6,118.5576923076923,0,1.0096153846153846]
[6,118.70192307692307,0,1.0096153846153846]
[5,118.84615384615384,0,1.0096153846153846]
[5,118.99038461538461,0,1.0096153846153846]
[3,119.13461538461539,0,1.0096153846153846]
[3,119.27884615384615,0,1.0096153846153846]
[2,119.42307692307692,0,1.0096153846153846]
[2,119.5673076923077,0,1.0096153846153846]
[0,119.71153846153845,0,1.0096153846153846]
[8,120,1,0.43269230769230765]
[7,120.4326923076923,1,0.5769230769230769]
[5,121.00961538461539,1,1.2980769230769231]
[0,122.3076923076923,1,0.43269230769230765]
[1,122.74038461538461,1,0.5769230769230769]
[3,123.3173076923077,1,1.2980769230769231]
[2,124.61538461538461,1,0.43269230769230765]
[1,125.04807692307692,1,0.5769230769230769]
[5,125.625,1,1.2980769230769231]
[6,126.92307692307692,1,0.43269230769230765]
[7,127.35576923076923,1,0.5769230769230769]
[5,127.9326923076923,1,1.2980769230769231]
[3,127.9326923076923,1,1.2980769230769231]
[4,129.23076923076923,1,0.14423076923076922]
[6,129.375,1,0.14423076923076922]
[8,129.51923076923077,1,0.14423076923076922]
[1,129.66346153846155,1,0.28846153846153844]
[0,129.66346153846155,1,0.28846153846153844]
[5,129.95192307692307,1,0.14423076923076922]
[3,130.09615384615384,1,0.14423076923076922]
[2,130.2403846153846,1,0.3605769230769231]
[8,130.60096153846155,0,0.3605769230769231]
[1,130.6730769230769,1,0.21634615384615383]
[7,130.88942307692307,0,0.21634615384615383]
[0,130.96153846153845,1,0.21634615384615383]
[6,131.1778846153846,0,0.21634615384615383]
[1,131.25,1,0.28846153846153844]
[4,131.53846153846155,1,0.14423076923076922]
[3,131.6826923076923,1,0.14423076923076922]
[8,131.82692307692307,1,0.14423076923076922]
[7,131.97115384615384,1,0.28846153846153844]
[6,131.97115384615384,1,0.28846153846153844]
[2,132.2596153846154,1,0.14423076923076922]
[0,132.40384615384616,1,0.14423076923076922]
[8,132.5480769230769,1,0.3605769230769231]
[5,132.5480769230769,1,0.3605769230769231]
[3,132.90865384615384,0,0.14423076923076922]
[4,132.98076923076923,1,0.21634615384615383]
[1,132.98076923076923,1,0.21634615384615383]
[6,133.1971153846154,0,0.21634615384615383]
[5,133.26923076923077,0,0.21634615384615383]
[2,133.26923076923077,0,0.21634615384615383]
[0,133.41346153846155,0,0.21634615384615383]
[4,133.5576923076923,0,0.28846153846153844]
[7,133.5576923076923,0,0.28846153846153844]
[6,133.84615384615384,1,0.14423076923076922]
[5,133.9903846153846,1,0.14423076923076922]
[0,134.1346153846154,1,0.14423076923076922]
[8,134.27884615384616,1,0.28846153846153844]
[7,134.27884615384616,1,0.28846153846153844]
[3,134.56730769230768,1,0.14423076923076922]
[2,134.71153846153845,1,0.14423076923076922]
[0,134.85576923076923,1,0.3605769230769231]
[6,135.21634615384616,0,0.28846153846153844]
[1,135.28846153846155,1,0.21634615384615383]
[7,135.50480769230768,0,0.28846153846153844]
[2,135.57692307692307,1,0.21634615384615383]
[8,135.79326923076923,0,0.28846153846153844]
[1,135.8653846153846,1,0.28846153846153844]
[4,136.15384615384616,1,0.14423076923076922]
[5,136.2980769230769,1,0.14423076923076922]
[6,136.44230769230768,1,0.14423076923076922]
[7,136.58653846153845,1,0.28846153846153844]
[8,136.58653846153845,1,0.28846153846153844]
[0,136.875,1,0.14423076923076922]
[5,137.01923076923077,1,0.14423076923076922]
[6,137.16346153846155,1,0.3605769230769231]
[3,137.16346153846155,1,0.3605769230769231]
[2,137.52403846153845,0,0.3605769230769231]
[4,137.59615384615384,1,0.21634615384615383]
[1,137.59615384615384,1,0.21634615384615383]
[8,137.8125,0,0.21634615384615383]
[3,137.8846153846154,0,0.21634615384615383]
[0,137.8846153846154,0,0.21634615384615383]
[5,138.02884615384616,0,0.21634615384615383]
[7,138.1730769230769,0,0.21634615384615383]
[4,138.1730769230769,0,0.21634615384615383]
[2,138.31730769230768,0,0.21634615384615383]
[6,138.46153846153845,1,1.1538461538461537]
[8,139.6153846153846,0,0.28846153846153844]
[5,139.6153846153846,0,0.28846153846153844]
[3,139.7596153846154,0,0.14423076923076922]
[0,139.7596153846154,0,0.14423076923076922]
[3,139.90384615384616,0,0.14423076923076922]
[0,139.90384615384616,0,0.14423076923076922]
[2,140.0480769230769,0,0.14423076923076922]
[8,140.0480769230769,0,0.28846153846153844]
[2,140.19230769230768,0,0.14423076923076922]
[8,140.19230769230768,0,0.28846153846153844]
[6,140.33653846153845,0,0.14423076923076922]
[3,140.33653846153845,0,0.14423076923076922]
[6,140.48076923076923,0,0.14423076923076922]
[3,140.48076923076923,0,0.14423076923076922]
[8,140.625,1,0.28846153846153844]
[7,140.625,1,0.28846153846153844]
[3,140.91346153846155,0,0.28846153846153844]
[4,140.91346153846155,0,0.28846153846153844]
[2,141.0576923076923,0,0.28846153846153844]
[1,141.0576923076923,0,0.28846153846153844]
[6,141.20192307692307,0,0.28846153846153844]
[7,141.20192307692307,0,0.28846153846153844]
[5,141.34615384615384,0,0.28846153846153844]
[4,141.34615384615384,0,0.28846153846153844]
[0,141.4903846153846,0,0.28846153846153844]
[1,141.4903846153846,0,0.28846153846153844]
[8,141.6346153846154,0,0.28846153846153844]
[7,141.70673076923077,0,0.28846153846153844]
[3,141.77884615384616,0,0.28846153846153844]
[4,141.85096153846155,0,0.28846153846153844]
[2,141.9230769230769,0,0.28846153846153844]
[5,141.9230769230769,0,0.28846153846153844]
[0,142.06730769230768,0,0.28846153846153844]
[6,142.06730769230768,0,0.28846153846153844]
[0,142.21153846153845,0,0.28846153846153844]
[6,142.21153846153845,0,0.28846153846153844]
[4,142.35576923076923,0,0.28846153846153844]
[7,142.35576923076923,0,0.28846153846153844]
[4,142.5,0,0.28846153846153844]
[7,142.5,0,0.28846153846153844]
[0,142.64423076923077,0,0.28846153846153844]
[3,142.64423076923077,0,0.28846153846153844]
[0,142.78846153846155,0,0.28846153846153844]
[3,142.78846153846155,0,0.28846153846153844]
[2,142.9326923076923,1,0.28846153846153844]
[1,142.9326923076923,1,0.28846153846153844]
[6,143.22115384615384,0,0.28846153846153844]
[7,143.22115384615384,0,0.28846153846153844]
[5,143.3653846153846,0,0.28846153846153844]
[4,143.3653846153846,0,0.28846153846153844]
[1,143.5096153846154,0,0.28846153846153844]
[0,143.5096153846154,0,0.28846153846153844]
[8,143.65384615384616,0,0.28846153846153844]
[7,143.65384615384616,0,0.28846153846153844]
[3,143.7980769230769,0,0.28846153846153844]
[4,143.7980769230769,0,0.28846153846153844]
[2,143.94230769230768,0,0.28846153846153844]
[1,144.01442307692307,0,0.28846153846153844]
[3,144.08653846153845,0,1.0096153846153846]
[4,144.15865384615384,0,1.0096153846153846]
[8,144.23076923076923,0,0.28846153846153844]
[5,144.23076923076923,0,0.28846153846153844]
[0,144.375,0,0.28846153846153844]
[6,144.375,0,1.0096153846153846]
[0,144.51923076923077,0,0.28846153846153844]
[6,144.51923076923077,0,1.0096153846153846]
[2,144.66346153846155,0,0.28846153846153844]
[5,144.66346153846155,0,1.0096153846153846]
[2,144.8076923076923,0,0.28846153846153844]
[5,144.8076923076923,0,1.0096153846153846]
[6,144.95192307692307,0,0.28846153846153844]
[3,144.95192307692307,0,0.28846153846153844]
[6,145.09615384615384,0,0.28846153846153844]
[3,145.09615384615384,0,0.28846153846153844]
[5,145.2403846153846,1,0.28846153846153844]
[4,145.2403846153846,1,0.28846153846153844]
[6,145.52884615384616,0,0.28846153846153844]
[7,145.52884615384616,0,0.28846153846153844]
[2,145.6730769230769,0,0.28846153846153844]
[1,145.6730769230769,0,0.28846153846153844]
[3,145.81730769230768,0,0.28846153846153844]
[4,145.81730769230768,0,0.28846153846153844]
[8,145.96153846153845,0,0.28846153846153844]
[7,145.96153846153845,0,0.28846153846153844]
[0,146.10576923076923,0,0.28846153846153844]
[1,146.10576923076923,0,0.28846153846153844]
[8,146.25,0,1.0096153846153846]
[7,146.3221153846154,0,1.0096153846153846]
[3,146.39423076923077,0,1.0096153846153846]
[4,146.46634615384616,0,1.0096153846153846]
[5,146.53846153846155,0,0.28846153846153844]
[2,146.53846153846155,0,1.0096153846153846]
[0,146.6826923076923,0,0.28846153846153844]
[6,146.6826923076923,0,0.28846153846153844]
[0,146.82692307692307,0,0.28846153846153844]
[6,146.82692307692307,0,0.28846153846153844]
[1,146.97115384615384,0,0.28846153846153844]
[4,146.97115384615384,0,0.28846153846153844]
[1,147.1153846153846,0,0.28846153846153844]
[4,147.1153846153846,0,0.28846153846153844]
[3,147.2596153846154,0,0.28846153846153844]
[6,147.2596153846154,0,0.28846153846153844]
[3,147.40384615384616,0,0.28846153846153844]
[6,147.40384615384616,0,0.28846153846153844]
[4,147.5480769230769,1,0.28846153846153844]
[5,147.5480769230769,1,0.28846153846153844]
[6,147.83653846153845,0,0.28846153846153844]
[7,147.83653846153845,0,0.28846153846153844]
[2,147.98076923076923,0,0.28846153846153844]
[1,147.98076923076923,0,0.28846153846153844]
[3,148.125,0,0.28846153846153844]
[4,148.125,0,0.28846153846153844]
[7,148.26923076923077,0,0.28846153846153844]
[8,148.26923076923077,0,0.28846153846153844]
[0,148.41346153846155,0,0.28846153846153844]
[1,148.4855769230769,0,0.28846153846153844]
[5,148.5576923076923,0,0.28846153846153844]
[4,148.62980769230768,0,0.28846153846153844]
[6,148.70192307692307,0,0.28846153846153844]
[7,148.77403846153845,0,0.28846153846153844]
[8,148.84615384615384,1,0.14423076923076922]
[3,148.9903846153846,1,0.14423076923076922]
[2,149.1346153846154,1,0.14423076923076922]
[1,149.27884615384616,1,0.28846153846153844]
[0,149.27884615384616,1,0.28846153846153844]
[5,149.56730769230768,1,0.14423076923076922]
[6,149.71153846153845,1,0.14423076923076922]
[2,149.85576923076923,1,0.3605769230769231]
[8,150.21634615384616,0,0.28846153846153844]
[1,150.28846153846155,1,0.21634615384615383]
[7,150.50480769230768,0,0.28846153846153844]
[0,150.57692307692307,1,0.21634615384615383]
[6,150.79326923076923,0,0.28846153846153844]
[1,150.8653846153846,1,0.28846153846153844]
[4,151.15384615384616,1,0.14423076923076922]
[5,151.2980769230769,1,0.14423076923076922]
[6,151.44230769230768,1,0.14423076923076922]
[7,151.58653846153845,1,0.28846153846153844]
[8,151.58653846153845,1,0.28846153846153844]
[0,151.875,1,0.14423076923076922]
[5,152.01923076923077,1,0.14423076923076922]
[6,152.16346153846155,0,0.28846153846153844]
[3,152.16346153846155,0,0.28846153846153844]
[2,152.3076923076923,0,0.14423076923076922]
[2,152.45192307692307,0,0.28846153846153844]
[0,152.59615384615384,0,0.14423076923076922]
[1,152.66826923076923,0,0.14423076923076922]
[5,152.7403846153846,0,0.14423076923076922]
[4,152.8125,0,0.14423076923076922]
[3,152.8846153846154,0,0.28846153846153844]
[8,153.02884615384616,0,0.28846153846153844]
[6,153.1730769230769,0,0.28846153846153844]
[7,153.2451923076923,0,0.28846153846153844]
[5,153.31730769230768,0,0.28846153846153844]
[4,153.38942307692307,0,0.28846153846153844]
[3,153.46153846153845,1,0.14423076923076922]
[8,153.60576923076923,1,0.14423076923076922]
[0,153.75,1,0.14423076923076922]
[1,153.89423076923077,1,0.28846153846153844]
[2,153.89423076923077,1,0.28846153846153844]
[6,154.1826923076923,1,0.14423076923076922]
[5,154.32692307692307,1,0.14423076923076922]
[0,154.47115384615384,1,0.3605769230769231]
[6,154.83173076923077,0,0.21634615384615383]
[1,154.90384615384616,1,0.21634615384615383]
[7,155.1201923076923,0,0.21634615384615383]
[2,155.19230769230768,1,0.21634615384615383]
[8,155.40865384615384,0,0.21634615384615383]
[1,155.48076923076923,1,0.28846153846153844]
[4,155.76923076923077,1,0.14423076923076922]
[3,155.91346153846155,1,0.14423076923076922]
[2,156.0576923076923,1,0.14423076923076922]
[6,156.20192307692307,1,0.28846153846153844]
[7,156.20192307692307,1,0.28846153846153844]
[5,156.4903846153846,1,0.14423076923076922]
[0,156.6346153846154,1,0.14423076923076922]
[8,156.77884615384616,1,0.14423076923076922]
[6,156.9230769230769,1,0.14423076923076922]
[5,157.06730769230768,1,0.14423076923076922]
[3,157.21153846153845,1,0.14423076923076922]
[2,157.35576923076923,1,0.14423076923076922]
[0,157.5,0,0.14423076923076922]
[1,157.5721153846154,0,0.14423076923076922]
[5,157.64423076923077,0,0.14423076923076922]
[4,157.71634615384616,0,0.14423076923076922]
[6,157.78846153846155,0,0.14423076923076922]
[7,157.8605769230769,0,0.14423076923076922]
[2,157.9326923076923,0,0.14423076923076922]
[1,158.00480769230768,0,0.14423076923076922]
[3,158.07692307692307,0,0.14423076923076922]
[4,158.07692307692307,0,0.14423076923076922]
[8,158.22115384615384,0,0.28846153846153844]
[6,158.3653846153846,0,0.14423076923076922]
[5,158.5096153846154,0,0.14423076923076922]
[1,158.65384615384616,0,0.14423076923076922]
[0,158.65384615384616,0,0.14423076923076922]
[2,158.7980769230769,0,0.14423076923076922]
[3,158.94230769230768,0,0.14423076923076922]
[8,159.08653846153845,0,0.28846153846153844]
[5,159.08653846153845,0,0.28846153846153844]
[5,159.23076923076923,0,0.28846153846153844]
[8,159.23076923076923,0,0.28846153846153844]
[4,159.375,0,0.28846153846153844]
[3,159.375,0,0.28846153846153844]
[3,159.51923076923077,0,0.28846153846153844]
[4,159.51923076923077,0,0.28846153846153844]
[1,159.66346153846155,0,0.28846153846153844]
[2,159.66346153846155,0,0.28846153846153844]
[2,159.8076923076923,0,0.28846153846153844]
[1,159.8076923076923,0,0.28846153846153844]
[6,159.95192307692307,0,0.14423076923076922]
[5,160.09615384615384,0,0.28846153846153844]
[0,160.2403846153846,0,0.28846153846153844]
[8,160.3846153846154,0,0.28846153846153844]
[7,160.3846153846154,0,0.28846153846153844]
[3,160.52884615384616,0,0.14423076923076922]
[2,160.6730769230769,0,0.28846153846153844]
[0,160.81730769230768,0,0.28846153846153844]
[1,160.88942307692307,0,0.28846153846153844]
[5,160.96153846153845,0,0.28846153846153844]
[4,161.03365384615384,0,0.28846153846153844]
[6,161.10576923076923,0,0.28846153846153844]
[7,161.1778846153846,0,0.28846153846153844]
[8,161.25,0,0.14423076923076922]
[3,161.39423076923077,0,0.28846153846153844]
[0,161.39423076923077,0,0.28846153846153844]
[3,161.53846153846152,0,0.28846153846153844]
[0,161.53846153846152,0,0.28846153846153844]
[5,161.6826923076923,0,0.28846153846153844]
[8,161.6826923076923,0,0.28846153846153844]
[5,161.82692307692307,0,0.28846153846153844]
[8,161.82692307692307,0,0.28846153846153844]
[7,161.97115384615384,0,0.28846153846153844]
[6,161.97115384615384,0,0.28846153846153844]
[7,162.1153846153846,0,0.28846153846153844]
[6,162.1153846153846,0,0.28846153846153844]
[2,162.2596153846154,0,0.28846153846153844]
[0,162.40384615384616,0,0.28846153846153844]
[1,162.47596153846152,0,0.28846153846153844]
[5,162.5480769230769,0,0.28846153846153844]
[4,162.6201923076923,0,0.28846153846153844]
[6,162.69230769230768,0,0.28846153846153844]
[7,162.69230769230768,0,0.28846153846153844]
[1,162.83653846153845,0,0.28846153846153844]
[2,162.83653846153845,0,0.28846153846153844]
[3,162.98076923076923,0,0.28846153846153844]
[4,162.98076923076923,0,0.28846153846153844]
[8,163.125,0,0.28846153846153844]
[7,163.125,0,0.28846153846153844]
[0,163.26923076923077,0,0.28846153846153844]
[1,163.26923076923077,0,0.28846153846153844]
[8,163.41346153846152,0,0.28846153846153844]
[7,163.41346153846152,0,0.28846153846153844]
[4,163.5576923076923,0,0.28846153846153844]
[3,163.5576923076923,0,0.28846153846153844]
[2,163.70192307692307,0,0.28846153846153844]
[1,163.70192307692307,0,0.28846153846153844]
[6,163.84615384615384,0,0.28846153846153844]
[7,163.84615384615384,0,0.28846153846153844]
[7,163.9903846153846,0,0.28846153846153844]
[6,163.9903846153846,0,0.28846153846153844]
[8,164.1346153846154,0,0.28846153846153844]
[3,164.27884615384616,0,0.28846153846153844]
[0,164.27884615384616,0,0.28846153846153844]
[3,164.4230769230769,0,0.28846153846153844]
[0,164.4230769230769,0,0.28846153846153844]
[5,164.56730769230768,0,0.28846153846153844]
[4,164.56730769230768,0,0.28846153846153844]
[5,164.71153846153845,0,0.28846153846153844]
[4,164.71153846153845,0,0.28846153846153844]
[6,164.85576923076923,0,0.28846153846153844]
[2,165,0,0.28846153846153844]
[1,165,0,0.28846153846153844]
[3,165.14423076923077,0,0.28846153846153844]
[8,165.28846153846152,0,0.28846153846153844]
[0,165.4326923076923,0,0.28846153846153844]
[1,165.50480769230768,0,0.28846153846153844]
[5,165.57692307692307,0,0.28846153846153844]
[4,165.64903846153845,0,0.28846153846153844]
[6,165.72115384615384,0,0.28846153846153844]
[7,165.79326923076923,0,0.28846153846153844]
[8,165.8653846153846,0,0.14423076923076922]
[3,166.0096153846154,0,0.28846153846153844]
[0,166.0096153846154,0,0.28846153846153844]
[0,166.15384615384616,0,0.28846153846153844]
[3,166.15384615384616,0,0.28846153846153844]
[8,166.2980769230769,0,0.28846153846153844]
[5,166.2980769230769,0,0.28846153846153844]
[5,166.44230769230768,0,0.28846153846153844]
[8,166.44230769230768,0,0.28846153846153844]
[6,166.58653846153845,0,0.28846153846153844]
[7,166.58653846153845,0,0.28846153846153844]
[2,166.73076923076923,0,0.28846153846153844]
[1,166.8028846153846,0,0.28846153846153844]
[3,166.875,0,0.28846153846153844]
[4,166.9471153846154,0,0.28846153846153844]
[8,167.01923076923077,0,0.28846153846153844]
[7,167.09134615384616,0,0.28846153846153844]
[0,167.16346153846152,0,0.28846153846153844]
[1,167.2355769230769,0,0.28846153846153844]
[2,167.3076923076923,1,0.14423076923076922]
[3,167.45192307692307,1,0.14423076923076922]
[5,167.59615384615384,1,0.14423076923076922]
[7,167.7403846153846,1,0.28846153846153844]
[6,167.7403846153846,1,0.28846153846153844]
[8,168.02884615384616,1,0.14423076923076922]
[0,168.1730769230769,1,0.14423076923076922]
[2,168.31730769230768,0,0.14423076923076922]
[1,168.31730769230768,0,0.14423076923076922]
[4,168.46153846153845,0,0.28846153846153844]
[3,168.46153846153845,0,0.28846153846153844]
[8,168.60576923076923,0,0.28846153846153844]
[0,168.75,0,0.28846153846153844]
[5,168.89423076923077,0,0.28846153846153844]
[4,168.96634615384616,0,0.28846153846153844]
[6,169.03846153846152,0,0.28846153846153844]
[7,169.03846153846152,0,0.28846153846153844]
[7,169.1826923076923,0,0.28846153846153844]
[6,169.1826923076923,0,0.28846153846153844]
[2,169.32692307692307,0,0.28846153846153844]
[1,169.32692307692307,0,0.28846153846153844]
[2,169.47115384615384,0,0.28846153846153844]
[1,169.47115384615384,0,0.28846153846153844]
[3,169.6153846153846,1,0.14423076923076922]
[8,169.7596153846154,1,0.14423076923076922]
[0,169.90384615384616,1,0.14423076923076922]
[1,170.0480769230769,1,0.28846153846153844]
[2,170.0480769230769,1,0.28846153846153844]
[6,170.33653846153845,1,0.14423076923076922]
[5,170.48076923076923,1,0.14423076923076922]
[3,170.625,0,0.14423076923076922]
[0,170.625,0,0.14423076923076922]
[8,170.76923076923077,0,0.14423076923076922]
[2,170.76923076923077,0,0.14423076923076922]
[2,170.91346153846152,0,0.14423076923076922]
[8,170.91346153846152,0,0.14423076923076922]
[6,171.0576923076923,0,0.14423076923076922]
[7,171.12980769230768,0,0.14423076923076922]
[5,171.20192307692307,0,0.5769230769230769]
[4,171.27403846153845,0,0.5769230769230769]
[3,171.34615384615384,0,0.5769230769230769]
[8,171.4903846153846,0,0.14423076923076922]
[0,171.6346153846154,0,0.14423076923076922]
[1,171.70673076923077,0,0.14423076923076922]
[2,171.77884615384616,0,0.14423076923076922]
[0,171.9230769230769,0,0.14423076923076922]
[6,171.9230769230769,0,0.14423076923076922]
[8,171.9951923076923,0,0.14423076923076922]
[3,172.21153846153845,0,0.14423076923076922]
[2,172.35576923076923,0,0.14423076923076922]
[5,172.35576923076923,0,0.14423076923076922]
[2,172.5,0,0.14423076923076922]
[5,172.5,0,0.14423076923076922]
[1,172.64423076923077,0,0.14423076923076922]
[0,172.64423076923077,0,0.14423076923076922]
[1,172.78846153846152,0,0.14423076923076922]
[0,172.78846153846152,0,0.14423076923076922]
[8,172.9326923076923,0,0.14423076923076922]
[0,173.07692307692307,0,0.14423076923076922]
[6,173.07692307692307,0,0.14423076923076922]
[0,173.22115384615384,0,0.14423076923076922]
[6,173.22115384615384,0,0.14423076923076922]
[5,173.3653846153846,0,0.14423076923076922]
[2,173.3653846153846,0,0.14423076923076922]
[3,173.5096153846154,0,0.14423076923076922]
[4,173.58173076923077,0,0.14423076923076922]
[7,173.65384615384616,0,0.14423076923076922]
[8,173.65384615384616,0,0.14423076923076922]
[6,173.7980769230769,0,0.14423076923076922]
[2,173.94230769230768,0,0.14423076923076922]
[0,174.08653846153845,0,0.14423076923076922]
[2,174.23076923076923,0,0.14423076923076922]
[8,174.23076923076923,0,0.14423076923076922]
[6,174.375,0,0.14423076923076922]
[5,174.51923076923077,0,0.14423076923076922]
[3,174.66346153846152,0,0.14423076923076922]
[0,174.66346153846152,0,0.14423076923076922]
[3,174.8076923076923,0,0.14423076923076922]
[0,174.8076923076923,0,0.14423076923076922]
[5,174.95192307692307,0,0.28846153846153844]
[4,174.95192307692307,0,0.28846153846153844]
[5,175.09615384615384,0,0.28846153846153844]
[4,175.09615384615384,0,0.28846153846153844]
[7,175.2403846153846,0,0.5769230769230769]
[6,175.2403846153846,0,0.5769230769230769]
[8,175.3846153846154,0,0.14423076923076922]
[0,175.52884615384616,0,0.14423076923076922]
[2,175.6730769230769,0,0.5769230769230769]
[1,175.6730769230769,0,0.5769230769230769]
[6,175.81730769230768,0,0.5769230769230769]
[7,175.88942307692307,0,0.5769230769230769]
[4,175.96153846153845,0,0.5769230769230769]
[5,175.96153846153845,0,0.5769230769230769]
[3,176.10576923076923,0,0.5769230769230769]
[7,176.25,0,0.5769230769230769]
[8,176.25,0,0.5769230769230769]
[0,176.39423076923077,0,0.5769230769230769]
[2,176.53846153846152,1,1.4423076923076923]
[6,177.98076923076923,1,0.28846153846153844]
[1,178.26923076923077,1,0.28846153846153844]
[8,178.5576923076923,1,0.28846153846153844]
[4,178.84615384615384,1,2.3076923076923075]
[6,181.15384615384616,1,0.14423076923076922]
[7,181.2980769230769,1,0.28846153846153844]
[2,181.58653846153845,1,0.28846153846153844]
[0,181.875,1,0.28846153846153844]
[8,182.16346153846152,1,1.0096153846153846]
[3,183.1730769230769,1,0.14423076923076922]
[5,183.31730769230768,1,0.14423076923076922]
[7,183.46153846153845,1,9.634615384615383]
[4,183.46153846153845,1,9.634615384615383]