[3,0,0,0.5]
[4,0.125,0,0.25]
[5,0.125,0,0.5]
[7,0.25,0,0.25]
[6,0.25,0,0.5]
[2,0.375,0,0.5]
[0,0.4375,0,0.5]
[2,0.5,0,0.5]
[0,0.5625,0,0.5]
[5,0.625,0,0.5]
[4,0.6875,0,0.25]
[6,0.75,0,0.5]
[7,0.8125,0,0.25]
[8,0.875,0,0.5]
[3,0.9375,0,0.5]
[5,1,0,0.5]
[4,1.0625,0,0.25]
[0,1.125,0,0.5]
[1,1.1875,0,0.25]
[2,1.25,0,0.5]
[3,1.3125,0,0.5]
[8,1.375,0,0.5]
[7,1.4375,0,0.25]
[6,1.5,0,0.5]
[7,1.5625,0,0.25]
[5,1.625,0,0.5]
[4,1.6875,0,0.25]
[1,1.75,0,0.25]
[0,1.75,0,0.5]
[7,2,0,0.25]
[8,2,1,0.25]
[3,2.25,1,0.25]
[2,2.5,1,0.25]
[0,2.75,0,0.25]
[8,2.875,0,0.25]
[7,2.9375,0,0.25]
[4,3,0,0.25]
[3,3,0,0.25]
[8,3.25,0,0.25]
[7,3.3125,0,0.25]
[6,3.375,0,0.25]
[7,3.4375,0,0.25]
[2,3.5,0,0.25]
[1,3.5625,0,0.25]
[3,3.625,0,0.25]
[4,3.6875,0,0.25]
[5,3.75,0,0.25]
[4,3.8125,0,0.25]
[6,3.875,0,0.25]
[7,3.9375,0,0.25]
[8,4,1,0.25]
[3,4.25,1,0.25]
[5,4.5,1,0.25]
[0,4.75,1,0.25]
[2,5,0,0.25]
[1,5.0625,0,0.25]
[6,5.125,0,0.25]
[7,5.1875,0,0.25]
[8,5.25,0,0.25]
[3,5.3125,0,0.25]
[8,5.375,0,0.25]
[3,5.4375,0,0.25]
[5,5.5,0,0.25]
[4,5.5625,0,0.25]
[0,5.625,0,0.25]
[1,5.6875,0,0.25]
[2,5.75,0,0.25]
[3,5.8125,0,0.25]
[2,5.875,0,0.25]
[3,5.9375,0,0.25]
[5,6,0,0.125]
[6,6.125,0,0.25]
[2,6.25,0,0.25]
[1,6.3125,0,0.25]
[0,6.375,0,0.25]
[8,6.5,0,0.25]
[3,6.625,0,0.25]
[5,6.75,0,0.25]
[4,6.8125,0,0.25]
[6,6.875,0,0.25]
[8,7,0,0.25]
[0,7.125,0,0.25]
[2,7.25,0,0.25]
[4,7.3125,0,0.25]
[3,7.375,0,0.25]
[5,7.5,0,0.25]
[0,7.625,0,0.25]
[2,7.75,0,0.25]
[4,7.8125,0,0.25]
[6,7.875,0,0.25]
[7,8,0,0.25]
[8,8,0,0.25]
[3,8.125,0,0.25]
[2,8.25,0,0.25]
[0,8.375,0,0.25]
[4,8.375,0,0.25]
[8,8.5,0,0.25]
[3,8.625,0,0.25]
[2,8.75,0,0.25]
[1,8.75,0,0.25]
[6,8.875,0,0.25]
[5,9,0,0.25]
[8,9,0,0.25]
[0,9.25,0,0.25]
[1,9.3125,0,0.25]
[2,9.375,0,0.25]
[4,9.4375,0,0.25]
[6,9.5,1,0.25]
[2,9.75,0,0.25]
[3,9.8125,0,0.25]
[2,9.875,0,0.25]
[3,9.9375,0,0.25]
[5,10,0,0.125]
[0,10.125,0,0.25]
[2,10.25,0,0.25]
[4,10.3125,0,0.25]
[6,10.375,0,0.25]
[5,10.5,0,0.25]
[0,10.625,0,0.25]
[2,10.75,0,0.25]
[4,10.8125,0,0.25]
[3,10.875,0,0.25]
[8,11,0,0.25]
[6,11.125,0,0.25]
[2,11.25,0,0.25]
[1,11.3125,0,0.25]
[3,11.375,0,0.25]
[5,11.5,0,0.25]
[6,11.625,0,0.25]
[2,11.75,0,0.25]
[1,11.8125,0,0.25]
[0,11.875,0,0.25]
[8,12,0,0.25]
[3,12.125,0,0.25]
[5,12.25,0,0.25]
[4,12.3125,0,0.25]
[6,12.375,0,0.25]
[2,12.5,0,0.25]
[3,12.625,0,0.25]
[5,12.75,0,0.25]
[7,12.8125,0,0.25]
[6,12.875,0,0.25]
[5,13,0,0.25]
[4,13.0625,0,0.25]
[3,13.125,0,0.25]
[4,13.1875,0,0.25]
[2,13.25,0,0.25]
[1,13.3125,0,0.25]
[6,13.375,0,0.25]
[7,13.4375,0,0.25]
[5,13.5,0,0.25]
[4,13.5625,0,0.25]
[0,13.625,0,0.25]
[1,13.6875,0,0.25]
[2,13.75,0,0.25]
[1,13.8125,0,0.25]
[3,13.875,0,0.25]
[4,13.9375,0,0.25]
[5,14,0,0.25]
[0,14.125,0,0.25]
[8,14.25,0,0.25]
[7,14.3125,0,0.25]
[6,14.375,0,0.25]
[2,14.5,0,0.25]
[3,14.625,0,0.25]
[5,14.75,0,0.25]
[4,14.8125,0,0.25]
[6,14.875,0,0.25]
[8,15,0,0.25]
[0,15.125,0,0.25]
[2,15.25,0,0.25]
[4,15.3125,0,0.25]
[3,15.375,0,0.25]
[5,15.5,0,0.25]
[0,15.625,0,0.25]
[2,15.75,0,0.25]
[4,15.8125,0,0.25]
[6,15.875,0,0.25]
[7,16,0,0.25]
[8,16,0,0.25]
[0,16.125,0,0.25]
[2,16.25,0,0.25]
[1,16.25,0,0.25]
[3,16.375,0,0.25]
[7,16.5,0,0.25]
[8,16.5,0,0.25]
[6,16.625,0,0.25]
[1,16.75,0,0.25]
[2,16.75,0,0.25]
[0,16.875,0,0.25]
[5,17,1,0.25]
[7,17,0,0.25]
[3,17.25,0,0.25]
[4,17.3125,0,0.25]
[2,17.375,0,0.25]
[1,17.4375,0,0.25]
[0,17.5,1,0.25]
[5,17.75,0,0.25]
[3,17.8125,0,0.25]
[5,17.875,0,0.25]
[3,17.9375,0,0.25]
[8,18,0,0.125]
[6,18.125,0,0.25]
[2,18.25,0,0.25]
[1,18.3125,0,0.25]
[0,18.375,0,0.25]
[5,18.5,0,0.25]
[6,18.625,0,0.25]
[2,18.75,0,0.25]
[1,18.8125,0,0.25]
[3,18.875,0,0.25]
[8,19,0,0.25]
[0,19.125,0,0.25]
[2,19.25,0,0.25]
[4,19.3125,0,0.25]
[3,19.375,0,0.25]
[5,19.5,0,0.25]
[0,19.625,0,0.25]
[2,19.75,0,0.25]
[4,19.8125,0,0.25]
[6,19.875,0,0.25]
[5,20,0,0.25]
[0,20.125,0,0.25]
[2,20.25,0,0.25]
[4,20.3125,0,0.25]
[3,20.375,0,0.25]
[8,20.5,0,0.25]
[0,20.625,0,0.25]
[2,20.75,0,0.25]
[1,20.8125,0,0.25]
[3,20.875,0,0.25]
[5,21,0,0.25]
[4,21.0625,0,0.25]
[3,21.125,0,0.25]
[4,21.1875,0,0.25]
[8,21.25,0,0.25]
[7,21.3125,0,0.25]
[0,21.375,0,0.25]
[1,21.4375,0,0.25]
[2,21.5,0,0.25]
[1,21.5625,0,0.25]
[3,21.625,0,0.25]
[4,21.6875,0,0.25]
[8,21.75,0,0.25]
[7,21.8125,0,0.25]
[6,21.875,0,0.25]
[7,21.9375,0,0.25]
[5,22,0,0.25]
[0,22.125,0,0.25]
[2,22.25,0,0.25]
[4,22.3125,0,0.25]
[6,22.375,0,0.25]
[8,22.5,0,0.25]
[0,22.625,0,0.25]
[2,22.75,0,0.25]
[4,22.8125,0,0.25]
[3,22.875,0,0.25]
[5,23,0,0.25]
[6,23.125,0,0.25]
[2,23.25,0,0.25]
[1,23.3125,0,0.25]
[3,23.375,0,0.25]
[8,23.5,0,0.25]
[0,23.625,0,0.25]
[5,23.75,0,0.25]
[4,23.8125,0,0.25]
[3,23.875,0,0.25]
[2,24,0,0.25]
[1,24,0,0.25]
[6,24.125,0,0.25]
[5,24.25,0,0.25]
[4,24.375,0,0.25]
[0,24.375,0,0.25]
[8,24.5,0,0.25]
[3,24.625,0,0.25]
[1,24.75,0,0.25]
[2,24.75,0,0.25]
[6,24.875,0,0.25]
[4,25,0,0.25]
[7,25,0,0.25]
[0,25.25,0,0.25]
[1,25.3125,0,0.25]
[2,25.375,0,0.25]
[4,25.4375,0,0.25]
[3,25.5,1,0.25]
[2,25.75,0,0.25]
[0,25.8125,0,0.25]
[2,25.875,0,0.25]
[0,25.9375,0,0.25]
[5,26,0,0.125]
[6,26.125,0,0.125]
[2,26.25,0,0.125]
[4,26.3125,0,0.125]
[3,26.375,0,0.25]
[8,26.5,0,0.25]
[0,26.625,0,0.25]
[5,26.75,0,0.25]
[3,26.875,1,0.125]
[2,27,1,0.125]
[1,27.125,1,0.125]
[6,27.25,1,0.125]
[7,27.375,1,0.125]
[8,27.5,1,0.125]
[3,27.625,1,0.125]
[5,27.75,1,0.125]
[0,27.875,1,0.125]
[2,28,0,0.25]
[1,28,0,0.125]
[6,28.125,0,0.25]
[8,28.25,0,0.25]
[7,28.3125,0,0.25]
[3,28.375,0,0.125]
[2,28.5,0,0.125]
[0,28.625,0,0.125]
[5,28.75,0,0.125]
[6,28.875,1,0.125]
[2,29,1,0.125]
[3,29.125,1,0.125]
[8,29.25,1,0.125]
[7,29.375,1,0.125]
[0,29.5,1,0.125]
[1,29.625,1,0.125]
[2,29.75,1,0.125]
[6,29.875,1,0.125]
[5,30,0,0.125]
[7,30,0,0.125]
[3,30.125,0,0.125]
[2,30.25,0,0.125]
[1,30.3125,0,0.125]
[0,30.375,0,0.125]
[8,30.5,0,0.125]
[6,30.625,0,0.125]
[5,30.75,0,0.125]
[3,30.875,1,0.125]
[8,31,1,0.125]
[0,31.125,1,0.125]
[2,31.25,1,0.125]
[6,31.375,0,0.125]
[7,31.4375,0,0.125]
[5,31.5,0,0.125]
[4,31.5625,0,0.125]
[0,31.625,0,0.25]
[1,31.6875,0,0.25]
[7,31.75,0,0.125]
[8,31.75,0,0.125]
[3,32,0,0.125]
[4,32.0625,0,0.125]
[2,32.125,0,0.125]
[1,32.1875,0,0.125]
[6,32.25,0,0.125]
[7,32.3125,0,0.125]
[8,32.375,0,0.125]
[7,32.4375,0,0.125]
[0,32.5,0,0.125]
[1,32.5625,0,0.125]
[5,32.625,0,0.125]
[4,32.6875,0,0.125]
[3,32.75,0,0.125]
[4,32.8125,0,0.125]
[2,32.875,0,0.125]
[1,32.9375,0,0.125]
[6,33,0,0.125]
[7,33.0625,0,0.125]
[8,33.125,0,0.125]
[7,33.1875,0,0.125]
[0,33.25,0,0.125]
[1,33.3125,0,0.125]
[5,33.375,0,0.125]
[4,33.4375,0,0.125]
[6,33.5,0,0.125]
[7,33.5,0,0.125]
[2,33.75,0,0.125]
[1,33.75,0,0.125]
[6,34,0,0.125]
[2,34.125,0,0.125]
[0,34.25,0,0.125]
[4,34.3125,0,0.125]
[5,34.375,0,0.125]
[6,34.5,0,0.125]
[2,34.625,0,0.125]
[3,34.75,0,0.125]
[8,34.875,1,0.125]
[0,35,1,0.125]
[1,35.125,1,0.125]
[5,35.25,1,0.125]
[4,35.375,1,0.125]
[6,35.5,1,0.125]
[2,35.625,1,0.125]
[3,35.75,1,0.125]
[8,35.875,1,0.125]
[4,36,0,0.125]
[0,36,0,0.125]
[2,36.125,0,0.125]
[6,36.25,0,0.125]
[7,36.3125,0,0.125]
[5,36.375,0,0.125]
[3,36.5,0,0.125]
[2,36.625,0,0.125]
[0,36.75,0,0.125]
[8,36.875,1,0.125]
[3,37,1,0.125]
[2,37.125,1,0.125]
[0,37.25,1,0.125]
[1,37.375,1,0.125]
[5,37.5,1,0.125]
[4,37.625,1,0.125]
[6,37.75,1,0.125]
[8,37.875,1,0.125]
[7,38,0,0.125]
[3,38,0,0.125]
[2,38.125,0,0.125]
[0,38.25,0,0.125]
[4,38.3125,0,0.125]
[5,38.375,0,0.125]
[3,38.5,0,0.125]
[8,38.625,0,0.125]
[6,38.75,0,0.125]
[5,38.875,1,0.125]
[3,39,1,0.125]
[4,39.125,1,0.125]
[2,39.25,1,0.125]
[1,39.375,1,0.125]
[6,39.5,0,0.125]
[7,39.5625,0,0.125]
[8,39.625,0,0.125]
[7,39.6875,0,0.125]
[4,39.75,0,0.125]
[3,39.75,0,0.125]
[5,40,0,0.25]
[7,40,0,0.25]
[6,40.125,0,0.25]
[8,40.25,0,0.25]
[4,40.375,0,0.25]
[3,40.375,0,0.25]
[2,40.5,0,0.25]
[1,40.5625,0,0.25]
[6,40.625,0,0.125]
[7,40.6875,0,0.125]
[5,40.75,0,0.25]
[4,40.8125,0,0.25]
[3,40.875,0,0.25]
[4,40.9375,0,0.25]
[8,41,0,0.25]
[7,41.0625,0,0.25]
[0,41.125,0,0.125]
[1,41.1875,0,0.125]
[5,41.25,0,0.25]
[4,41.3125,0,0.25]
[6,41.375,0,0.125]
[7,41.4375,0,0.125]
[2,41.5,0,0.125]
[1,41.5625,0,0.125]
[0,41.625,0,0.125]
[1,41.6875,0,0.125]
[5,41.75,0,0.25]
[4,41.75,0,0.25]
[2,42,0,0.25]
[1,42,0,0.125]
[6,42.25,0,0.25]
[7,42.3125,0,0.25]
[5,42.375,0,0.25]
[4,42.4375,0,0.25]
[0,42.5,0,0.25]
[1,42.5625,0,0.25]
[8,42.625,0,0.25]
[7,42.6875,0,0.25]
[6,42.75,0,0.25]
[5,42.8125,0,0.25]
[6,42.875,0,0.25]
[5,42.9375,0,0.25]
[3,43,0,0.25]
[4,43.0625,0,0.25]
[2,43.125,0,0.25]
[1,43.1875,0,0.25]
[0,43.25,0,0.25]
[1,43.3125,0,0.25]
[8,43.375,0,0.25]
[7,43.4375,0,0.25]
[6,43.5,1,0.25]
[5,43.75,1,0.25]
[3,44,0,0.25]
[4,44,0,0.25]
[2,44.125,0,0.25]
[6,44.25,0,0.25]
[8,44.375,0,0.25]
[3,44.5,0,0.25]
[7,44.5,0,0.25]
[2,44.625,0,0.25]
[1,44.6875,0,0.25]
[0,44.75,0,0.25]
[5,44.875,0,0.25]
[4,45,0,0.25]
[3,45,0,0.25]
[2,45.125,0,0.25]
[6,45.25,0,0.25]
[5,45.375,0,0.25]
[4,45.5,0,0.25]
[0,45.5,0,0.25]
[8,45.625,0,0.25]
[3,45.75,0,0.25]
[2,45.875,0,0.25]
[6,46,0,0.25]
[7,46,0,0.25]
[5,46.125,0,0.25]
[0,46.25,0,0.25]
[8,46.375,0,0.25]
[3,46.5,0,0.25]
[7,46.5,0,0.25]
[2,46.625,0,0.25]
[1,46.6875,0,0.25]
[0,46.75,0,0.25]
[8,46.875,0,0.25]
[4,47,0,0.25]
[3,47,0,0.25]
[2,47.125,0,0.25]
[6,47.25,0,0.25]
[5,47.375,0,0.25]
[0,47.5,0,0.25]
[4,47.5,0,0.25]
[8,47.625,0,0.125]
[7,47.6875,0,0.125]
[6,47.75,0,0.125]
[7,47.8125,0,0.125]
[5,47.875,0,0.25]
[4,47.9375,0,0.125]
[0,48,0,0.25]
[1,48,0,0.125]
[2,48.125,0,0.125]
[6,48.25,0,0.25]
[7,48.25,0,0.25]
[8,48.375,0,0.125]
[0,48.5,0,0.125]
[1,48.5,0,0.125]
[5,48.625,0,0.125]
[6,48.75,0,0.125]
[7,48.75,0,0.125]
[2,48.875,0,0.125]
[4,49,0,0.25]
[1,49,0,0.125]
[2,50,1,0.25]
[1,50,0,0.25]
[6,50.25,1,0.25]
[7,50.25,0,0.25]
[8,50.5,0,0.25]
[3,50.625,0,0.125]
[5,50.75,0,0.25]
[0,50.875,0,0.125]
[1,50.9375,0,0.125]
[2,51,1,0.25]
[4,51,0,0.25]
[7,51.25,0,0.25]
[6,51.25,1,0.25]
[5,51.5,0,0.25]
[3,51.625,0,0.25]
[7,51.6875,0,0.125]
[8,51.75,0,0.25]
[0,51.875,0,0.25]
[2,52,1,0.25]
[4,52,0,0.25]
[3,52.25,1,0.25]
[7,52.25,0,0.25]
[8,52.5,0,0.25]
[0,52.625,0,0.25]
[4,52.6875,0,0.125]
[5,52.75,0,0.25]
[6,52.875,0,0.25]
[2,53,1,0.25]
[1,53,0,0.25]
[3,53.25,1,0.25]
[4,53.25,0,0.25]
[7,53.5,0,0.25]
[8,53.5,1,0.5]
[7,53.75,0,0.25]
[0,54,1,0.25]
[3,54,0,0.25]
[2,54.25,1,0.25]
[4,54.25,0,0.25]
[6,54.5,0,0.25]
[5,54.625,0,0.25]
[3,54.75,0,0.25]
[8,54.875,0,0.25]
[7,54.9375,0,0.125]
[0,55,1,0.25]
[4,55,0,0.25]
[5,55.25,1,0.25]
[8,55.25,0,0.25]
[6,55.5,0,0.25]
[2,55.625,0,0.25]
[3,55.75,0,0.25]
[8,55.875,0,0.25]
[7,55.9375,0,0.125]
[6,56,0,0.125]
[7,56.0625,0,0.125]
[2,56.125,0,0.125]
[1,56.1875,0,0.125]
[3,56.25,0,0.125]
[4,56.3125,0,0.125]
[8,56.375,0,0.125]
[7,56.4375,0,0.125]
[6,56.5,0,0.25]
[7,56.5625,0,0.25]
[5,56.625,0,0.125]
[4,56.6875,0,0.125]
[0,56.75,0,0.25]
[1,56.8125,0,0.25]
[2,56.875,0,0.25]
[1,56.9375,0,0.25]
[3,57,0,0.5]
[4,57,0,0.5]
[8,57.125,0,0.5]
[7,57.1875,0,0.5]
[6,57.25,0,0.5]
[5,57.3125,0,0.5]
[6,57.375,0,0.5]
[5,57.4375,0,0.5]
[3,57.5,0,0.5]
[4,57.5625,0,0.5]
[2,57.625,0,0.5]
[1,57.6875,0,0.5]
[0,57.75,0,0.5]
[0,57.875,0,0.5]
[8,58,0,0.5]
[7,58.0625,0,0.5]
[6,58.125,0,0.5]
[7,58.1875,0,0.5]
[5,58.25,0,0.5]
[4,58.3125,0,0.5]
[3,58.375,0,0.5]
[4,58.4375,0,0.5]
[8,58.5,0,0.5]
[7,58.5625,0,0.5]
[0,58.625,0,0.5]
[1,58.6875,0,0.5]
[5,58.75,0,0.5]
[4,58.8125,0,0.5]
[6,58.875,0,0.5]
[7,58.9375,0,0.5]
[2,59,0,0.5]
[1,59.0625,0,0.5]
[0,59.125,0,0.5]
[1,59.1875,0,0.5]
[8,59.25,0,0.5]
[7,59.3125,0,0.5]
[6,59.375,0,0.5]
[7,59.4375,0,0.5]
[5,59.5,0,0.5]
[4,59.5625,0,0.5]
[0,59.625,0,0.5]
[1,59.6875,0,0.5]
[8,59.75,0,0.5]
[7,59.8125,0,0.5]
[3,59.875,0,0.5]
[4,59.9375,0,0.5]
[2,60,0,0.5]
[1,60.0625,0,0.5]
[0,60.125,0,0.5]
[1,60.1875,0,0.5]
[5,60.25,0,0.5]
[4,60.3125,0,0.5]
[3,60.375,0,0.5]
[4,60.4375,0,0.5]
[8,60.5,0,0.5]
[7,60.5625,0,0.5]
[0,60.625,0,0.5]
[1,60.6875,0,0.5]
[5,60.75,0,0.5]
[4,60.8125,0,0.5]
[6,60.875,0,0.5]
[7,60.9375,0,0.5]
[2,61,0,0.5]
[1,61.0625,0,0.125]
[3,61.125,0,0.125]
[4,61.1875,0,0.125]
[8,61.25,0,0.125]
[7,61.3125,0,0.5]
[0,61.375,0,0.125]
[1,61.4375,0,0.125]
[2,61.5,0,0.5]
[4,61.5625,0,0.125]
[3,61.625,0,0.125]
[7,61.6875,0,0.125]
[5,61.75,0,0.5]
[4,61.8125,0,0.125]
[0,61.875,0,0.125]
[1,61.9375,0,0.125]
[8,62,0,0.125]
[7,62.0625,0,0.125]
[6,62.125,0,0.125]
[7,62.1875,0,0.125]
[5,62.25,0,0.5]
[4,62.3125,0,0.5]
[3,62.375,0,0.5]
[4,62.4375,0,0.5]
[8,62.5,0,0.5]
[7,62.5625,0,0.5]
[0,62.625,0,0.5]
[1,62.6875,0,0.5]
[5,62.75,0,0.5]
[4,62.8125,0,0.5]
[6,62.875,0,0.5]
[7,62.9375,0,0.5]
[2,63,0,0.5]
[1,63.0625,0,0.5]
[0,63.125,0,0.5]
[1,63.1875,0,0.5]
[8,63.25,0,0.5]
[7,63.3125,0,0.5]
[6,63.375,0,0.5]
[7,63.4375,0,0.5]
[5,63.5,0,0.5]
[4,63.5625,0,0.5]
[0,63.625,0,0.5]
[1,63.6875,0,0.5]
[8,63.75,0,0.5]
[7,63.8125,0,0.5]
[3,63.875,0,0.5]
[4,63.9375,0,0.5]
[2,64,0,0.5]
[1,64.0625,0,0.25]
[0,64.125,0,0.25]
[5,64.1875,0,0.25]
[0,64.25,0,0.25]
[5,64.3125,0,0.25]
[3,64.375,0,0.5]
[4,64.4375,0,0.5]
[8,64.5,0,0.25]
[7,64.5625,0,0.25]
[6,64.625,0,0.25]
[7,64.6875,0,0.25]
[5,64.75,0,0.25]
[4,64.8125,0,0.25]
[3,64.875,0,0.5]
[4,64.9375,0,0.5]
[2,65,1,0.5]
[1,65,0,0.5]
[6,65.5,1,0.5]
[7,65.5,0,0.5]
[8,66,0,0.25]
[0,66.125,0,0.25]
[5,66.25,0,0.25]
[4,66.3125,0,0.25]
[3,66.375,0,0.25]
[2,66.5,0,0.25]
[0,66.625,0,0.25]
[5,66.75,0,0.25]
[4,66.8125,0,0.25]
[6,66.875,0,0.25]
[8,67,0,0.25]
[3,67.125,0,0.25]
[5,67.25,0,0.25]
[7,67.3125,0,0.25]
[6,67.375,0,0.25]
[8,67.5,0,0.25]
[0,67.625,0,0.25]
[2,67.75,0,0.25]
[4,67.8125,0,0.25]
[6,67.875,0,0.25]
[5,68,0,0.25]
[0,68.125,0,0.25]
[2,68.25,0,0.25]
[4,68.3125,0,0.25]
[3,68.375,0,0.25]
[8,68.5,0,0.25]
[0,68.625,0,0.25]
[5,68.75,0,0.25]
[4,68.8125,0,0.25]
[6,68.875,0,0.25]
[2,69,0,0.25]
[1,69.0625,0,0.25]
[0,69.125,0,0.25]
[1,69.1875,0,0.25]
[8,69.25,0,0.25]
[7,69.3125,0,0.25]
[6,69.375,0,0.25]
[7,69.4375,0,0.25]
[5,69.5,0,0.25]
[4,69.5625,0,0.25]
[0,69.625,0,0.25]
[1,69.6875,0,0.25]
[8,69.75,0,0.25]
[7,69.8125,0,0.25]
[6,69.875,0,0.25]
[7,69.9375,0,0.25]
[5,70,0,0.25]
[0,70.125,0,0.25]
[2,70.25,0,0.25]
[4,70.3125,0,0.25]
[6,70.375,0,0.25]
[8,70.5,0,0.25]
[0,70.625,0,0.25]
[2,70.75,0,0.25]
[4,70.8125,0,0.25]
[3,70.875,0,0.25]
[5,71,0,0.25]
[6,71.125,0,0.25]
[2,71.25,0,0.25]
[1,71.3125,0,0.25]
[3,71.375,0,0.25]
[8,71.5,0,0.25]
[0,71.625,0,0.25]
[5,71.75,0,0.25]
[4,71.8125,0,0.25]
[3,71.875,0,0.25]
[8,72,0,0.25]
[7,72.0625,0,0.25]
[6,72.125,0,0.25]
[7,72.1875,0,0.25]
[5,72.25,0,0.25]
[4,72.3125,0,0.25]
[3,72.375,0,0.25]
[4,72.4375,0,0.25]
[2,72.5,0,0.25]
[1,72.5625,0,0.25]
[0,72.625,0,0.25]
[1,72.6875,0,0.25]
[8,72.75,0,0.25]
[7,72.8125,0,0.25]
[6,72.875,0,0.25]
[7,72.9375,0,0.25]
[4,73,0,0.25]
[5,73,0,0.25]
[6,73.25,0,0.25]
[8,73.3125,0,0.25]
[6,73.375,0,0.25]
[8,73.4375,0,0.25]
[3,73.5,0,0.25]
[4,73.5625,0,0.25]
[2,73.625,0,0.25]
[1,73.6875,0,0.25]
[0,73.75,0,0.25]
[5,73.8125,0,0.25]
[0,73.875,0,0.25]
[5,73.9375,0,0.25]
[3,74,0,0.125]
[4,74,0,0.125]
[2,74.25,0,0.25]
[6,74.5,0,0.25]
[5,74.75,0,0.125]
[4,75,0,0.25]
[0,75,0,0.25]
[8,75.125,0,0.25]
[3,75.25,0,0.25]
[6,75.25,0,0.25]
[5,75.375,0,0.25]
[1,75.5,0,0.25]
[4,75.5,0,0.25]
[2,75.625,0,0.25]
[7,75.75,0,0.25]
[3,75.75,0,0.25]
[8,75.875,0,0.25]
[6,76,0,0.25]
[5,76.125,0,0.25]
[0,76.25,0,0.25]
[4,76.3125,0,0.25]
[8,76.375,0,0.25]
[3,76.5,0,0.25]
[2,76.625,0,0.25]
[0,76.75,0,0.25]
[4,76.8125,0,0.25]
[5,76.875,0,0.25]
[6,77,0,0.25]
[7,77.0625,0,0.25]
[8,77.125,0,0.25]
[7,77.1875,0,0.25]
[3,77.25,0,0.25]
[4,77.3125,0,0.25]
[2,77.375,0,0.25]
[1,77.4375,0,0.25]
[0,77.5,0,0.25]
[1,77.5625,0,0.25]
[8,77.625,0,0.25]
[7,77.6875,0,0.25]
[3,77.75,0,0.25]
[4,77.8125,0,0.25]
[5,77.875,0,0.25]
[4,77.9375,0,0.25]
[6,78,0,0.25]
[8,78.125,0,0.25]
[3,78.25,0,0.25]
[4,78.3125,0,0.25]
[5,78.375,0,0.25]
[6,78.5,0,0.25]
[2,78.625,0,0.25]
[3,78.75,0,0.25]
[4,78.8125,0,0.25]
[8,78.875,0,0.25]
[0,79,0,0.25]
[5,79.125,0,0.25]
[3,79.25,0,0.25]
[7,79.3125,0,0.25]
[8,79.375,0,0.25]
[6,79.5,0,0.25]
[2,79.625,0,0.25]
[0,79.75,0,0.25]
[4,79.8125,0,0.25]
[8,79.875,0,0.25]
[7,80,0,0.25]
[3,80,0,0.25]
[5,80.125,0,0.25]
[0,80.25,0,0.25]
[2,80.375,0,0.25]
[4,80.375,0,0.25]
[6,80.5,0,0.25]
[5,80.625,0,0.25]
[4,80.75,0,0.25]
[7,80.75,0,0.25]
[8,80.875,0,0.25]
[3,81,0,0.25]
[0,81,0,0.25]
[2,81.25,0,0.25]
[1,81.3125,0,0.25]
[0,81.375,0,0.25]
[4,81.4375,0,0.25]
[8,81.5,1,0.25]
[3,81.75,0,0.125]
[5,81.8125,0,0.25]
[3,81.875,0,0.125]
[5,81.9375,0,0.25]
[6,82,0,0.125]
[2,82.125,0,0.25]
[3,82.25,0,0.125]
[7,82.3125,0,0.25]
[8,82.375,0,0.125]
[0,82.5,0,0.125]
[5,82.625,0,0.125]
[3,82.75,0,0.125]
[2,82.875,1,0.125]
[0,83,1,0.125]
[1,83.125,1,0.125]
[5,83.25,1,0.125]
[4,83.375,1,0.125]
[6,83.5,1,0.125]
[2,83.625,1,0.125]
[3,83.75,1,0.125]
[5,83.875,1,0.125]
[0,84,0,0.125]
[1,84,0,0.125]
[8,84.125,0,0.125]
[6,84.25,0,0.125]
[7,84.3125,0,0.125]
[5,84.375,0,0.125]
[3,84.5,0,0.125]
[2,84.625,0,0.125]
[0,84.75,0,0.125]
[5,84.875,1,0.125]
[6,85,1,0.125]
[7,85.125,1,0.125]
[2,85.25,1,0.125]
[1,85.375,1,0.125]
[0,85.5,1,0.125]
[5,85.625,1,0.125]
[6,85.75,1,0.125]
[8,85.875,1,0.125]
[3,86,0,0.125]
[4,86,0,0.125]
[2,86.125,0,0.125]
[0,86.25,0,0.125]
[1,86.3125,0,0.125]
[5,86.375,0,0.125]
[6,86.5,0,0.125]
[2,86.625,0,0.125]
[3,86.75,0,0.125]
[5,86.875,1,0.125]
[0,87,1,0.125]
[8,87.125,1,0.125]
[6,87.25,1,0.125]
[2,87.375,1,0.125]
[3,87.5,0,0.125]
[4,87.5625,0,0.125]
[5,87.625,0,0.25]
[4,87.6875,0,0.25]
[0,87.75,0,0.125]
[1,87.75,0,0.125]
[8,88,0,0.125]
[7,88.0625,0,0.125]
[6,88.125,0,0.125]
[7,88.1875,0,0.125]
[5,88.25,0,0.125]
[4,88.3125,0,0.125]
[0,88.375,0,0.125]
[1,88.4375,0,0.125]
[8,88.5,0,0.125]
[7,88.5625,0,0.125]
[3,88.625,0,0.125]
[4,88.6875,0,0.125]
[2,88.75,0,0.125]
[1,88.8125,0,0.125]
[0,88.875,0,0.125]
[1,88.9375,0,0.125]
[5,89,0,0.125]
[4,89.0625,0,0.125]
[6,89.125,0,0.125]
[7,89.1875,0,0.125]
[2,89.25,0,0.125]
[1,89.3125,0,0.125]
[3,89.375,0,0.125]
[4,89.4375,0,0.125]
[5,89.5,0,0.25]
[6,89.5625,0,0.25]
[5,89.625,0,0.25]
[6,89.6875,0,0.25]
[8,89.75,0,0.25]
[7,89.8125,0,0.25]
[3,89.875,0,0.25]
[4,89.9375,0,0.25]
[2,90,0,0.125]
[1,90,0,0.125]
[0,90.125,0,0.125]
[5,90.25,0,0.125]
[4,90.3125,0,0.25]
[6,90.375,0,0.125]
[8,90.5,0,0.125]
[3,90.625,0,0.125]
[5,90.75,0,0.125]
[0,90.875,1,0.125]
[8,91,1,0.125]
[7,91.125,1,0.125]
[3,91.25,1,0.125]
[4,91.375,1,0.125]
[2,91.5,1,0.125]
[6,91.625,1,0.125]
[5,91.75,1,0.125]
[0,91.875,1,0.125]
[7,92,0,0.125]
[8,92,0,0.125]
[3,92.125,0,0.125]
[2,92.25,0,0.125]
[4,92.3125,0,0.25]
[6,92.375,0,0.125]
[5,92.5,0,0.125]
[3,92.625,0,0.125]
[2,92.75,0,0.125]
[0,92.875,1,0.125]
[5,93,1,0.125]
[4,93.125,1,0.125]
[6,93.25,1,0.125]
[7,93.375,1,0.125]
[2,93.5,1,0.125]
[3,93.625,1,0.125]
[5,93.75,1,0.125]
[0,93.875,1,0.125]
[7,94,0,0.25]
[8,94,0,0.25]
[6,94.125,0,0.125]
[2,94.25,0,0.25]
[4,94.3125,0,0.125]
[3,94.375,0,0.125]
[5,94.5,0,0.125]
[6,94.625,0,0.125]
[8,94.75,0,0.125]
[0,94.875,1,0.125]
[2,95,1,0.125]
[1,95.125,1,0.125]
[6,95.25,1,0.125]
[7,95.375,1,0.125]
[5,95.5,0,0.125]
[4,95.5625,0,0.125]
[3,95.625,0,0.125]
[4,95.6875,0,0.125]
[1,95.75,0,0.125]
[2,95.75,0,0.125]
[0,96,0,0.25]
[4,96,0,0.25]
[5,96.125,0,0.25]
[6,96.25,0,0.25]
[2,96.375,0,0.25]
[1,96.375,0,0.25]
[3,96.5,0,0.25]
[4,96.5625,0,0.25]
[5,96.625,0,0.25]
[4,96.6875,0,0.25]
[6,96.75,0,0.25]
[7,96.8125,0,0.25]
[8,96.875,0,0.25]
[7,96.9375,0,0.25]
[3,97,0,0.25]
[4,97.0625,0,0.25]
[2,97.125,0,0.25]
[1,97.1875,0,0.25]
[6,97.25,0,0.25]
[7,97.3125,0,0.25]
[5,97.375,0,0.25]
[4,97.4375,0,0.25]
[0,97.5,0,0.25]
[1,97.5625,0,0.25]
[2,97.625,0,0.25]
[1,97.6875,0,0.25]
[4,97.75,0,0.25]
[3,97.75,0,0.25]
[6,98,0,0.25]
[7,98,0,0.125]
[8,98.125,0,0.125]
[4,98.25,0,0.25]
[0,98.25,0,0.25]
[5,98.375,0,0.125]
[7,98.5,0,0.25]
[3,98.5,0,0.25]
[2,98.625,0,0.25]
[1,98.75,0,0.25]
[0,98.75,0,0.25]
[5,98.875,0,0.25]
[7,99,0,0.25]
[4,99,0,0.25]
[8,99.125,0,0.25]
[3,99.25,0,0.25]
[6,99.25,0,0.25]
[2,99.375,0,0.25]
[1,99.4375,0,0.25]
[0,99.5,1,0.25]
[5,99.75,1,0.25]
[6,100,0,0.25]
[7,100,0,0.25]
[8,100.125,0,0.25]
[3,100.25,0,0.25]
[2,100.375,0,0.25]
[4,100.5,0,0.25]
[0,100.5,0,0.25]
[8,100.625,0,0.25]
[7,100.6875,0,0.25]
[3,100.75,0,0.25]
[2,100.875,0,0.25]
[0,101,0,0.25]
[1,101,0,0.25]
[5,101.125,0,0.25]
[6,101.25,0,0.25]
[8,101.375,0,0.25]
[7,101.5,0,0.25]
[3,101.5,0,0.25]
[2,101.625,0,0.25]
[0,101.75,0,0.25]
[5,101.875,0,0.25]
[4,102,0,0.25]
[3,102,0,0.25]
[8,102.125,0,0.25]
[6,102.25,0,0.25]
[5,102.375,0,0.25]
[7,102.5,0,0.25]
[3,102.5,0,0.25]
[2,102.625,0,0.25]
[0,102.75,0,0.25]
[1,102.8125,0,0.25]
[5,102.875,0,0.25]
[4,102.9375,0,0.25]
[6,103,0,0.25]
[7,103.0625,0,0.25]
[2,103.125,0,0.25]
[1,103.1875,0,0.25]
[3,103.25,0,0.25]
[4,103.3125,0,0.25]
[8,103.375,0,0.25]
[7,103.4375,0,0.25]
[0,103.5,0,0.25]
[1,103.5625,0,0.25]
[2,103.625,0,0.25]
[1,103.6875,0,0.25]
[4,103.75,0,0.25]
[3,103.75,0,0.25]
[7,104,0,0.25]
[5,104,0,0.25]
[3,104.125,0,0.25]
[4,104.25,0,0.25]
[2,104.25,0,0.25]
[0,104.375,0,0.25]
[5,104.5,0,0.25]
[8,104.5,0,0.25]
[6,104.625,0,0.25]
[1,104.75,0,0.25]
[2,104.75,0,0.25]
[0,104.875,0,0.125]
[8,105,0,0.125]
[3,105.125,0,0.125]
[4,105.1875,0,0.125]
[5,105.25,0,0.125]
[4,105.3125,0,0.125]
[0,105.375,0,0.125]
[1,105.4375,0,0.125]
[8,105.5,0,0.25]
[7,105.5625,0,0.25]
[3,105.625,0,0.125]
[4,105.6875,0,0.125]
[1,105.75,0,0.125]
[2,105.75,0,0.125]
[7,106,0,0.25]
[6,106,1,0.25]
[2,106.25,1,0.25]
[4,106.25,0,0.25]
[0,106.5,0,0.25]
[5,106.625,0,0.125]
[3,106.75,0,0.25]
[8,106.875,0,0.125]
[7,106.9375,0,0.125]
[0,107,1,0.25]
[4,107,0,0.25]
[2,107.25,1,0.25]
[1,107.25,0,0.25]
[6,107.5,0,0.25]
[5,107.625,0,0.25]
[4,107.6875,0,0.125]
[3,107.75,0,0.25]
[8,107.875,0,0.25]
[0,108,1,0.25]
[4,108,0,0.25]
[2,108.25,1,0.25]
[5,108.25,0,0.25]
[6,108.5,0,0.25]
[8,108.625,0,0.25]
[7,108.6875,0,0.125]
[3,108.75,0,0.25]
[5,108.875,0,0.25]
[0,109,1,0.25]
[1,109,0,0.25]
[8,109.25,1,0.25]
[7,109.25,0,0.25]
[4,109.5,0,0.25]
[3,109.5,1,0.5]
[4,109.75,0,0.25]
[2,110,1,0.25]
[5,110,0,0.25]
[0,110.25,1,0.25]
[4,110.25,0,0.25]
[5,110.5,0,0.25]
[3,110.625,0,0.25]
[8,110.75,0,0.25]
[6,110.875,0,0.25]
[7,110.9375,0,0.125]
[4,111,0,0.25]
[5,111,1,0.25]
[3,111.25,1,0.25]
[7,111.25,0,0.25]
[2,111.5,0,0.25]
[6,111.625,0,0.25]
[5,111.75,0,0.25]
[0,111.875,0,0.25]
[1,111.9375,0,0.125]
[8,112,0,0.25]
[7,112.0625,0,0.25]
[3,112.125,0,0.25]
[4,112.1875,0,0.25]
[2,112.25,0,0.25]
[1,112.3125,0,0.25]
[0,112.375,0,0.25]
[1,112.4375,0,0.25]
[5,112.5,0,0.25]
[4,112.5625,0,0.25]
[3,112.625,0,0.25]
[4,112.6875,0,0.25]
[8,112.75,0,0.25]
[7,112.8125,0,0.25]
[0,112.875,0,0.25]
[1,112.9375,0,0.25]
[4,113,0,0.5]
[2,113,0,0.5]
[6,113.125,0,0.5]
[7,113.1875,0,0.5]
[8,113.25,0,0.5]
[3,113.3125,0,0.5]
[8,113.375,0,0.5]
[3,113.4375,0,0.5]
[5,113.5,0,0.5]
[4,113.5625,0,0.5]
[0,113.625,0,0.5]
[1,113.6875,0,0.5]
[2,113.75,0,0.5]
[2,113.875,0,0.5]
[6,114,0,0.5]
[7,114.0625,0,0.5]
[8,114.125,0,0.5]
[7,114.1875,0,0.5]
[3,114.25,0,0.5]
[4,114.3125,0,0.5]
[5,114.375,0,0.5]
[4,114.4375,0,0.5]
[6,114.5,0,0.5]
[7,114.5625,0,0.5]
[2,114.625,0,0.5]
[1,114.6875,0,0.5]
[3,114.75,0,0.5]
[4,114.8125,0,0.5]
[8,114.875,0,0.5]
[7,114.9375,0,0.5]
[0,115,0,0.5]
[1,115.0625,0,0.5]
[2,115.125,0,0.5]
[1,115.1875,0,0.5]
[6,115.25,0,0.25]
[7,115.3125,0,0.25]
[8,115.375,0,0.25]
[7,115.4375,0,0.25]
[3,115.5,0,0.25]
[4,115.5625,0,0.25]
[2,115.625,0,0.25]
[1,115.6875,0,0.25]
[6,115.75,0,0.25]
[7,115.8125,0,0.25]
[5,115.875,0,0.25]
[4,115.9375,0,0.25]
[0,116,0,0.5]
[1,116.0625,0,0.5]
[2,116.125,0,0.5]
[1,116.1875,0,0.5]
[3,116.25,0,0.25]
[4,116.3125,0,0.25]
[5,116.375,0,0.25]
[4,116.4375,0,0.25]
[6,116.5,0,0.25]
[7,116.5625,0,0.25]
[2,116.625,0,0.25]
[1,116.6875,0,0.25]
[3,116.75,0,0.25]
[4,116.8125,0,0.25]
[8,116.875,0,0.25]
[7,116.9375,0,0.25]
[0,117,0,0.25]
[1,117.0625,0,0.125]
[5,117.125,0,0.125]
[4,117.1875,0,0.125]
[6,117.25,0,0.125]
[7,117.3125,0,0.25]
[2,117.375,0,0.125]
[1,117.4375,0,0.125]
[0,117.5,0,0.25]
[4,117.5625,0,0.125]
[5,117.625,0,0.125]
[7,117.6875,0,0.125]
[3,117.75,0,0.25]
[4,117.8125,0,0.125]
[2,117.875,0,0.125]
[1,117.9375,0,0.125]
[6,118,0,0.125]
[7,118.0625,0,0.125]
[8,118.125,0,0.125]
[7,118.1875,0,0.125]
[0,118.25,0,0.125]
[1,118.3125,0,0.125]
[2,118.375,0,0.125]
[1,118.4375,0,0.125]
[3,118.5,0,0.25]
[4,118.5625,0,0.25]
[8,118.625,0,0.125]
[7,118.6875,0,0.125]
[0,118.75,0,0.125]
[1,118.8125,0,0.125]
[5,118.875,0,0.25]
[4,118.9375,0,0.25]
[6,119,0,0.125]
[7,119.0625,0,0.125]
[2,119.125,0,0.25]
[1,119.1875,0,0.25]
[3,119.25,0,0.25]
[4,119.3125,0,0.25]
[5,119.375,0,0.25]
[4,119.4375,0,0.25]
[6,119.5,0,0.25]
[7,119.5625,0,0.25]
[2,119.625,0,0.25]
[1,119.6875,0,0.25]
[3,119.75,0,0.25]
[4,119.8125,0,0.25]
[8,119.875,0,0.25]
[7,119.9375,0,0.25]
[0,120,0,0.25]
[1,120.08333333333333,0,0.25]
[2,120.16666666666667,0,0.25]
[3,120.25,0,0.5]
[4,120.33333333333333,0,0.5]
[8,120.41666666666667,0,0.5]
[6,120.5,0,0.5]
[7,120.58333333333333,0,0.5]
[5,120.66666666666667,0,0.5]
[0,120.75,0,0.5]
[4,120.83333333333333,0,0.5]
[2,120.91666666666667,0,0.5]
[3,121,1,0.5]
[7,121,0,0.5]
[2,121.5,1,0.5]
[4,121.5,0,0.5]
[3,122,0,0.25]
[4,122.0625,0,0.25]
[5,122.125,0,0.25]
[7,122.25,0,0.25]
[6,122.25,0,0.25]
[2,122.375,0,0.25]
[0,122.4375,0,0.25]
[2,122.5,0,0.25]
[0,122.5625,0,0.25]
[5,122.625,0,0.25]
[4,122.6875,0,0.25]
[6,122.75,0,0.25]
[7,122.8125,0,0.25]
[8,122.875,0,0.25]
[3,122.9375,0,0.25]
[5,123,0,0.25]
[4,123.0625,0,0.25]
[0,123.125,0,0.25]
[1,123.1875,0,0.25]
[2,123.25,0,0.25]
[3,123.3125,0,0.25]
[8,123.375,0,0.25]
[7,123.4375,0,0.25]
[6,123.5,0,0.25]
[7,123.5625,0,0.25]
[5,123.625,0,0.25]
[4,123.6875,0,0.25]
[0,123.75,0,0.25]
[1,123.75,0,0.25]
[8,124,0,0.125]
[7,124,0,0.125]
[8,124.125,0,0.125]
[3,124.25,0,0.125]
[3,124.375,0,0.125]
[2,124.5,0,0.125]
[2,124.625,0,0.125]
[0,124.75,0,0.125]
[0,124.875,0,0.125]
[7,125,0,0.25]
[5,125,0,0.125]
[5,125.125,0,0.125]
[6,125.25,0,0.125]
[6,125.375,0,0.125]
[2,125.5,0,0.25]
[2,125.625,0,0.125]
[3,125.75,0,0.25]
[4,125.8125,0,0.25]
[5,125.875,0,0.25]
[4,125.9375,0,0.25]
[6,126,0,0.25]
[7,126,0,0.25]
[6,126.125,0,0.25]
[5,126.25,0,0.25]
[5,126.375,0,0.25]
[0,126.5,0,0.25]
[0,126.625,0,0.25]
[5,126.75,0,0.25]
[4,126.8125,0,0.25]
[3,126.875,0,0.25]
[4,126.9375,0,0.25]
[8,127,1,0.25]
[7,127,0,0.25]
[0,127.25,1,0.25]
[2,127.5,1,0.25]
[1,127.5,0,0.25]
[3,127.75,1,0.25]
[5,128,0,0.25]
[7,128,0,0.25]
[5,128.125,0,0.25]
[0,128.25,0,0.25]
[0,128.375,0,0.25]
[2,128.5,0,0.25]
[2,128.625,0,0.25]
[3,128.75,0,0.25]
[4,128.8125,0,0.25]
[5,128.875,0,0.25]
[4,128.9375,0,0.25]
[0,129,0,0.25]
[1,129,0,0.25]
[0,129.125,0,0.25]
[8,129.25,0,0.25]
[8,129.375,0,0.25]
[3,129.5,0,0.25]
[3,129.625,0,0.25]
[2,129.75,0,0.25]
[2,129.875,0,0.25]
[6,130,0,0.25]
[7,130.0625,0,0.25]
[5,130.125,0,0.25]
[4,130.1875,0,0.25]
[0,130.25,0,0.25]
[2,130.3125,0,0.25]
[0,130.375,0,0.25]
[2,130.4375,0,0.25]
[3,130.5,0,0.25]
[4,130.5625,0,0.25]
[5,130.625,0,0.25]
[4,130.6875,0,0.25]
[0,130.75,0,0.25]
[1,130.8125,0,0.25]
[8,130.875,0,0.25]
[7,130.9375,0,0.25]
[3,131,0,0.25]
[4,131.0625,0,0.25]
[5,131.125,0,0.25]
[4,131.1875,0,0.25]
[0,131.25,0,0.25]
[2,131.3125,0,0.25]
[0,131.375,0,0.25]
[2,131.4375,0,0.25]
[3,131.5,0,0.25]
[4,131.5625,0,0.25]
[8,131.625,0,0.25]
[7,131.6875,0,0.25]
[6,131.75,0,0.25]
[7,131.8125,0,0.25]
[5,131.875,0,0.25]
[4,131.9375,0,0.25]
[1,132,0,0.25]
[0,132,0,0.25]
[8,132.25,0,0.25]
[3,132.5,0,0.25]
[2,132.75,0,0.25]
[6,133,0,0.25]
[7,133,0,0.25]
[5,133.25,0,0.25]
[0,133.5,0,0.25]
[2,133.75,0,0.25]
[1,133.8125,0,0.25]
[3,133.875,0,0.25]
[4,133.9375,0,0.25]
[8,134.25,0,0.25]
[0,134.5,0,0.25]
[1,134.5,0,0.25]
[5,134.75,0,0.25]
[7,135,0,0.25]
[6,135,0,0.25]
[2,135.25,0,0.25]
[4,135.33333333333334,0,0.25]
[3,135.41666666666666,0,0.25]
[8,135.5,0,0.25]
[7,135.58333333333334,0,0.25]
[0,135.66666666666666,0,0.25]
[1,135.75,0,0.25]
[2,135.83333333333334,0,0.25]
[4,135.91666666666666,0,0.25]
[6,136,0,0.25]
[3,136.25,0,0.25]
[5,136.5,0,0.25]
[7,136.5,0,0.25]
[0,136.75,0,0.25]
[1,136.8125,0,0.25]
[2,136.875,0,0.25]
[4,136.9375,0,0.25]
[3,137,0,0.25]
[7,137,0,0.25]
[5,137.25,0,0.25]
[3,137.5,0,0.25]
[4,137.625,0,0.25]
[8,137.75,0,0.25]
[7,138,0,0.25]
[6,138,0,0.25]
[2,138.125,0,0.25]
[3,138.25,0,0.25]
[4,138.375,0,0.25]
[5,138.375,0,0.25]
[0,138.5,0,0.25]
[8,138.625,0,0.25]
[3,138.75,0,0.25]
[7,138.75,0,0.25]
[2,138.875,0,0.25]
[1,139,1,0.25]
[4,139,0,0.25]
[5,139.25,0,0.25]
[4,139.3125,0,0.25]
[3,139.375,0,0.25]
[4,139.4375,0,0.25]
[2,139.5,1,0.25]
[0,139.75,0,0.25]
[4,139.8125,0,0.25]
[5,139.875,1,0.125]
[3,140,1,0.125]
[8,140.125,0,0.125]
[7,140.1875,0,0.125]
[6,140.25,0,0.125]
[7,140.3125,0,0.125]
[2,140.375,0,0.125]
[1,140.4375,0,0.125]
[3,140.5,0,0.125]
[4,140.5625,0,0.125]
[8,140.625,0,0.125]
[7,140.6875,0,0.125]
[0,140.75,0,0.125]
[1,140.8125,0,0.125]
[5,140.875,0,0.125]
[4,140.9375,0,0.125]
[3,141,0,0.125]
[4,141.0625,0,0.125]
[8,141.125,0,0.125]
[7,141.1875,0,0.125]
[6,141.25,1,0.125]
[5,141.375,0,0.125]
[4,141.4375,0,0.125]
[0,141.5,0,0.125]
[1,141.5625,0,0.125]
[2,141.625,0,0.125]
[1,141.6875,0,0.125]
[3,141.75,0,0.125]
[4,141.8125,0,0.125]
[5,141.875,0,0.125]
[4,141.9375,0,0.125]
[6,142,0,0.125]
[7,142,0,0.125]
[8,142.125,0,0.125]
[0,142.25,0,0.125]
[1,142.3125,0,0.25]
[2,142.375,0,0.125]
[3,142.5,0,0.5]
[5,142.625,0,0.5]
[4,142.625,0,0.25]
[6,142.75,0,0.5]
[7,142.8125,0,0.5]
[8,142.875,1,0.125]
[0,143,1,0.125]
[5,143.125,1,0.375]
[3,143.5,1,0.125]
[7,143.625,1,0.125]
[8,143.75,1,0.125]
[6,143.875,0,0.125]
[5,144,0,0.125]
[0,144.125,0,0.125]
[4,144.125,0,0.125]
[8,144.25,0,0.125]
[7,144.3125,0,0.125]
[3,144.375,0,0.125]
[2,144.5,0,0.125]
[1,144.625,0,0.125]
[0,144.625,0,0.125]
[5,144.75,0,0.125]
[4,144.8125,0,0.125]
[3,144.875,0,0.125]
[8,145,0,0.125]
[7,145.125,0,0.125]
[6,145.125,0,0.125]
[2,145.25,0,0.125]
[4,145.3125,0,0.125]
[3,145.375,0,0.125]
[5,145.5,0,0.125]
[7,145.625,0,0.5]
[6,145.625,0,0.125]
[2,145.75,0,0.125]
[1,145.8125,0,0.125]
[0,145.875,0,0.125]
[7,146,0,0.125]
[8,146,0,0.125]
[3,146.125,0,0.25]
[4,146.1875,0,0.5]
[5,146.25,0,0.25]
[4,146.3125,0,0.125]
[7,146.375,0,0.5]
[6,146.375,0,0.25]
[2,146.5,0,0.125]
[1,146.5625,0,0.125]
[3,146.625,0,0.25]
[4,146.6875,0,0.125]
[7,146.75,0,0.125]
[8,146.75,0,0.125]
[0,146.875,0,0.125]
[1,146.9375,0,0.125]
[5,147,0,0.25]
[4,147.0625,0,0.125]
[7,147.125,0,0.5]
[6,147.125,0,0.25]
[2,147.25,0,0.25]
[1,147.3125,0,0.125]
[0,147.375,0,0.125]
[1,147.4375,0,0.125]
[5,147.5,0,0.125]
[4,147.5625,0,0.125]
[3,147.625,0,0.125]
[4,147.6875,0,0.125]
[8,147.75,0,0.125]
[7,147.75,0,0.125]
[0,148,0,0.125]
[4,148.125,0,0.125]
[5,148.125,0,0.125]
[3,148.25,0,0.125]
[7,148.3125,0,0.125]
[8,148.375,0,0.125]
[6,148.5,0,0.125]
[1,148.625,0,0.125]
[2,148.625,0,0.125]
[0,148.75,0,0.125]
[4,148.8125,0,0.125]
[5,148.875,0,0.125]
[3,149,0,0.125]
[7,149.125,0,0.125]
[8,149.125,0,0.125]
[0,149.25,0,0.125]
[1,149.3125,0,0.125]
[2,149.375,0,0.125]
[3,149.5,0,0.25]
[7,149.58333333333334,0,0.125]
[5,149.66666666666666,0,0.125]
[0,149.75,0,0.25]
[1,149.8125,0,0.25]
[2,149.875,0,0.25]
[3,150,0,0.25]
[4,150,0,0.25]
[5,150.08333333333334,0,0.25]
[7,150.16666666666666,0,0.25]
[0,150.25,0,0.25]
[1,150.3125,0,0.25]
[2,150.375,1,0.125]
[6,150.5,1,0.125]
[8,150.625,1,0.125]
[3,150.75,0,0.125]
[4,150.8125,0,0.125]
[5,150.875,0,0.125]
[4,150.9375,0,0.125]
[0,151,0,0.125]
[1,151.0625,0,0.125]
[8,151.125,0,0.125]
[7,151.1875,0,0.125]
[3,151.25,1,0.125]
[2,151.375,1,0.125]
[4,151.5,1,0.375]
[6,151.875,0,0.125]
[7,152,0,0.25]
[8,152,1,0.25]
[0,152.25,0,0.25]
[5,152.375,0,0.25]
[3,152.5,0,0.25]
[4,152.625,0,0.25]
[2,152.75,0,0.25]
[6,152.875,0,0.25]
[8,153,0,0.25]
[7,153.125,0,0.25]
[0,153.25,0,0.25]
[5,153.375,0,0.25]
[3,153.5,0,0.25]
[4,153.625,0,0.25]
[1,153.75,0,0.25]
[2,153.75,0,0.25]
[6,153.875,0,0.25]
[7,154,0,0.25]
[5,154,0,0.25]
[0,154.125,0,0.25]
[8,154.25,0,0.25]
[4,154.375,0,0.25]
[3,154.375,0,0.25]
[2,154.5,0,0.25]
[6,154.625,0,0.25]
[5,154.6875,0,0.375]
[6,154.75,0,0.375]
[5,154.8125,0,0.375]
[3,154.875,0,0.375]
[4,154.9375,0,0.375]
[8,155,0,0.25]
[7,155.0625,0,0.25]
[6,155.125,0,0.25]
[7,155.1875,0,0.25]
[5,155.25,0,0.25]
[4,155.3125,0,0.25]
[3,155.375,0,0.25]
[4,155.4375,0,0.25]
[2,155.5,0,0.25]
[1,155.5625,0,0.25]
[0,155.625,0,0.25]
[1,155.6875,0,0.25]
[4,155.75,0,0.25]
[5,155.75,0,0.25]
[7,156,0,0.25]
[6,156,1,0.25]
[5,156.25,0,0.25]
[4,156.3125,0,0.25]
[0,156.375,0,0.25]
[1,156.4375,0,0.25]
[8,156.5,0,0.25]
[7,156.5625,0,0.25]
[3,156.625,0,0.25]
[4,156.6875,0,0.25]
[5,156.75,0,0.25]
[6,156.8125,0,0.25]
[5,156.875,0,0.25]
[6,156.9375,0,0.25]
[8,157,0,0.25]
[7,157.0625,0,0.25]
[0,157.125,0,0.25]
[1,157.1875,0,0.25]
[5,157.25,0,0.25]
[4,157.3125,0,0.25]
[3,157.375,0,0.25]
[4,157.4375,0,0.25]
[8,157.5,0,0.25]
[7,157.5625,0,0.25]
[6,157.625,0,0.25]
[7,157.6875,0,0.25]
[4,157.75,0,0.25]
[5,157.75,0,0.25]
[0,158,0,0.5]
[1,158,0,0.5]
[8,158.125,0,0.5]
[3,158.25,0,0.5]
[5,158.375,0,0.5]
[0,158.5,0,0.25]
[4,158.5,0,0.25]
[2,158.625,0,0.5]
[1,158.6875,0,0.25]
[3,158.75,0,0.5]
[8,158.875,0,0.5]
[6,159,0,0.25]
[7,159,0,0.25]
[5,159.125,0,0.25]
[0,159.25,0,0.25]
[8,159.375,0,0.25]
[3,159.5,0,0.25]
[7,159.5,0,0.25]
[2,159.625,0,0.25]
[0,159.75,0,0.25]
[5,159.875,0,0.25]
[4,160,0,0.25]
[3,160,0,0.25]
[8,160.125,0,0.25]
[6,160.25,0,0.25]
[5,160.375,0,0.25]
[0,160.5,0,0.25]
[4,160.5,0,0.25]
[2,160.625,0,0.25]
[6,160.75,0,0.25]
[7,160.8125,0,0.25]
[5,160.875,0,0.25]
[4,160.9375,0,0.25]
[0,161,0,0.25]
[1,161.0625,0,0.25]
[2,161.125,0,0.25]
[1,161.1875,0,0.25]
[6,161.25,0,0.25]
[7,161.3125,0,0.25]
[8,161.375,0,0.25]
[7,161.4375,0,0.25]
[3,161.5,0,0.25]
[4,161.5625,0,0.25]
[2,161.625,0,0.25]
[1,161.6875,0,0.25]
[6,161.75,0,0.25]
[7,161.75,0,0.25]
[8,161.875,0,0.25]
[0,162,0,0.25]
[4,162,0,0.25]
[5,162.125,0,0.25]
[3,162.25,0,0.25]
[7,162.25,0,0.25]
[8,162.375,0,0.25]
[1,162.5,0,0.25]
[4,162.5,0,0.25]
[2,162.625,0,0.25]
[3,162.75,0,0.25]
[6,162.75,0,0.25]
[5,162.875,0,0.25]
[4,162.9375,0,0.25]
[0,163,0,0.25]
[1,163.0625,0,0.25]
[2,163.125,0,0.25]
[1,163.1875,0,0.25]
[6,163.25,0,0.25]
[7,163.3125,0,0.25]
[5,163.375,0,0.25]
[4,163.4375,0,0.25]
[3,163.5,0,0.25]
[4,163.5625,0,0.25]
[2,163.625,0,0.5]
[2,163.75,0,0.5]
[0,164,0,0.25]
[1,164,0,0.25]
[8,164.25,0,0.25]
[7,164.3125,0,0.25]
[6,164.375,0,0.25]
[7,164.4375,0,0.25]
[2,164.5,0,0.125]
[1,164.5625,0,0.125]
[3,164.625,0,0.125]
[4,164.6875,0,0.125]
[8,164.75,0,0.125]
[7,164.8125,0,0.125]
[0,164.875,0,0.125]
[1,164.9375,0,0.125]
[5,165,0,0.125]
[4,165.0625,0,0.125]
[3,165.125,0,0.125]
[4,165.1875,0,0.125]
[2,165.25,0,0.125]
[1,165.3125,0,0.125]
[0,165.375,0,0.125]
[1,165.4375,0,0.125]
[8,165.5,0,0.125]
[7,165.5625,0,0.125]
[3,165.625,0,0.25]
[4,165.6875,0,0.25]
[1,165.75,0,0.25]
[2,165.75,0,0.25]
[6,166,0,0.125]
[7,166.0625,0,0.125]
[2,166.125,0,0.125]
[1,166.1875,0,0.125]
[3,166.25,0,0.125]
[4,166.3125,0,0.125]
[5,166.375,0,0.125]
[4,166.4375,0,0.125]
[0,166.5,0,0.125]
[1,166.5625,0,0.125]
[8,166.625,0,0.125]
[7,166.6875,0,0.125]
[3,166.75,0,0.5]
[4,166.8125,0,0.25]
[5,166.875,0,0.125]
[4,166.9375,0,0.125]
[1,167,0,0.5]
[0,167,0,0.5]
[2,167.5,0,0.125]
[1,167.5625,0,0.125]
[0,167.625,0,0.125]
[1,167.6875,0,0.125]
[5,167.75,0,0.125]
[4,167.8125,0,0.125]
[3,167.875,0,0.125]
[4,167.9375,0,0.125]
[7,168,0,0.25]
[8,168,1,0.25]
[0,168.25,1,0.25]
[1,168.25,0,0.25]
[5,168.5,0,0.25]
[3,168.625,0,0.125]
[2,168.75,0,0.25]
[6,168.875,0,0.125]
[7,168.9375,0,0.125]
[4,169,0,0.25]
[5,169,1,0.25]
[1,169.25,0,0.25]
[0,169.25,1,0.25]
[8,169.5,0,0.25]
[3,169.625,0,0.25]
[4,169.6875,0,0.125]
[2,169.75,0,0.25]
[6,169.875,0,0.25]
[7,170,0,0.25]
[8,170,1,0.25]
[4,170.25,0,0.25]
[0,170.25,1,0.25]
[2,170.5,0,0.25]
[3,170.625,0,0.25]
[4,170.6875,0,0.125]
[5,170.75,0,0.25]
[6,170.875,0,0.25]
[4,171,0,0.25]
[2,171,1,0.25]
[0,171.25,1,0.25]
[3,171.25,0,0.25]
[7,171.5,0,0.25]
[5,171.5,1,0.5]
[7,171.75,0,0.25]
[3,172,1,0.25]
[6,172,0,0.25]
[4,172.25,0,0.25]
[2,172.25,1,0.25]
[0,172.5,0,0.25]
[8,172.625,0,0.25]
[3,172.75,0,0.25]
[5,172.875,0,0.25]
[4,172.9375,0,0.125]
[0,173,1,0.25]
[1,173,0,0.25]
[8,173.25,1,0.25]
[7,173.25,0,0.25]
[6,173.5,0,0.25]
[5,173.625,0,0.25]
[3,173.75,0,0.25]
[2,173.875,0,0.25]
[1,173.9375,0,0.125]
[0,174,0,0.25]
[1,174.0625,0,0.25]
[5,174.125,0,0.25]
[4,174.1875,0,0.25]
[6,174.25,0,0.25]
[7,174.3125,0,0.25]
[8,174.375,0,0.25]
[7,174.4375,0,0.25]
[3,174.5,0,0.25]
[4,174.5625,0,0.25]
[2,174.625,0,0.25]
[1,174.6875,0,0.25]
[0,174.75,0,0.25]
[5,174.8125,0,0.25]
[0,174.875,0,0.25]
[5,174.9375,0,0.25]
[3,175,0,0.25]
[4,175.0625,0,0.25]
[8,175.125,0,0.25]
[7,175.1875,0,0.25]
[0,175.25,0,0.25]
[1,175.3125,0,0.25]
[5,175.375,0,0.25]
[4,175.4375,0,0.25]
[6,175.5,0,0.25]
[7,175.5625,0,0.375]
[2,175.625,0,0.375]
[1,175.6875,0,0.375]
[3,175.75,0,0.25]
[4,175.75,0,0.25]
[8,176,0,0.25]
[7,176.0625,0,0.25]
[6,176.125,0,0.25]
[7,176.1875,0,0.25]
[5,176.25,0,0.25]
[4,176.3125,0,0.25]
[3,176.375,0,0.25]
[4,176.4375,0,0.25]
[2,176.5,0,0.25]
[1,176.5625,0,0.25]
[6,176.625,0,0.25]
[7,176.6875,0,0.25]
[5,176.75,0,0.25]
[4,176.8125,0,0.25]
[0,176.875,0,0.25]
[1,176.9375,0,0.25]
[8,177,0,0.25]
[7,177.0625,0,0.25]
[6,177.125,0,0.25]
[7,177.1875,0,0.25]
[2,177.25,0,0.25]
[1,177.3125,0,0.25]
[0,177.375,0,0.25]
[1,177.4375,0,0.25]
[5,177.5,0,0.25]
[4,177.5625,0,0.25]
[6,177.625,0,0.25]
[7,177.6875,0,0.25]
[2,177.75,0,0.25]
[1,177.8125,0,0.25]
[3,177.875,0,0.25]
[4,177.9375,0,0.25]
[2,178,0,0.25]
[1,178.0625,0,0.25]
[0,178.125,0,0.25]
[1,178.1875,0,0.25]
[5,178.25,0,0.25]
[4,178.3125,0,0.25]
[3,178.375,0,0.25]
[4,178.4375,0,0.25]
[8,178.5,0,0.25]
[7,178.5625,0,0.25]
[0,178.625,0,0.25]
[1,178.6875,0,0.25]
[5,178.75,0,0.25]
[4,178.8125,0,0.25]
[6,178.875,0,0.25]
[7,178.9375,0,0.25]
[2,179,0,0.25]
[1,179.0625,0,0.125]
[3,179.125,0,0.125]
[4,179.1875,0,0.125]
[8,179.25,0,0.125]
[7,179.3125,0,0.25]
[0,179.375,0,0.125]
[1,179.4375,0,0.125]
[2,179.5,0,0.25]
[4,179.5625,0,0.125]
[3,179.625,0,0.125]
[7,179.6875,0,0.125]
[5,179.75,0,0.25]
[4,179.8125,0,0.125]
[0,179.875,0,0.125]
[1,179.9375,0,0.125]
[8,180,0,0.125]
[7,180.0625,0,0.125]
[6,180.125,0,0.125]
[7,180.1875,0,0.125]
[2,180.25,0,0.125]
[1,180.3125,0,0.125]
[0,180.375,0,0.125]
[1,180.4375,0,0.125]
[5,180.5,0,0.25]
[4,180.5625,0,0.25]
[6,180.625,0,0.125]
[7,180.6875,0,0.125]
[2,180.75,0,0.125]
[1,180.8125,0,0.125]
[3,180.875,0,0.25]
[4,180.9375,0,0.25]
[8,181,0,0.125]
[7,181.0625,0,0.125]
[6,181.125,0,0.125]
[7,181.1875,0,0.125]
[5,181.25,0,0.25]
[4,181.3125,0,0.25]
[3,181.375,0,0.25]
[4,181.4375,0,0.25]
[8,181.5,0,0.25]
[7,181.5625,0,0.25]
[0,181.625,0,0.25]
[1,181.6875,0,0.25]
[5,181.75,0,0.25]
[4,181.8125,0,0.25]
[6,181.875,0,0.25]
[7,181.9375,0,0.25]
[8,182,0,0.5]
[3,182.0625,0,0.25]
[8,182.125,0,0.5]
[3,182.1875,0,0.5]
[5,182.25,0,0.5]
[0,182.3125,0,0.5]
[5,182.375,0,0.5]
[0,182.4375,0,0.5]
[2,182.5,0,0.5]
[1,182.5625,0,0.5]
[3,182.625,0,0.5]
[5,182.6875,0,0.5]
[3,182.75,0,0.375]
[5,182.8125,0,0.5]
[3,182.875,0,0.375]
[5,182.9375,0,0.5]
[7,183,0,0.5]
[6,183,1,0.5]
[5,183.5,1,0.5]
[8,183.5,0,0.5]
[3,184,0,0.25]
[2,184.25,0,0.25]
[1,184.3125,0,0.25]
[0,184.375,0,0.25]
[1,184.4375,0,0.25]
[5,184.5,0,0.25]
[4,184.5625,0,0.25]
[3,184.625,0,0.25]
[4,184.6875,0,0.25]
[8,184.75,0,0.25]
[7,184.8125,0,0.25]
[6,184.875,0,0.25]
[7,184.9375,0,0.25]
[2,185,0,0.25]
[1,185.0625,0,0.25]
[0,185.125,0,0.25]
[1,185.1875,0,0.25]
[8,185.25,0,0.25]
[7,185.3125,0,0.25]
[6,185.375,0,0.25]
[7,185.4375,0,0.25]
[5,185.5,0,0.25]
[4,185.5625,0,0.25]
[3,185.625,0,0.25]
[4,185.6875,0,0.25]
[2,185.75,0,0.25]
[1,185.8125,0,0.25]
[0,185.875,0,0.25]
[1,185.9375,0,0.25]
[8,186,0,0.25]
[7,186.0625,0,0.25]
[3,186.125,0,0.25]
[4,186.1875,0,0.25]
[2,186.25,0,0.25]
[1,186.3125,0,0.25]
[0,186.375,0,0.25]
[1,186.4375,0,0.25]
[5,186.5,0,0.25]
[4,186.5625,0,0.125]
[6,186.625,0,0.25]
[7,186.6875,0,0.125]
[2,186.75,0,0.25]
[1,186.8125,0,0.25]
[0,186.875,0,0.25]
[1,186.9375,0,0.25]
[5,187,0,0.25]
[4,187.0625,0,0.25]
[6,187.125,0,0.25]
[7,187.1875,0,0.25]
[2,187.25,0,0.25]
[1,187.3125,0,0.25]
[3,187.375,0,0.25]
[4,187.4375,0,0.25]
[8,187.5,0,0.25]
[7,187.5625,0,0.25]
[0,187.625,0,0.25]
[1,187.6875,0,0.25]
[5,187.75,0,0.25]
[4,187.8125,0,0.25]
[6,187.875,0,0.25]
[7,187.9375,0,0.25]
[1,188,0,0.125]
[2,188,0,0.25]
[0,188.25,0,0.25]
[1,188.3125,0,0.25]
[2,188.375,0,0.25]
[1,188.4375,0,0.25]
[3,188.5,0,0.25]
[4,188.5625,0,0.25]
[5,188.625,0,0.25]
[4,188.6875,0,0.25]
[6,188.75,0,0.25]
[7,188.8125,0,0.25]
[2,188.875,0,0.25]
[1,188.9375,0,0.25]
[3,189,0,0.25]
[4,189.0625,0,0.25]
[8,189.125,0,0.25]
[7,189.1875,0,0.25]
[0,189.25,0,0.25]
[1,189.3125,0,0.25]
[2,189.375,0,0.25]
[1,189.4375,0,0.125]
[6,189.5,0,0.25]
[7,189.5625,0,0.25]
[5,189.625,0,0.25]
[4,189.6875,0,0.25]
[3,189.75,0,0.25]
[8,190,1,0.125]
[3,190.125,1,0.125]
[2,190.25,1,0.125]
[1,190.375,1,0.125]
[6,190.5,1,0.125]
[7,190.625,1,0.125]
[4,190.75,0,0.125]
[5,190.75,0,0.125]
[0,190.875,0,0.125]
[1,191,0,0.125]
[2,191,0,0.125]
[4,191.125,0,0.125]
[3,191.125,0,0.125]
[7,191.25,0,0.125]
[8,191.25,0,0.125]
[0,191.375,0,0.125]
[1,191.4375,0,0.125]
[2,191.5,0,0.125]
[1,191.5625,0,0.125]
[3,191.625,0,0.125]
[4,191.6875,0,0.125]
[8,191.75,0,0.125]
[7,191.8125,0,0.125]
[6,191.875,0,0.125]
[7,191.9375,0,0.125]
[5,192,0,0.125]
[4,192.0625,0,0.125]
[0,192.125,0,0.125]
[1,192.1875,0,0.125]
[2,192.25,0,0.125]
[1,192.3125,0,0.125]
[3,192.375,0,0.125]
[4,192.4375,0,0.125]
[8,192.5,0,0.125]
[6,192.5625,0,0.125]
[8,192.625,0,0.125]
[6,192.6875,0,0.125]
[5,192.75,0,0.125]
[3,192.8125,0,0.125]
[5,192.875,0,0.125]
[3,192.9375,0,0.125]
[1,193,0,0.5]
[2,193,0,0.125]