[4,0.25,0,0.25]
[8,0.375,0,0.25]
[7,0.4375,0,0.25]
[6,0.5,0,0.25]
[2,0.625,0,0.25]
[1,0.6875,0,0.25]
[0,0.75,0,0.25]
[1,0.8125,0,0.25]
[5,0.875,0,0.25]
[6,1,0,0.25]
[7,1.0625,0,0.25]
[8,1.125,0,0.25]
[7,1.1875,0,0.25]
[3,1.25,0,0.25]
[2,1.375,0,0.25]
[1,1.4375,0,0.25]
[3,1.5,0,0.25]
[4,1.5625,0,0.25]
[8,1.625,0,0.25]
[7,1.6875,0,0.25]
[0,1.75,0,0.25]
[1,1.8125,0,0.25]
[5,1.875,0,0.25]
[4,1.9375,0,0.25]
[6,2,0,0.25]
[7,2.25,0,0.25]
[8,2.25,0,0.25]
[2,3.125,0,0.25]
[1,3.1875,0,0.25]
[0,3.25,1,0.25]
[8,3.5,0,0.25]
[7,3.5625,0,0.25]
[6,3.625,0,0.25]
[7,3.6875,0,0.25]
[5,3.75,0,0.25]
[4,3.8125,0,0.25]
[3,3.875,0,0.25]
[4,3.9375,0,0.25]
[2,4,0,0.25]
[1,4.0625,0,0.25]
[0,4.125,0,0.25]
[1,4.1875,0,0.25]
[8,4.25,0,0.25]
[7,4.25,0,0.25]
[2,5.25,0,0.25]
[1,5.3125,0,0.25]
[0,5.375,0,0.25]
[1,5.4375,0,0.25]
[5,5.5,0,0.25]
[4,5.5625,0,0.25]
[3,5.625,0,0.25]
[4,5.6875,0,0.25]
[8,5.75,0,0.25]
[7,5.8125,0,0.25]
[6,5.875,0,0.25]
[7,5.9375,0,0.25]
[5,6,0,0.25]
[4,6.0625,0,0.25]
[3,6.125,0,0.25]
[4,6.1875,0,0.25]
[2,6.25,0,0.25]
[1,6.375,0,0.25]
[6,6.5,0,0.25]
[7,6.625,0,0.25]
[0,6.75,0,0.25]
[3,6.875,0,0.25]
[8,7,0,0.25]
[5,7.125,0,0.25]
[1,7.25,0,0.25]
[3,7.375,0,0.25]
[7,7.5,0,0.25]
[5,7.625,0,0.25]
[0,7.75,0,0.25]
[6,7.875,0,0.25]
[8,8,0,0.25]
[2,8.125,0,0.25]
[0,8.25,0,0.25]
[1,8.25,0,0.25]
[5,8.375,0,0.25]
[4,8.5,0,0.25]
[6,8.625,0,0.25]
[7,8.625,0,0.25]
[5,8.75,0,0.25]
[4,8.875,0,0.25]
[0,9,0,0.125]
[1,9,0,0.25]
[5,9.125,0,0.25]
[6,9.25,1,0.25]
[7,9.25,1,0.25]
[5,9.5,0,0.25]
[4,9.5625,0,0.25]
[3,9.625,0,0.25]
[4,9.6875,0,0.25]
[2,9.75,1,0.25]
[1,9.75,1,0.25]
[3,10,0,0.25]
[4,10.0625,0,0.25]
[8,10.125,0,0.25]
[7,10.1875,0,0.25]
[6,10.25,0,0.25]
[3,10.375,0,0.25]
[2,10.5,0,0.25]
[5,10.625,0,0.25]
[0,10.75,0,0.25]
[1,10.875,0,0.25]
[8,11,0,0.25]
[7,11.125,0,0.25]
[3,11.25,0,0.25]
[5,11.375,0,0.25]
[0,11.5,0,0.25]
[2,11.625,0,0.25]
[3,11.75,0,0.25]
[5,11.875,0,0.25]
[6,12,0,0.25]
[8,12.125,0,0.25]
[1,12.25,0,0.25]
[6,12.375,0,0.25]
[5,12.5,0,0.25]
[0,12.625,0,0.25]
[7,12.75,0,0.25]
[2,12.875,0,0.25]
[3,13,0,0.25]
[4,13.125,0,0.25]
[2,13.25,0,0.25]
[1,13.3125,0,0.25]
[0,13.375,0,0.25]
[1,13.4375,0,0.25]
[5,13.5,0,0.25]
[4,13.5625,0,0.25]
[3,13.625,0,0.25]
[4,13.6875,0,0.25]
[8,13.75,0,0.25]
[7,13.8125,0,0.25]
[6,13.875,0,0.25]
[7,13.9375,0,0.25]
[5,14,0,0.25]
[4,14.0625,0,0.25]
[3,14.125,0,0.25]
[4,14.1875,0,0.25]
[8,14.25,0,0.25]
[7,14.375,0,0.25]
[0,14.5,0,0.25]
[1,14.625,0,0.25]
[2,14.75,0,0.25]
[5,14.875,0,0.25]
[6,15,0,0.25]
[3,15.125,0,0.25]
[8,15.25,0,0.25]
[6,15.375,0,0.25]
[5,15.5,0,0.25]
[3,15.625,0,0.25]
[2,15.75,0,0.25]
[0,15.875,0,0.25]
[5,16,0,0.25]
[3,16.125,0,0.25]
[1,16.25,0,0.25]
[2,16.25,0,0.25]
[6,16.375,0,0.25]
[4,16.5,0,0.25]
[5,16.5,0,0.25]
[0,16.625,0,0.25]
[7,16.75,0,0.25]
[8,16.75,0,0.25]
[3,16.875,0,0.25]
[4,17,0,0.25]
[5,17,0,0.25]
[6,17.125,0,0.25]
[1,17.25,1,0.25]
[2,17.25,1,0.25]
[3,17.5,0,0.25]
[4,17.5625,0,0.25]
[5,17.625,0,0.25]
[4,17.6875,0,0.25]
[6,17.75,1,0.25]
[7,17.75,1,0.25]
[2,18,0,0.25]
[1,18.0625,0,0.25]
[0,18.125,0,0.25]
[1,18.1875,0,0.25]
[5,18.25,0,0.25]
[4,18.25,0,0.25]
[3,18.375,0,0.25]
[8,18.5,0,0.25]
[7,18.625,0,0.25]
[0,18.75,0,0.25]
[1,18.875,0,0.25]
[6,19,0,0.25]
[3,19.125,0,0.25]
[2,19.25,0,0.25]
[2,19.375,0,0.25]
[0,19.5,0,0.25]
[0,19.625,0,0.25]
[8,19.75,0,0.25]
[8,19.875,0,0.25]
[6,20,0,0.25]
[6,20.125,0,0.25]
[1,20.25,0,0.25]
[5,20.375,0,0.25]
[7,20.5,0,0.25]
[3,20.625,0,0.25]
[2,20.75,0,0.25]
[8,20.875,0,0.25]
[6,21,0,0.25]
[0,21.125,0,0.25]
[8,21.25,0,0.25]
[7,21.3125,0,0.25]
[6,21.375,0,0.25]
[7,21.4375,0,0.25]
[5,21.5,0,0.25]
[4,21.5625,0,0.25]
[3,21.625,0,0.25]
[4,21.6875,0,0.25]
[2,21.75,0,0.25]
[1,21.8125,0,0.25]
[0,21.875,0,0.25]
[1,21.9375,0,0.25]
[8,22,0,0.25]
[7,22.0625,0,0.25]
[6,22.125,0,0.25]
[7,22.1875,0,0.25]
[5,22.25,0,0.25]
[1,22.375,0,0.25]
[3,22.5,0,0.25]
[7,22.625,0,0.25]
[2,22.75,0,0.25]
[0,22.875,0,0.25]
[6,23,0,0.25]
[8,23.125,0,0.25]
[1,23.25,0,0.25]
[6,23.375,0,0.25]
[5,23.5,0,0.25]
[0,23.625,0,0.25]
[7,23.75,0,0.25]
[2,23.875,0,0.25]
[3,24,0,0.25]
[8,24.125,0,0.25]
[0,24.25,0,0.25]
[1,24.25,0,0.25]
[5,24.375,0,0.25]
[4,24.5,0,0.25]
[6,24.625,0,0.25]
[7,24.625,0,0.25]
[5,24.75,0,0.25]
[4,24.875,0,0.25]
[0,25,0,0.25]
[1,25,0,0.25]
[5,25.125,0,0.25]
[6,25.25,1,0.25]
[7,25.25,1,0.25]
[5,25.5,0,0.25]
[4,25.5625,0,0.25]
[3,25.625,0,0.25]
[4,25.6875,0,0.25]
[2,25.75,1,0.25]
[1,25.75,1,0.25]
[6,26,0,0.25]
[7,26.0625,0,0.25]
[5,26.125,0,0.25]
[4,26.1875,0,0.25]
[3,26.25,0,0.25]
[2,26.375,0,0.25]
[7,26.5,0,0.25]
[0,26.625,0,0.25]
[5,26.75,0,0.25]
[6,26.875,0,0.25]
[1,27,0,0.25]
[8,27.125,0,0.25]
[0,27.25,1,0.125]
[1,27.375,1,0.125]
[5,27.5,1,0.125]
[4,27.625,1,0.125]
[6,27.75,1,0.125]
[7,27.875,1,0.125]
[5,28,1,0.125]
[4,28.125,1,0.125]
[0,28.25,0,0.125]
[1,28.375,0,0.125]
[2,28.5,0,0.125]
[7,28.625,0,0.125]
[0,28.75,0,0.125]
[5,28.875,0,0.125]
[6,29,0,0.125]
[1,29.125,0,0.125]
[8,29.25,1,0.125]
[7,29.375,1,0.125]
[3,29.5,1,0.125]
[4,29.625,1,0.125]
[2,29.75,1,0.125]
[1,29.875,1,0.125]
[3,30,1,0.125]
[4,30.125,1,0.125]
[8,30.25,0,0.125]
[7,30.375,0,0.125]
[6,30.5,0,0.125]
[1,30.625,0,0.125]
[8,30.75,0,0.125]
[3,30.875,0,0.125]
[2,31,0,0.125]
[7,31.125,0,0.125]
[0,31.25,1,0.125]
[1,31.375,1,0.125]
[2,31.5,1,0.125]
[1,31.625,1,0.125]
[6,31.75,1,0.125]
[7,31.875,1,0.125]
[8,32,1,0.125]
[3,32.125,0,0.125]
[2,32.25,0,0.125]
[1,32.3125,0,0.125]
[0,32.375,0,0.125]
[1,32.4375,0,0.125]
[8,32.5,0,0.125]
[7,32.5625,0,0.125]
[6,32.625,0,0.125]
[7,32.6875,0,0.125]
[2,32.75,0,0.125]
[1,32.8125,0,0.125]
[3,32.875,0,0.125]
[4,32.9375,0,0.125]
[8,33,0,0.125]
[7,33.0625,0,0.125]
[0,33.125,0,0.125]
[1,33.1875,0,0.125]
[5,33.25,0,0.125]
[4,33.3125,0,0.125]
[6,33.375,0,0.125]
[7,33.4375,0,0.125]
[2,33.5,0,0.125]
[1,33.5625,0,0.125]
[0,33.625,0,0.125]
[1,33.6875,0,0.125]
[8,33.75,0,0.125]
[7,33.8125,0,0.125]
[6,33.875,0,0.125]
[7,33.9375,0,0.125]
[5,34,0,0.125]
[4,34,0,0.125]
[0,34.25,0,0.125]
[1,34.375,0,0.125]
[8,34.5,0,0.125]
[7,34.625,0,0.125]
[2,34.75,0,0.125]
[5,34.875,0,0.125]
[6,35,0,0.125]
[3,35.125,0,0.125]
[2,35.25,1,0.125]
[1,35.375,1,0.125]
[3,35.5,1,0.125]
[4,35.625,1,0.125]
[8,35.75,1,0.125]
[7,35.875,1,0.125]
[3,36,1,0.125]
[4,36.125,1,0.125]
[2,36.25,0,0.125]
[1,36.375,0,0.125]
[0,36.5,0,0.125]
[7,36.625,0,0.125]
[2,36.75,0,0.125]
[3,36.875,0,0.125]
[8,37,0,0.125]
[1,37.125,0,0.125]
[6,37.25,1,0.125]
[7,37.375,1,0.125]
[5,37.5,1,0.125]
[4,37.625,1,0.125]
[0,37.75,1,0.125]
[1,37.875,1,0.125]
[5,38,1,0.125]
[4,38.125,1,0.125]
[6,38.25,0,0.125]
[7,38.375,0,0.125]
[8,38.5,0,0.125]
[1,38.625,0,0.125]
[6,38.75,0,0.125]
[5,38.875,0,0.125]
[0,39,0,0.125]
[7,39.125,0,0.125]
[2,39.25,1,0.125]
[1,39.375,1,0.125]
[3,39.5,1,0.125]
[4,39.625,1,0.125]
[8,39.75,1,0.125]
[7,39.875,1,0.125]
[6,40,1,0.25]
[2,40.25,0,0.25]
[1,40.375,0,0.25]
[3,40.5,0,0.25]
[8,40.625,0,0.25]
[7,40.6875,0,0.25]
[6,40.75,0,0.25]
[7,40.8125,0,0.25]
[5,40.875,0,0.25]
[4,40.9375,0,0.25]
[3,41,0,0.25]
[4,41.0625,0,0.25]
[2,41.125,0,0.25]
[1,41.1875,0,0.25]
[0,41.25,0,0.25]
[1,41.3125,0,0.25]
[5,41.375,0,0.25]
[6,41.5,0,0.25]
[8,41.625,0,0.25]
[7,41.6875,0,0.25]
[3,41.75,0,0.25]
[4,41.8125,0,0.25]
[2,41.875,0,0.25]
[1,41.9375,0,0.25]
[0,42,1,0.25]
[5,42.25,0,0.25]
[4,42.25,0,0.25]
[2,42.5,0,0.25]
[1,42.5625,0,0.25]
[0,42.625,0,0.25]
[1,42.6875,0,0.25]
[8,42.75,0,0.25]
[7,42.8125,0,0.25]
[6,42.875,0,0.25]
[7,42.9375,0,0.25]
[2,43,0,0.25]
[1,43.0625,0,0.25]
[3,43.125,0,0.25]
[4,43.1875,0,0.25]
[8,43.25,0,0.25]
[7,43.3125,0,0.25]
[0,43.375,0,0.25]
[1,43.4375,0,0.25]
[5,43.5,0,0.25]
[4,43.5625,0,0.25]
[6,43.625,0,0.25]
[7,43.6875,0,0.25]
[5,43.75,0,0.25]
[4,43.8125,0,0.25]
[3,43.875,0,0.25]
[4,43.9375,0,0.25]
[2,44,0,0.25]
[1,44,0,0.25]
[6,44.25,0,0.25]
[6,44.375,0,0.25]
[7,44.5,0,0.25]
[7,44.625,0,0.25]
[2,44.75,0,0.25]
[2,44.875,0,0.25]
[1,45,0,0.25]
[1,45.125,0,0.25]
[8,45.25,0,0.25]
[8,45.375,0,0.25]
[5,45.5,0,0.25]
[5,45.625,0,0.25]
[0,45.75,0,0.25]
[0,45.875,0,0.25]
[3,46,0,0.25]
[3,46.125,0,0.25]
[2,46.25,0,0.25]
[2,46.375,0,0.25]
[0,46.5,0,0.25]
[0,46.625,0,0.25]
[8,46.75,0,0.25]
[8,46.875,0,0.25]
[6,47,0,0.25]
[6,47.125,0,0.25]
[1,47.25,0,0.25]
[1,47.375,0,0.25]
[5,47.5,0,0.25]
[5,47.625,0,0.25]
[7,47.75,0,0.25]
[7,47.875,0,0.25]
[3,48,1,0.25]
[1,48.25,0,0.25]
[2,48.25,0,0.25]
[6,48.375,0,0.25]
[4,48.5,0,0.25]
[5,48.5,0,0.25]
[0,48.625,0,0.25]
[7,48.75,0,0.25]
[8,48.75,0,0.25]
[3,48.875,0,0.25]
[1,49,0,0.25]
[2,49,0,0.25]
[6,49.125,0,0.25]
[4,49.25,0,0.25]
[5,49.25,0,0.25]
[0,50.25,1,0.25]
[3,50.5,1,0.25]
[7,50.75,0,0.25]
[8,50.75,0,0.25]
[6,50.875,0,0.25]
[1,51,0,0.25]
[2,51,0,0.25]
[6,51.125,0,0.25]
[5,51.25,1,0.25]
[8,51.5,1,0.25]
[0,51.75,0,0.25]
[1,51.75,0,0.25]
[2,51.875,0,0.25]
[3,52,0,0.25]
[4,52,0,0.25]
[2,52.125,0,0.25]
[6,52.25,1,0.25]
[7,52.5,1,0.25]
[5,52.75,0,0.25]
[2,52.75,0,0.25]
[0,52.875,0,0.25]
[8,53,0,0.25]
[5,53,0,0.25]
[3,53.125,0,0.25]
[2,53.25,1,0.25]
[1,53.5,1,0.25]
[3,53.75,1,0.125]
[4,53.875,1,0.125]
[6,54,1,0.25]
[2,54.25,1,0.25]
[5,54.5,1,0.25]
[6,54.75,0,0.25]
[7,54.75,0,0.25]
[8,54.875,0,0.25]
[0,55,0,0.25]
[1,55,0,0.25]
[8,55.125,0,0.25]
[3,55.25,1,0.25]
[6,55.5,1,0.25]
[1,55.75,0,0.25]
[2,55.75,0,0.25]
[0,55.875,0,0.25]
[4,56,0,0.25]
[5,56,0,0.25]
[0,56.125,0,0.25]
[8,56.25,0,0.25]
[7,56.3125,0,0.25]
[6,56.375,0,0.25]
[7,56.4375,0,0.25]
[5,56.5,0,0.25]
[4,56.5625,0,0.25]
[3,56.625,0,0.25]
[4,56.6875,0,0.25]
[2,56.75,0,0.25]
[1,56.8125,0,0.25]
[0,56.875,0,0.25]
[1,56.9375,0,0.25]
[5,57,0,0.25]
[4,57.0625,0,0.25]
[3,57.125,0,0.25]
[4,57.1875,0,0.25]
[7,57.25,0,0.25]
[8,57.25,0,0.25]
[2,57.5,0,0.25]
[1,57.5625,0,0.25]
[0,57.625,0,0.25]
[1,57.6875,0,0.25]
[5,57.75,0,0.25]
[8,57.75,0,0.25]
[3,58,0,0.25]
[7,58.125,0,0.25]
[2,58.25,0,0.25]
[1,58.3125,0,0.25]
[0,58.375,0,0.25]
[1,58.4375,0,0.25]
[5,58.5,0,0.25]
[4,58.5625,0,0.25]
[3,58.625,0,0.25]
[4,58.6875,0,0.25]
[8,58.75,0,0.25]
[7,58.8125,0,0.25]
[6,58.875,0,0.25]
[7,58.9375,0,0.25]
[5,59,0,0.25]
[4,59.0625,0,0.25]
[3,59.125,0,0.25]
[4,59.1875,0,0.25]
[2,59.25,0,0.25]
[1,59.3125,0,0.25]
[3,59.375,0,0.25]
[4,59.4375,0,0.25]
[8,59.5,0,0.25]
[7,59.5625,0,0.25]
[0,59.625,0,0.25]
[1,59.6875,0,0.25]
[5,59.75,0,0.25]
[4,59.8125,0,0.25]
[6,59.875,0,0.25]
[7,59.9375,0,0.25]
[2,60,0,0.25]
[1,60.0625,0,0.25]
[3,60.125,0,0.25]
[4,60.1875,0,0.25]
[8,60.25,0,0.25]
[7,60.3125,0,0.25]
[6,60.375,0,0.25]
[7,60.4375,0,0.25]
[2,60.5,0,0.25]
[1,60.5625,0,0.25]
[0,60.625,0,0.25]
[1,60.6875,0,0.25]
[8,60.75,0,0.25]
[7,60.8125,0,0.25]
[6,60.875,0,0.25]
[7,60.9375,0,0.25]
[2,61,0,0.25]
[1,61.0625,0,0.25]
[0,61.125,0,0.25]
[1,61.1875,0,0.25]
[8,61.25,0,0.25]
[7,61.3125,0,0.25]
[3,61.375,0,0.25]
[4,61.4375,0,0.25]
[2,61.5,0,0.25]
[1,61.5625,0,0.25]
[6,61.625,0,0.25]
[7,61.6875,0,0.25]
[5,61.75,0,0.25]
[4,61.8125,0,0.25]
[0,61.875,0,0.25]
[1,61.9375,0,0.25]
[8,62,0,0.25]
[7,62.0625,0,0.25]
[3,62.125,0,0.25]
[4,62.1875,0,0.25]
[2,62.25,0,0.25]
[1,62.3125,0,0.25]
[0,62.375,0,0.25]
[1,62.4375,0,0.25]
[5,62.5,0,0.25]
[4,62.5625,0,0.25]
[3,62.625,0,0.25]
[4,62.6875,0,0.25]
[8,62.75,0,0.25]
[7,62.8125,0,0.25]
[6,62.875,0,0.25]
[7,62.9375,0,0.25]
[5,63,0,0.25]
[4,63.0625,0,0.25]
[3,63.125,0,0.25]
[4,63.1875,0,0.25]
[2,63.25,0,0.25]
[1,63.3125,0,0.25]
[3,63.375,0,0.25]
[4,63.4375,0,0.25]
[8,63.5,0,0.25]
[7,63.5625,0,0.25]
[0,63.625,0,0.25]
[1,63.6875,0,0.25]
[5,63.75,0,0.25]
[4,63.8125,0,0.25]
[6,63.875,0,0.25]
[7,63.9375,0,0.25]
[2,64,0,0.25]
[1,64.0625,0,0.25]
[3,64.125,0,0.25]
[4,64.1875,0,0.25]
[8,64.25,0,0.25]
[7,64.3125,0,0.25]
[6,64.375,0,0.25]
[7,64.4375,0,0.25]
[2,64.5,0,0.25]
[1,64.5625,0,0.25]
[0,64.625,0,0.25]
[1,64.6875,0,0.25]
[8,64.75,0,0.25]
[7,64.8125,0,0.25]
[6,64.875,0,0.25]
[7,64.9375,0,0.25]
[2,65,0,0.25]
[1,65.0625,0,0.25]
[0,65.125,0,0.25]
[1,65.1875,0,0.25]
[8,65.25,1,0.5]
[5,65.25,1,0.5]
[3,65.75,1,0.5]
[0,65.75,1,0.5]
[2,66.25,0,0.5]
[1,66.375,0,0.5]
[6,66.5,0,0.5]
[7,66.625,0,0.5]
[0,66.75,0,0.5]
[3,66.875,0,0.5]
[8,67,0,0.5]
[5,67.125,0,0.5]
[0,67.25,0,0.5]
[0,67.375,0,0.5]
[2,67.5,0,0.5]
[2,67.625,0,0.5]
[6,67.75,0,0.5]
[6,67.875,0,0.5]
[8,68,0,0.5]
[8,68.125,0,0.5]
[1,68.25,0,0.5]
[5,68.375,0,0.5]
[7,68.5,0,0.5]
[3,68.625,0,0.5]
[2,68.75,0,0.5]
[8,68.875,0,0.5]
[6,69,0,0.5]
[0,69.125,0,0.5]
[2,69.25,0,0.5]
[1,69.3125,0,0.5]
[6,69.375,0,0.5]
[7,69.4375,0,0.5]
[5,69.5,0,0.5]
[4,69.5625,0,0.5]
[3,69.625,0,0.5]
[4,69.6875,0,0.5]
[8,69.75,0,0.5]
[7,69.8125,0,0.5]
[0,69.875,0,0.5]
[1,69.9375,0,0.5]
[5,70,0,0.5]
[4,70.0625,0,0.5]
[3,70.125,0,0.5]
[4,70.1875,0,0.5]
[2,70.25,0,0.5]
[7,70.375,0,0.5]
[0,70.5,0,0.5]
[5,70.625,0,0.5]
[6,70.75,0,0.5]
[1,70.875,0,0.5]
[8,71,0,0.5]
[3,71.125,0,0.5]
[2,71.25,0,0.5]
[5,71.375,0,0.5]
[6,71.5,0,0.5]
[3,71.625,0,0.5]
[8,71.75,0,0.5]
[7,71.875,0,0.5]
[0,72,0,0.5]
[1,72.125,0,0.5]
[5,72.25,0,0.5]
[4,72.3125,0,0.5]
[6,72.375,0,0.5]
[7,72.4375,0,0.5]
[2,72.5,0,0.5]
[1,72.5625,0,0.5]
[3,72.625,0,0.5]
[4,72.6875,0,0.5]
[8,72.75,0,0.5]
[7,72.8125,0,0.5]
[0,72.875,0,0.5]
[1,72.9375,0,0.5]
[5,73,0,0.5]
[4,73.0625,0,0.5]
[6,73.125,0,0.5]
[7,73.1875,0,0.5]
[8,73.25,0,0.5]
[2,73.5,0,0.5]
[1,73.5625,0,0.5]
[0,73.625,0,0.5]
[1,73.6875,0,0.5]
[5,73.75,0,0.5]
[4,73.8125,0,0.5]
[6,73.875,0,0.5]
[7,73.9375,0,0.5]
[2,74,0,0.5]
[1,74.0625,0,0.5]
[0,74.125,0,0.5]
[1,74.1875,0,0.5]
[8,74.25,0,0.5]
[7,74.25,0,0.5]
[0,75.25,0,0.5]
[1,75.25,0,0.5]
[8,75.375,0,0.5]
[3,75.5,0,0.5]
[4,75.5,0,0.5]
[2,75.625,0,0.5]
[6,75.75,0,0.5]
[7,75.75,0,0.5]
[5,75.875,0,0.5]
[0,76,0,0.5]
[1,76,0,0.5]
[8,76.125,0,0.5]
[3,76.25,0,0.5]
[6,76.25,0,0.5]
[2,76.375,0,0.5]
[5,76.5,0,0.5]
[0,76.625,0,0.5]
[1,76.75,0,0.5]
[8,76.875,0,0.5]
[7,77,0,0.5]
[3,77.125,0,0.5]
[5,77.25,0,0.5]
[4,77.3125,0,0.5]
[6,77.375,0,0.5]
[7,77.4375,0,0.5]
[2,77.5,0,0.5]
[1,77.5625,0,0.5]
[3,77.625,0,0.5]
[4,77.6875,0,0.5]
[8,77.75,0,0.5]
[7,77.8125,0,0.5]
[0,77.875,0,0.5]
[1,77.9375,0,0.5]
[5,78,0,0.5]
[4,78.0625,0,0.5]
[6,78.125,0,0.5]
[7,78.1875,0,0.5]
[8,78.25,0,0.5]
[8,78.375,0,0.5]
[6,78.5,0,0.5]
[6,78.625,0,0.5]
[2,78.75,0,0.5]
[2,78.875,0,0.5]
[0,79,0,0.5]
[0,79.125,0,0.5]
[5,79.25,0,0.5]
[1,79.375,0,0.5]
[3,79.5,0,0.5]
[7,79.625,0,0.5]
[2,79.75,0,0.5]
[8,79.875,0,0.25]
[6,80,0,0.5]
[0,80.125,0,0.25]
[1,80.25,0,0.5]
[2,80.25,0,0.25]
[3,80.375,0,0.25]
[4,80.5,0,0.5]
[7,80.625,0,0.5]
[8,80.625,0,0.25]
[3,80.75,0,0.25]
[4,80.875,0,0.5]
[1,81,0,0.5]
[2,81,0,0.25]
[3,81.125,0,0.25]
[7,81.25,1,0.25]
[8,81.25,1,0.25]
[3,81.5,0,0.25]
[4,81.5625,0,0.25]
[5,81.625,0,0.25]
[4,81.6875,0,0.25]
[1,81.75,1,0.25]
[0,81.75,1,0.25]
[8,82,0,0.25]
[7,82.0625,0,0.25]
[6,82.125,0,0.25]
[7,82.1875,0,0.25]
[5,82.25,0,0.25]
[0,82.375,0,0.25]
[7,82.5,0,0.25]
[2,82.625,0,0.25]
[3,82.75,0,0.25]
[8,82.875,0,0.25]
[1,83,0,0.25]
[6,83.125,0,0.25]
[2,83.25,1,0.125]
[1,83.375,1,0.125]
[3,83.5,1,0.125]
[4,83.625,1,0.125]
[8,83.75,1,0.125]
[7,83.875,1,0.125]
[3,84,1,0.125]
[4,84.125,1,0.125]
[2,84.25,0,0.125]
[1,84.375,0,0.125]
[0,84.5,0,0.125]
[7,84.625,0,0.125]
[2,84.75,0,0.125]
[3,84.875,0,0.125]
[8,85,0,0.125]
[1,85.125,0,0.125]
[6,85.25,1,0.125]
[7,85.375,1,0.125]
[5,85.5,1,0.125]
[4,85.625,1,0.125]
[0,85.75,1,0.125]
[1,85.875,1,0.125]
[5,86,1,0.125]
[4,86.125,1,0.125]
[6,86.25,0,0.125]
[7,86.375,0,0.125]
[8,86.5,0,0.125]
[1,86.625,0,0.25]
[6,86.75,0,0.125]
[5,86.875,0,0.125]
[0,87,0,0.125]
[7,87.125,0,0.25]
[2,87.25,1,0.125]
[1,87.375,1,0.125]
[3,87.5,1,0.125]
[4,87.625,1,0.125]
[8,87.75,1,0.125]
[7,87.875,1,0.125]
[6,88,1,0.25]
[2,88.25,0,0.25]
[1,88.3125,0,0.25]
[3,88.375,0,0.25]
[4,88.4375,0,0.25]
[8,88.5,0,0.25]
[7,88.5625,0,0.25]
[0,88.625,0,0.25]
[1,88.6875,0,0.25]
[5,88.75,0,0.25]
[4,88.8125,0,0.25]
[6,88.875,0,0.25]
[7,88.9375,0,0.25]
[2,89,0,0.25]
[1,89.0625,0,0.25]
[0,89.125,0,0.25]
[1,89.1875,0,0.25]
[5,89.25,0,0.25]
[4,89.3125,0,0.25]
[3,89.375,0,0.25]
[4,89.4375,0,0.25]
[8,89.5,0,0.25]
[7,89.5625,0,0.25]
[6,89.625,0,0.25]
[7,89.6875,0,0.25]
[2,89.75,0,0.25]
[1,89.8125,0,0.25]
[0,89.875,0,0.25]
[1,89.9375,0,0.25]
[8,90,0,0.25]
[7,90.0625,0,0.25]
[6,90.125,0,0.25]
[7,90.1875,0,0.25]
[4,90.25,0,0.25]
[5,90.25,0,0.25]
[0,90.375,0,0.25]
[7,90.5,0,0.25]
[2,90.625,0,0.25]
[3,90.75,0,0.25]
[8,90.875,0,0.25]
[1,91,0,0.25]
[6,91.125,0,0.25]
[2,91.25,1,0.125]
[1,91.375,1,0.125]
[3,91.5,1,0.125]
[4,91.625,1,0.125]
[8,91.75,1,0.125]
[7,91.875,1,0.125]
[3,92,1,0.125]
[4,92.125,1,0.125]
[2,92.25,0,0.125]
[1,92.375,0,0.125]
[0,92.5,0,0.125]
[7,92.625,0,0.125]
[2,92.75,0,0.125]
[3,92.875,0,0.125]
[8,93,0,0.125]
[1,93.125,0,0.125]
[6,93.25,1,0.125]
[7,93.375,1,0.125]
[5,93.5,1,0.125]
[4,93.625,1,0.125]
[0,93.75,1,0.125]
[1,93.875,1,0.125]
[5,94,1,0.125]
[4,94.125,1,0.125]
[6,94.25,0,0.125]
[7,94.375,0,0.125]
[8,94.5,0,0.125]
[1,94.625,0,0.125]
[6,94.75,0,0.125]
[5,94.875,0,0.125]
[0,95,0,0.125]
[7,95.125,0,0.125]
[2,95.25,1,0.125]
[1,95.375,1,0.125]
[0,95.5,1,0.125]
[1,95.625,1,0.125]
[8,95.75,1,0.125]
[7,95.875,1,0.125]
[6,96,1,0.25]
[5,96.25,0,0.25]
[4,96.375,0,0.25]
[3,96.5,0,0.25]
[2,96.625,0,0.25]
[1,96.6875,0,0.25]
[0,96.75,0,0.25]
[1,96.8125,0,0.25]
[8,96.875,0,0.25]
[7,96.9375,0,0.25]
[6,97,0,0.25]
[7,97.0625,0,0.25]
[2,97.125,0,0.25]
[1,97.1875,0,0.25]
[3,97.25,0,0.25]
[4,97.3125,0,0.25]
[8,97.375,0,0.25]
[7,97.4375,0,0.25]
[0,97.5,0,0.25]
[1,97.5625,0,0.25]
[5,97.625,0,0.25]
[4,97.6875,0,0.25]
[6,97.75,0,0.25]
[7,97.8125,0,0.25]
[8,97.875,0,0.25]
[7,97.9375,0,0.25]
[0,98,0,0.25]
[1,98,0,0.25]
[1,98.25,0,0.25]
[2,98.25,0,0.25]
[6,98.375,0,0.25]
[4,98.5,0,0.25]
[5,98.5,0,0.25]
[0,98.625,0,0.25]
[7,98.75,0,0.25]
[8,98.75,0,0.25]
[3,98.875,0,0.25]
[1,99,0,0.25]
[2,99,0,0.25]
[6,99.125,0,0.25]
[5,99.25,0,0.25]
[8,99.25,0,0.25]
[0,99.375,0,0.25]
[5,99.5,0,0.25]
[2,99.5,0,0.25]
[6,99.625,0,0.25]
[5,99.75,0,0.25]
[4,99.8125,0,0.25]
[6,99.875,0,0.25]
[7,99.9375,0,0.25]
[2,100,0,0.25]
[1,100.0625,0,0.25]
[3,100.125,0,0.25]
[4,100.1875,0,0.25]
[8,100.25,0,0.25]
[8,100.375,0,0.25]
[7,100.5,0,0.25]
[7,100.625,0,0.25]
[0,100.75,0,0.25]
[0,100.875,0,0.25]
[1,101,0,0.25]
[1,101.125,0,0.25]
[6,101.25,0,0.25]
[6,101.375,0,0.25]
[3,101.5,0,0.25]
[3,101.625,0,0.25]
[2,101.75,0,0.25]
[2,101.875,0,0.25]
[5,102,0,0.25]
[5,102.125,0,0.25]
[7,102.25,0,0.25]
[7,102.375,0,0.25]
[3,102.5,0,0.25]
[3,102.625,0,0.25]
[1,102.75,0,0.25]
[1,102.875,0,0.25]
[5,103,0,0.25]
[5,103.125,0,0.25]
[0,103.25,0,0.25]
[0,103.375,0,0.25]
[2,103.5,0,0.25]
[2,103.625,0,0.25]
[8,103.75,0,0.25]
[8,103.875,0,0.25]
[6,104,1,0.25]
[4,104.25,0,0.25]
[5,104.25,0,0.25]
[0,104.375,0,0.25]
[7,104.5,0,0.25]
[8,104.5,0,0.25]
[3,104.625,0,0.25]
[1,104.75,0,0.25]
[2,104.75,0,0.25]
[6,104.875,0,0.25]
[4,105,0,0.25]
[5,105,0,0.25]
[0,105.125,0,0.25]
[1,105.25,0,0.25]
[2,105.25,0,0.25]
[6,105.375,0,0.25]
[7,105.4375,0,0.25]
[5,105.5,0,0.25]
[4,105.5625,0,0.25]
[3,105.625,0,0.25]
[4,105.6875,0,0.25]
[8,105.75,0,0.25]
[7,105.8125,0,0.25]
[0,105.875,0,0.25]
[1,105.9375,0,0.25]
[2,106,1,0.25]
[3,106.25,1,0.25]
[6,106.5,1,0.25]
[4,106.75,0,0.25]
[5,106.75,0,0.25]
[0,106.875,0,0.25]
[7,107,0,0.25]
[8,107,0,0.25]
[3,107.125,0,0.25]
[2,107.25,1,0.25]
[5,107.5,1,0.25]
[0,107.75,0,0.25]
[1,107.75,0,0.25]
[8,107.875,0,0.25]
[6,108,0,0.25]
[7,108,0,0.25]
[2,108.125,0,0.25]
[0,108.25,1,0.25]
[1,108.5,1,0.25]
[5,108.75,0,0.25]
[8,108.75,0,0.25]
[3,108.875,0,0.25]
[2,109,0,0.25]
[5,109,0,0.25]
[6,109.125,0,0.25]
[8,109.25,1,0.25]
[7,109.5,1,0.25]
[3,109.75,1,0.125]
[4,109.875,1,0.125]
[0,110,1,0.25]
[5,110.25,1,0.25]
[8,110.5,1,0.25]
[3,110.75,0,0.25]
[4,110.75,0,0.25]
[2,110.875,0,0.25]
[6,111,0,0.25]
[7,111,0,0.25]
[5,111.125,0,0.25]
[0,111.25,1,0.25]
[3,111.5,1,0.25]
[1,111.75,0,0.25]
[2,111.75,0,0.25]
[6,111.875,0,0.25]
[7,112,0,0.25]
[8,112,0,0.25]
[0,112.125,0,0.25]
[2,112.25,0,0.25]
[1,112.3125,0,0.25]
[3,112.375,0,0.25]
[4,112.4375,0,0.25]
[8,112.5,0,0.25]
[7,112.5625,0,0.25]
[0,112.625,0,0.25]
[1,112.6875,0,0.25]
[5,112.75,0,0.25]
[4,112.8125,0,0.25]
[6,112.875,0,0.25]
[7,112.9375,0,0.25]
[2,113,0,0.25]
[1,113.0625,0,0.25]
[6,113.125,0,0.25]
[7,113.1875,0,0.25]
[5,113.25,0,0.25]
[4,113.25,0,0.25]
[2,113.5,0,0.25]
[1,113.5625,0,0.25]
[0,113.625,0,0.25]
[1,113.6875,0,0.25]
[8,113.75,0,0.25]
[7,113.8125,0,0.25]
[6,113.875,0,0.25]
[7,113.9375,0,0.25]
[5,114,0,0.25]
[3,114.125,0,0.25]
[2,114.25,0,0.25]
[1,114.3125,0,0.25]
[0,114.375,0,0.25]
[1,114.4375,0,0.25]
[8,114.5,0,0.25]
[7,114.5625,0,0.25]
[6,114.625,0,0.25]
[7,114.6875,0,0.25]
[2,114.75,0,0.25]
[1,114.8125,0,0.25]
[0,114.875,0,0.25]
[1,114.9375,0,0.25]
[8,115,0,0.25]
[7,115.0625,0,0.25]
[6,115.125,0,0.25]
[7,115.1875,0,0.25]
[2,115.25,0,0.25]
[1,115.3125,0,0.25]
[3,115.375,0,0.25]
[4,115.4375,0,0.25]
[8,115.5,0,0.25]
[7,115.5625,0,0.25]
[0,115.625,0,0.25]
[1,115.6875,0,0.25]
[5,115.75,0,0.25]
[4,115.8125,0,0.25]
[6,115.875,0,0.25]
[7,115.9375,0,0.25]
[2,116,0,0.25]
[1,116.0625,0,0.25]
[3,116.125,0,0.25]
[4,116.1875,0,0.25]
[8,116.25,0,0.25]
[7,116.3125,0,0.25]
[6,116.375,0,0.25]
[7,116.4375,0,0.25]
[5,116.5,0,0.25]
[4,116.5625,0,0.25]
[3,116.625,0,0.25]
[4,116.6875,0,0.25]
[2,116.75,0,0.25]
[1,116.8125,0,0.25]
[0,116.875,0,0.25]
[1,116.9375,0,0.25]
[5,117,0,0.25]
[4,117.0625,0,0.25]
[3,117.125,0,0.25]
[4,117.1875,0,0.25]
[8,117.25,0,0.25]
[7,117.3125,0,0.25]
[3,117.375,0,0.25]
[4,117.4375,0,0.25]
[2,117.5,0,0.25]
[1,117.5625,0,0.25]
[6,117.625,0,0.25]
[7,117.6875,0,0.25]
[5,117.75,0,0.25]
[4,117.8125,0,0.25]
[0,117.875,0,0.25]
[1,117.9375,0,0.25]
[8,118,0,0.25]
[7,118.0625,0,0.25]
[3,118.125,0,0.25]
[4,118.1875,0,0.25]
[2,118.25,0,0.25]
[1,118.3125,0,0.25]
[0,118.375,0,0.25]
[1,118.4375,0,0.25]
[5,118.5,0,0.25]
[4,118.5625,0,0.25]
[3,118.625,0,0.25]
[4,118.6875,0,0.25]
[8,118.75,0,0.25]
[7,118.8125,0,0.25]
[6,118.875,0,0.25]
[7,118.9375,0,0.25]
[5,119,0,0.25]
[4,119.0625,0,0.25]
[3,119.125,0,0.25]
[4,119.1875,0,0.25]
[2,119.25,0,0.25]
[1,119.3125,0,0.25]
[3,119.375,0,0.25]
[4,119.4375,0,0.25]
[8,119.5,0,0.25]
[7,119.5625,0,0.25]
[0,119.625,0,0.25]
[1,119.6875,0,0.25]
[5,119.75,0,0.25]
[4,119.8125,0,0.25]
[6,119.875,0,0.25]
[7,119.9375,0,0.25]
[2,120,0,0.25]
[1,120.0625,0,0.25]
[3,120.125,0,0.25]
[4,120.1875,0,0.25]
[8,120.25,0,0.25]
[7,120.3125,0,0.25]
[6,120.375,0,0.25]
[7,120.4375,0,0.25]
[2,120.5,0,0.25]
[1,120.5625,0,0.25]
[0,120.625,0,0.25]
[1,120.6875,0,0.25]
[8,120.75,0,0.25]
[7,120.8125,0,0.25]
[6,120.875,0,0.25]
[7,120.9375,0,0.25]
[5,121,0,0.25]
[4,121.08333333333333,0,0.25]
[3,121.16666666666667,0,0.25]
[1,121.25,1,0.5]
[2,121.25,1,0.5]
[6,121.75,1,0.5]
[7,121.75,1,0.5]
[5,122.25,0,0.5]
[3,122.375,0,0.5]
[2,122.5,0,0.5]
[1,122.5625,0,0.5]
[0,122.625,0,0.5]
[1,122.6875,0,0.5]
[5,122.75,0,0.5]
[4,122.8125,0,0.5]
[3,122.875,0,0.5]
[4,122.9375,0,0.5]
[8,123,0,0.5]
[7,123.0625,0,0.5]
[6,123.125,0,0.5]
[7,123.1875,0,0.5]
[2,123.25,0,0.5]
[1,123.3125,0,0.5]
[6,123.375,0,0.5]
[7,123.4375,0,0.5]
[5,123.5,0,0.5]
[4,123.5625,0,0.5]
[3,123.625,0,0.5]
[4,123.6875,0,0.5]
[2,123.75,0,0.5]
[1,123.8125,0,0.5]
[0,123.875,0,0.5]
[1,123.9375,0,0.5]
[8,124,0,0.5]
[7,124,0,0.5]
[2,124.25,0,0.5]
[1,124.375,0,0.5]
[6,124.5,0,0.5]
[7,124.625,0,0.5]
[0,124.75,0,0.5]
[3,124.875,0,0.5]
[8,125,0,0.5]
[5,125.125,0,0.5]
[1,125.25,0,0.5]
[3,125.375,0,0.5]
[7,125.5,0,0.5]
[5,125.625,0,0.5]
[0,125.75,0,0.5]
[6,125.875,0,0.5]
[8,126,0,0.5]
[2,126.125,0,0.5]
[0,126.25,0,0.5]
[3,126.375,0,0.5]
[8,126.5,0,0.5]
[5,126.625,0,0.5]
[6,126.75,0,0.5]
[7,126.875,0,0.5]
[2,127,0,0.5]
[1,127.125,0,0.5]
[3,127.25,1,0.25]
[4,127.5,1,0.25]
[5,127.75,1,0.25]
[4,128,1,0.25]
[6,128.25,0,0.25]
[3,128.375,0,0.25]
[2,128.5,0,0.25]
[5,128.625,0,0.25]
[0,128.75,0,0.25]
[1,128.875,0,0.25]
[8,129,0,0.25]
[7,129.125,0,0.25]
[3,129.25,0,0.25]
[1,129.375,0,0.25]
[5,129.5,0,0.25]
[7,129.625,0,0.25]
[0,129.75,0,0.25]
[2,129.875,0,0.25]
[8,130,0,0.25]
[6,130.125,0,0.25]
[2,130.25,0,0.25]
[1,130.3125,0,0.25]
[3,130.375,0,0.25]
[4,130.4375,0,0.25]
[8,130.5,0,0.25]
[7,130.5625,0,0.25]
[0,130.625,0,0.25]
[1,130.6875,0,0.25]
[5,130.75,0,0.25]
[4,130.8125,0,0.25]
[6,130.875,0,0.25]
[7,130.9375,0,0.25]
[2,131,0,0.25]
[1,131.0625,0,0.25]
[6,131.125,0,0.25]
[7,131.1875,0,0.25]
[5,131.25,0,0.25]
[4,131.3125,0,0.25]
[3,131.375,0,0.25]
[4,131.4375,0,0.25]
[2,131.5,0,0.25]
[1,131.5625,0,0.25]
[0,131.625,0,0.25]
[1,131.6875,0,0.25]
[8,131.75,0,0.25]
[7,131.83333333333334,0,0.25]
[3,131.91666666666666,0,0.25]
[4,132,0,0.25]
[2,132.08333333333334,0,0.25]
[1,132.16666666666666,0,0.25]
[7,132.25,0,0.25]
[6,132.25,0,0.25]
[5,132.5,0,0.25]
[1,132.75,0,0.25]
[3,133,0,0.25]
[7,133.25,0,0.25]
[2,133.5,0,0.25]
[0,133.75,0,0.25]
[8,134,0,0.25]
[7,134.0625,0,0.25]
[3,134.125,0,0.25]
[4,134.1875,0,0.25]
[5,134.25,0,0.25]
[1,134.5,0,0.25]
[3,134.75,0,0.25]
[7,135,0,0.25]
[2,135.25,1,0.25]
[3,135.5,0,0.25]
[4,135.58333333333334,0,0.25]
[5,135.66666666666666,0,0.25]
[6,135.75,1,0.25]
[8,136,1,0.25]
[0,136.25,0,0.25]
[5,136.5,0,0.25]
[6,136.75,0,0.25]
[2,137,0,0.25]
[1,137.0625,0,0.25]
[3,137.125,0,0.25]
[4,137.1875,0,0.25]
[5,137.25,0,0.25]
[8,137.5,0,0.25]
[3,137.75,0,0.25]
[0,138,0,0.25]
[7,138.25,0,0.25]
[8,138.25,0,0.25]
[3,138.375,0,0.25]
[4,138.5,0,0.25]
[1,138.625,0,0.25]
[2,138.625,0,0.25]
[3,138.75,0,0.25]
[4,138.875,0,0.25]
[7,139,0,0.25]
[8,139,0,0.25]
[3,139.125,0,0.25]
[1,139.25,1,0.25]
[2,139.25,1,0.25]
[3,139.5,0,0.25]
[4,139.5625,0,0.25]
[5,139.625,0,0.25]
[4,139.6875,0,0.25]
[6,139.75,1,0.25]
[7,139.75,1,0.25]
[2,140,0,0.25]
[1,140.0625,0,0.25]
[0,140.125,0,0.25]
[8,140.25,0,0.25]
[7,140.3125,0,0.25]
[3,140.375,0,0.25]
[4,140.4375,0,0.25]
[2,140.5,0,0.25]
[1,140.5625,0,0.25]
[6,140.625,0,0.25]
[7,140.6875,0,0.25]
[5,140.75,0,0.25]
[4,140.8125,0,0.25]
[0,140.875,0,0.25]
[1,140.9375,0,0.25]
[2,141,0,0.25]
[1,141.0625,0,0.25]
[3,141.125,0,0.25]
[4,141.1875,0,0.25]
[5,141.25,0,0.25]
[4,141.3125,0,0.25]
[0,141.375,0,0.25]
[1,141.4375,0,0.25]
[8,141.5,0,0.25]
[7,141.5625,0,0.25]
[6,141.625,0,0.25]
[7,141.6875,0,0.25]
[5,141.75,0,0.25]
[4,141.8125,0,0.25]
[0,141.875,0,0.25]
[1,141.9375,0,0.25]
[8,142,0,0.25]
[7,142.0625,0,0.25]
[3,142.125,0,0.25]
[4,142.1875,0,0.25]
[2,142.25,0,0.25]
[1,142.3125,0,0.25]
[6,142.375,0,0.25]
[7,142.4375,0,0.25]
[5,142.5,0,0.25]
[4,142.5625,0,0.25]
[3,142.625,0,0.25]
[4,142.6875,0,0.25]
[2,142.75,0,0.25]
[1,142.8125,0,0.25]
[6,142.875,0,0.25]
[7,142.9375,0,0.25]
[5,143,0,0.25]
[4,143.0625,0,0.25]
[0,143.125,0,0.25]
[1,143.1875,0,0.25]
[2,143.25,0,0.25]
[1,143.3125,0,0.25]
[0,143.375,1,0.375]
[3,143.75,1,0.375]
[8,144.125,1,0.125]
[7,144.25,1,0.375]
[3,144.625,1,0.125]
[4,144.75,1,0.125]
[5,144.875,1,0.125]
[4,145,1,0.125]
[6,145.125,1,0.125]
[7,145.25,1,0.125]
[5,145.375,1,0.125]
[4,145.5,1,0.125]
[3,145.625,1,0.125]
[4,145.75,1,0.125]
[2,145.875,1,0.125]
[1,146,1,0.125]
[0,146.125,1,0.125]
[1,146.25,1,0.125]
[8,146.375,0,0.125]
[7,146.4375,0,0.125]
[3,146.5,0,0.125]
[4,146.5625,0,0.125]
[2,146.625,0,0.125]
[1,146.6875,0,0.125]
[6,146.75,0,0.125]
[7,146.8125,0,0.125]
[5,146.875,0,0.125]
[4,146.9375,0,0.125]
[0,147,0,0.125]
[1,147.0625,0,0.125]
[8,147.125,0,0.125]
[7,147.1875,0,0.125]
[6,147.25,0,0.125]
[7,147.3125,0,0.125]
[5,147.375,0,0.125]
[4,147.4375,0,0.125]
[3,147.5,0,0.125]
[4,147.5625,0,0.125]
[2,147.625,0,0.125]
[1,147.6875,0,0.125]
[0,147.75,0,0.125]
[1,147.8125,0,0.125]
[8,147.875,0,0.125]
[7,147.9375,0,0.125]
[6,148,1,0.25]
[1,148.25,1,0.375]
[8,148.625,1,0.375]
[7,149,1,0.125]
[3,149.125,1,0.125]
[1,149.25,1,0.125]
[5,149.375,1,0.25]
[0,149.625,1,0.20833333333333334]
[1,149.83333333333334,1,0.08333333333333337]
[5,149.91666666666666,1,0.08333333333333337]
[4,150,1,0.08333333333333337]
[6,150.08333333333334,1,0.08333333333333337]
[7,150.16666666666666,1,0.08333333333333337]
[2,150.25,0,0.25]
[1,150.3125,0,0.25]
[3,150.375,0,0.25]
[4,150.4375,0,0.25]
[8,150.5,0,0.25]
[7,150.5625,0,0.25]
[0,150.625,0,0.25]
[1,150.6875,0,0.25]
[5,150.75,0,0.25]
[4,150.8125,0,0.25]
[6,150.875,0,0.25]
[7,150.9375,0,0.25]
[8,151,0,0.25]
[7,151.0625,0,0.25]
[3,151.125,0,0.25]
[4,151.1875,0,0.25]
[5,151.25,0,0.25]
[4,151.3125,0,0.25]
[0,151.375,0,0.25]
[1,151.4375,0,0.25]
[8,151.5,0,0.25]
[7,151.5625,0,0.25]
[3,151.625,0,0.25]
[4,151.6875,0,0.25]
[5,151.75,1,0.375]
[6,152.125,1,0.125]
[3,152.25,1,0.25]
[8,152.5,1,0.125]
[7,152.625,1,0.125]
[3,152.75,1,0.125]
[4,152.875,1,0.125]
[2,153,1,0.125]
[1,153.125,1,0.125]
[6,153.25,1,0.125]
[7,153.375,1,0.125]
[5,153.5,1,0.125]
[4,153.625,1,0.125]
[0,153.75,1,0.125]
[1,153.875,1,0.125]
[5,154,1,0.125]
[4,154.125,1,0.125]
[3,154.25,1,0.125]
[7,154.375,1,0.25]
[8,154.625,1,0.125]
[7,154.75,1,0.125]
[3,154.875,1,0.125]
[4,155,1,0.125]
[2,155.125,1,0.125]
[1,155.25,1,0.75]
[8,156,1,0.25]
[6,156.25,0,0.25]
[7,156.3125,0,0.25]
[5,156.375,0,0.25]
[4,156.4375,0,0.25]
[0,156.5,0,0.25]
[1,156.5625,0,0.25]
[8,156.625,0,0.25]
[7,156.6875,0,0.25]
[3,156.75,0,0.25]
[4,156.8125,0,0.25]
[5,156.875,0,0.25]
[4,156.9375,0,0.25]
[0,157,0,0.25]
[1,157.0625,0,0.25]
[8,157.125,0,0.25]
[7,157.1875,0,0.25]
[6,157.25,0,0.25]
[7,157.3125,0,0.25]
[5,157.375,0,0.25]
[4,157.4375,0,0.25]
[0,157.5,0,0.25]
[1,157.5625,0,0.25]
[2,157.625,0,0.25]
[1,157.6875,0,0.25]
[3,157.75,1,0.5]
[2,158.25,0,0.75]
[2,158.375,0,0.75]
[1,158.5,0,0.75]
[1,158.625,0,0.75]
[6,158.75,0,0.75]
[6,158.875,0,0.75]
[7,159,0,0.75]
[7,159.125,0,0.75]
[0,159.25,0,0.75]
[0,159.375,0,0.75]
[3,159.5,0,0.5]
[3,159.625,0,0.5]
[8,159.75,0,0.75]
[8,159.875,0,0.75]
[5,160,0,0.5]
[5,160.125,0,0.5]
[0,160.25,0,0.75]
[0,160.375,0,0.75]
[2,160.5,0,0.75]
[2,160.625,0,0.75]
[8,160.75,0,0.75]
[8,160.875,0,0.75]
[6,161,0,0.75]
[6,161.125,0,0.75]
[2,161.25,0,0.75]
[1,161.3125,0,0.75]
[3,161.375,0,0.75]
[4,161.4375,0,0.75]
[8,161.5,0,0.75]
[7,161.5625,0,0.75]
[0,161.625,0,0.75]
[1,161.6875,0,0.75]
[5,161.75,0,0.75]
[4,161.8125,0,0.75]
[6,161.875,0,0.75]
[7,161.9375,0,0.75]
[2,162,0,0.75]
[1,162,0,0.25]
[3,162.125,0,0.25]
[8,162.25,0,0.75]
[7,162.25,0,0.25]
[3,162.375,0,0.25]
[4,162.5,0,0.75]
[5,162.5,0,0.75]
[0,162.625,0,0.75]
[7,162.75,0,0.75]
[8,162.75,0,0.75]
[3,162.875,0,0.75]
[1,163,0,0.75]
[2,163,0,0.75]
[6,163.125,0,0.75]
[5,163.25,0,0.75]
[4,163.3125,0,0.75]
[6,163.375,0,0.75]
[7,163.4375,0,0.75]
[2,163.5,0,0.75]
[1,163.5625,0,0.75]
[3,163.625,0,0.75]
[4,163.6875,0,0.75]
[8,163.75,0,0.75]
[7,163.8125,0,0.75]
[0,163.875,0,0.75]
[1,163.9375,0,0.75]
[4,164,0,0.25]
[5,164,0,0.25]
[6,164.25,0,0.25]
[7,164.25,0,0.25]
[2,164.5,0,0.25]
[1,164.5625,0,0.25]
[0,164.625,0,0.25]
[1,164.6875,0,0.25]
[5,164.75,0,0.25]
[4,164.8125,0,0.25]
[3,164.875,0,0.25]
[4,164.9375,0,0.25]
[8,165,0,0.25]
[7,165.0625,0,0.25]
[6,165.125,0,0.25]
[7,165.1875,0,0.25]
[5,165.25,0,0.25]
[4,165.3125,0,0.25]
[3,165.375,0,0.25]
[4,165.4375,0,0.25]
[2,165.5,0,0.25]
[1,165.5625,0,0.25]
[0,165.625,0,0.25]
[1,165.6875,0,0.25]
[5,165.75,0,0.25]
[4,165.8125,0,0.25]
[6,165.875,0,0.25]
[7,165.9375,0,0.25]
[1,166,0,0.25]
[2,166,0,0.25]
[5,166.25,0,0.25]
[4,166.3125,0,0.25]
[6,166.375,0,0.25]
[7,166.4375,0,0.25]
[2,166.5,0,0.25]
[1,166.5625,0,0.25]
[3,166.625,0,0.25]
[4,166.6875,0,0.25]
[5,166.75,0,0.25]
[4,166.8125,0,0.25]
[6,166.875,0,0.25]
[7,166.9375,0,0.25]
[2,167,0,0.25]
[1,167.0625,0,0.25]
[3,167.125,0,0.25]
[4,167.1875,0,0.25]
[5,167.25,0,0.25]
[8,167.25,0,0.25]
[8,167.75,0,0.25]
[7,167.8125,0,0.25]
[6,167.875,0,0.25]
[7,167.9375,0,0.25]
[2,168,0,0.25]
[1,168.0625,0,0.25]
[0,168.125,0,0.25]
[1,168.1875,0,0.25]
[2,168.25,1,0.25]
[5,168.5,1,0.25]
[3,168.75,0,0.25]
[4,168.75,0,0.25]
[8,168.875,0,0.25]
[0,169,0,0.25]
[1,169,0,0.25]
[5,169.125,0,0.25]
[3,169.25,1,0.25]
[6,169.5,1,0.25]
[7,169.75,0,0.25]
[8,169.75,0,0.25]
[0,169.875,0,0.25]
[1,170,0,0.25]
[2,170,0,0.25]
[3,170.125,0,0.25]
[8,170.25,1,0.25]
[7,170.5,1,0.25]
[3,170.75,0,0.25]
[6,170.75,0,0.25]
[5,170.875,0,0.25]
[0,171,0,0.25]
[3,171,0,0.25]
[4,171.125,0,0.25]
[2,171.25,1,0.25]
[1,171.5,1,0.25]
[0,171.75,1,0.125]
[4,171.875,1,0.125]
[3,172,1,0.25]
[2,172.25,1,0.25]
[5,172.5,1,0.25]
[3,172.75,0,0.125]
[4,172.75,0,0.125]
[8,172.875,0,0.125]
[1,173,0,0.25]
[0,173,0,0.125]
[5,173.125,0,0.125]
[3,173.25,1,0.25]
[6,173.5,1,0.25]
[7,173.75,0,0.25]
[8,173.75,0,0.25]
[3,173.875,0,0.25]
[4,174,0,0.25]
[5,174,0,0.25]
[0,174.125,0,0.25]
[2,174.25,0,0.25]
[1,174.3125,0,0.25]
[3,174.375,0,0.25]
[4,174.4375,0,0.25]
[8,174.5,0,0.25]
[7,174.5625,0,0.25]
[6,174.625,0,0.25]
[7,174.6875,0,0.25]
[5,174.75,0,0.25]
[4,174.8125,0,0.25]
[0,174.875,0,0.25]
[1,174.9375,0,0.25]
[8,175,0,0.25]
[7,175.0625,0,0.25]
[3,175.125,0,0.25]
[4,175.1875,0,0.25]
[2,175.25,0,0.25]
[1,175.3125,0,0.25]
[6,175.375,0,0.25]
[7,175.4375,0,0.25]
[5,175.5,0,0.25]
[4,175.5625,0,0.25]
[3,175.625,0,0.25]
[4,175.6875,0,0.25]
[2,175.75,0,0.25]
[1,175.8125,0,0.25]
[6,175.875,0,0.25]
[7,175.9375,0,0.25]
[8,176,0,0.25]
[2,176.25,0,0.25]
[1,176.3125,0,0.25]
[0,176.375,0,0.25]
[1,176.4375,0,0.25]
[5,176.5,0,0.25]
[4,176.5625,0,0.25]
[3,176.625,0,0.25]
[4,176.6875,0,0.25]
[8,176.75,0,0.25]
[7,176.8125,0,0.25]
[6,176.875,0,0.25]
[7,176.9375,0,0.25]
[5,177,0,0.25]
[4,177.0625,0,0.25]
[3,177.125,0,0.25]
[4,177.1875,0,0.25]
[2,177.25,0,0.25]
[1,177.3125,0,0.25]
[3,177.375,0,0.25]
[4,177.4375,0,0.25]
[8,177.5,0,0.25]
[7,177.5625,0,0.25]
[0,177.625,0,0.25]
[1,177.6875,0,0.25]
[5,177.75,0,0.25]
[4,177.8125,0,0.25]
[6,177.875,0,0.25]
[7,177.9375,0,0.25]
[2,178,0,0.25]
[1,178.0625,0,0.25]
[3,178.125,0,0.25]
[4,178.1875,0,0.25]
[8,178.25,0,0.25]
[7,178.3125,0,0.25]
[6,178.375,0,0.25]
[7,178.4375,0,0.25]
[2,178.5,0,0.25]
[1,178.5625,0,0.25]
[0,178.625,0,0.25]
[1,178.6875,0,0.25]
[8,178.75,0,0.25]
[7,178.8125,0,0.25]
[6,178.875,0,0.25]
[7,178.9375,0,0.25]
[2,179,0,0.25]
[1,179.0625,0,0.25]
[0,179.125,0,0.25]
[1,179.1875,0,0.25]
[8,179.25,0,0.25]
[7,179.3125,0,0.25]
[3,179.375,0,0.25]
[4,179.4375,0,0.25]
[2,179.5,0,0.25]
[1,179.5625,0,0.25]
[6,179.625,0,0.25]
[7,179.6875,0,0.25]
[5,179.75,0,0.25]
[4,179.8125,0,0.25]
[0,179.875,0,0.25]
[1,179.9375,0,0.25]
[8,180,0,0.25]
[7,180.0625,0,0.25]
[3,180.125,0,0.25]
[4,180.1875,0,0.25]
[2,180.25,0,0.25]
[1,180.3125,0,0.25]
[0,180.375,0,0.25]
[1,180.4375,0,0.25]
[8,180.5,0,0.25]
[7,180.5625,0,0.25]
[6,180.625,0,0.25]
[7,180.6875,0,0.25]
[2,180.75,0,0.25]
[1,180.8125,0,0.25]
[0,180.875,0,0.25]
[1,180.9375,0,0.25]
[8,181,0,0.25]
[7,181.0625,0,0.25]
[6,181.125,0,0.25]
[7,181.1875,0,0.25]
[2,181.25,0,0.25]
[1,181.3125,0,0.25]
[3,181.375,0,0.25]
[4,181.4375,0,0.25]
[8,181.5,0,0.25]
[7,181.5625,0,0.25]
[0,181.625,0,0.25]
[1,181.6875,0,0.25]
[5,181.75,0,0.25]
[4,181.8125,0,0.25]
[6,181.875,0,0.25]
[7,181.9375,0,0.25]
[2,182,0,0.25]
[1,182.0625,0,0.25]
[3,182.125,0,0.25]
[4,182.1875,0,0.25]
[8,182.25,0,0.25]
[7,182.3125,0,0.25]
[6,182.375,0,0.25]
[7,182.4375,0,0.25]
[5,182.5,0,0.25]
[4,182.5625,0,0.25]
[3,182.625,0,0.25]
[4,182.6875,0,0.25]
[2,182.75,0,0.25]
[1,182.8125,0,0.25]
[0,182.875,0,0.25]
[1,182.9375,0,0.25]
[5,183,0,0.25]
[4,183.0625,0,0.25]
[3,183.125,0,0.25]
[4,183.1875,0,0.25]
[8,183.25,1,0.5]
[7,183.25,1,0.5]
[0,183.75,1,0.5]
[1,183.75,1,0.5]
[8,184.25,0,0.5]
[8,184.375,0,0.5]
[7,184.5,0,0.5]
[7,184.625,0,0.5]
[0,184.75,0,0.5]
[0,184.875,0,0.5]
[1,185,0,0.5]
[1,185.125,0,0.5]
[6,185.25,0,0.5]
[6,185.375,0,0.5]
[3,185.5,0,0.5]
[3,185.625,0,0.5]
[2,185.75,0,0.5]
[2,185.875,0,0.5]
[5,186,0,0.5]
[5,186.125,0,0.5]
[6,186.25,0,0.5]
[6,186.375,0,0.5]
[8,186.5,0,0.5]
[8,186.625,0,0.5]
[2,186.75,0,0.5]
[2,186.875,0,0.5]
[0,187,0,0.5]
[0,187.125,0,0.5]
[2,187.25,0,0.5]
[1,187.3125,0,0.5]
[6,187.375,0,0.5]
[7,187.4375,0,0.5]
[5,187.5,0,0.5]
[4,187.5625,0,0.5]
[3,187.625,0,0.5]
[4,187.6875,0,0.5]
[8,187.75,0,0.5]
[7,187.8125,0,0.5]
[0,187.875,0,0.5]
[1,187.9375,0,0.5]
[5,188,0,0.5]
[4,188.0625,0,0.5]
[3,188.125,0,0.5]
[4,188.1875,0,0.5]
[8,188.25,0,0.25]
[2,188.5,0,0.5]
[1,188.5625,0,0.5]
[0,188.625,0,0.5]
[1,188.6875,0,0.5]
[5,188.75,0,0.5]
[4,188.8125,0,0.5]
[3,188.875,0,0.5]
[4,188.9375,0,0.5]
[8,189,0,0.5]
[7,189.0625,0,0.5]
[6,189.125,0,0.5]
[7,189.1875,0,0.5]
[5,189.25,0,0.5]
[4,189.3125,0,0.5]
[3,189.375,0,0.5]
[4,189.4375,0,0.5]
[2,189.5,0,0.5]
[1,189.5625,0,0.5]
[0,189.625,0,0.5]
[1,189.6875,0,0.5]
[8,189.75,0,0.5]
[7,189.8125,0,0.5]
[6,189.875,0,0.5]
[7,189.9375,0,0.5]
[5,190,0,0.5]
[2,190.25,0,0.5]
[1,190.3125,0,0.5]
[3,190.375,0,0.5]
[4,190.4375,0,0.5]
[8,190.5,0,0.5]
[7,190.5625,0,0.5]
[0,190.625,0,0.5]
[1,190.6875,0,0.5]
[5,190.75,0,0.5]
[4,190.8125,0,0.5]
[6,190.875,0,0.5]
[7,190.9375,0,0.5]
[8,191,0,0.5]
[3,191.125,0,0.5]
[2,191.25,0,0.5]
[7,191.375,0,0.5]
[0,191.5,0,0.5]
[5,191.625,0,0.5]
[4,191.6875,0,0.5]
[3,191.75,0,0.5]
[4,191.8125,0,0.5]
[8,191.875,0,0.5]
[7,191.9375,0,0.5]
[6,192,0,0.5]
[7,192.0625,0,0.5]
[2,192.125,0,0.5]
[1,192.1875,0,0.5]
[0,192.25,0,0.5]
[1,192.3125,0,0.5]
[5,192.375,0,0.5]
[4,192.4375,0,0.5]
[6,192.5,0,0.5]
[7,192.5625,0,0.5]
[2,192.625,0,0.5]
[1,192.6875,0,0.5]
[3,192.75,0,0.5]
[4,192.8125,0,0.5]
[8,192.875,0,0.5]
[7,192.9375,0,0.5]
[0,193,0,0.5]
[1,193.0625,0,0.5]
[5,193.125,0,0.5]
[4,193.1875,0,0.5]
[6,193.25,0,0.5]
[7,193.25,0,0.5]