[2,3.5,0,0.5]
[1,4,0,0.5]
[0,4.5,0,0.5]
[2,5,0,0.5]
[3,5.5,0,0.5]
[4,6,0,0.5]
[5,6.5,0,0.5]
[0,7,0,0.5]
[8,7.5,0,0.5]
[7,8,0,0.5]
[6,8.5,0,0.5]
[6,9,0,0.5]
[3,9.5,0,0.5]
[4,10,0,0.5]
[2,10.5,0,0.5]
[1,11,0,0.5]
[2,11.5,0,0.5]
[1,12,0,0.5]
[0,12.5,0,0.5]
[2,13,0,0.5]
[3,13.5,0,0.5]
[4,14,0,0.5]
[5,14.5,0,0.5]
[0,15,0,0.5]
[8,15.5,0,0.5]
[7,16,0,0.5]
[6,16.5,0,0.5]
[6,17,0,0.5]
[3,17.5,0,0.5]
[2,19.5,0,0.5]
[1,20,0,0.5]
[0,20.5,0,0.5]
[2,21,0,0.5]
[3,21.5,0,0.5]
[4,22,0,0.5]
[5,22.5,0,0.5]
[0,23,0,0.5]
[8,23.5,0,0.5]
[7,24,0,0.5]
[6,24.5,0,0.5]
[6,25,0,0.5]
[3,25.5,0,0.5]
[4,26,0,0.5]
[2,26.5,0,0.5]
[1,27,0,0.5]
[2,27.5,0,0.5]
[1,28,0,0.5]
[0,28.5,0,0.5]
[2,29,0,0.5]
[3,29.5,0,0.5]
[4,30,0,0.5]
[5,30.5,0,0.5]
[0,31,0,0.5]
[8,31.5,0,0.5]
[7,32,0,0.5]
[6,32.5,0,0.5]
[6,33,0,0.5]
[3,33.5,0,0.5]
[4,34,0,0.5]
[2,34.5,0,0.5]
[1,35,0,0.5]
[2,35.5,0,0.5]
[1,36,0,0.5]
[0,36.5,0,0.5]
[2,37,0,0.5]
[3,37.5,0,0.5]
[4,38,0,0.5]
[5,38.5,0,0.5]
[0,39,0,0.5]
[8,39.5,0,0.5]
[7,40,0,0.5]
[6,40.5,0,0.5]
[6,41,0,0.5]
[3,41.5,0,0.5]
[4,42,0,0.5]
[2,42.5,0,0.5]
[1,43,0,0.5]
[2,43.5,0,0.5]
[1,44,0,0.5]
[0,44.5,0,0.5]
[2,45,0,0.5]
[3,45.5,0,0.5]
[4,46,0,0.5]
[5,46.5,0,0.5]
[0,47,0,0.5]
[8,47.5,0,0.5]
[7,48,0,0.5]
[6,48.5,0,0.5]
[6,49,0,0.5]
[3,49.5,0,0.5]
[4,50,0,0.5]
[2,50.5,0,0.5]
[1,51,0,0.5]
[2,53.5,0,0.5]
[1,54,0,0.5]
[0,54.5,0,0.5]
[2,55,0,0.5]
[3,55.5,0,0.5]
[4,56,0,0.5]
[5,56.5,0,0.5]
[0,57,0,0.5]
[8,57.5,0,0.5]
[7,58,0,0.5]
[6,58.5,0,0.5]
[6,59,0,0.5]
[3,59.5,0,0.5]
[4,60,0,0.5]
[2,60.5,0,0.5]
[1,61,0,0.5]
[2,61.5,0,0.5]
[1,62,0,0.5]
[0,62.5,0,0.5]
[2,63,0,0.5]
[3,63.5,0,0.5]
[4,64,0,0.5]
[5,64.5,0,0.5]
[0,65,0,0.5]
[8,65.5,0,0.5]
[7,66,0,0.5]
[6,66.5,0,0.5]
[6,67,0,0.5]
[3,67.5,0,0.5]
[4,68,0,0.5]
[2,68.5,0,0.5]
[1,69,0,0.5]
[2,69.5,0,0.5]
[1,70,0,0.5]
[0,70.5,0,0.5]
[2,71,0,0.5]
[3,71.5,0,0.5]
[4,72,0,0.5]
[5,72.5,0,0.5]
[0,73,0,0.5]
[8,73.5,0,0.5]
[7,74,0,0.5]
[6,74.5,0,0.5]
[6,75,0,0.5]
[3,75.5,0,0.5]
[4,76,0,0.5]
[2,76.5,0,0.5]
[1,77,0,0.5]
[2,77.5,0,0.5]
[1,78,0,0.5]
[0,78.5,0,0.5]
[2,79,0,0.5]
[3,79.5,0,0.5]
[4,80,0,0.5]
[5,80.5,0,0.5]
[0,81,0,0.5]
[8,81.5,0,0.5]
[7,82,0,0.5]
[6,82.5,0,0.5]
[6,83,0,0.5]
[3,83.5,0,0.5]
[4,84,0,0.5]
[2,84.5,0,0.5]
[1,85,0,0.5]