[6,0,0,0.4347826086956522]
[7,0.10869565217391305,0,0.4347826086956522]
[3,0.2173913043478261,0,0.4347826086956522]
[5,0.32608695652173914,0,0.4347826086956522]
[1,0.4347826086956522,0,0.4347826086956522]
[2,0.5434782608695653,0,0.4347826086956522]
[3,0.6521739130434783,0,0.4347826086956522]
[5,0.7608695652173914,0,0.4347826086956522]
[7,0.8695652173913044,0,0.4347826086956522]
[8,0.9782608695652175,0,0.4347826086956522]
[3,1.0869565217391306,0,0.4347826086956522]
[5,1.1956521739130437,0,0.4347826086956522]
[0,1.3043478260869565,0,0.4347826086956522]
[1,1.4130434782608696,0,0.4347826086956522]
[3,1.5217391304347827,0,0.4347826086956522]
[5,1.6304347826086958,0,0.4347826086956522]
[6,1.7391304347826089,0,0.4347826086956522]
[8,1.847826086956522,0,0.4347826086956522]
[3,1.956521739130435,0,0.4347826086956522]
[4,2.065217391304348,0,0.4347826086956522]
[0,2.173913043478261,0,0.4347826086956522]
[2,2.2826086956521743,0,0.4347826086956522]
[4,2.3913043478260874,0,0.4347826086956522]
[5,2.5,0,0.4347826086956522]
[6,2.608695652173913,0,0.4347826086956522]
[8,2.717391304347826,0,0.4347826086956522]
[4,2.8260869565217392,0,0.4347826086956522]
[5,2.9347826086956523,0,0.4347826086956522]
[0,3.0434782608695654,0,0.4347826086956522]
[2,3.1521739130434785,0,0.4347826086956522]
[3,3.2608695652173916,0,0.4347826086956522]
[4,3.2608695652173916,0,0.4347826086956522]
[5,3.3695652173913047,0,0.4347826086956522]
[6,3.4782608695652177,0,0.4347826086956522]
[8,3.586956521739131,0,0.4347826086956522]
[0,3.695652173913044,0,0.4347826086956522]
[1,3.695652173913044,0,0.4347826086956522]
[5,3.804347826086957,0,0.4347826086956522]
[3,3.91304347826087,0,0.4347826086956522]
[2,4.021739130434783,0,0.4347826086956522]
[6,4.130434782608696,0,0.4347826086956522]
[7,4.130434782608696,0,0.4347826086956522]
[5,4.239130434782609,0,0.4347826086956522]
[4,4.347826086956522,0,0.4347826086956522]
[3,4.4565217391304355,0,0.4347826086956522]
[8,4.565217391304349,0,0.4347826086956522]
[7,4.565217391304349,0,0.4347826086956522]
[6,4.673913043478262,0,0.4347826086956522]
[2,4.782608695652175,0,0.4347826086956522]
[3,4.891304347826087,0,0.4347826086956522]
[4,5,0,0.4347826086956522]
[5,5,0,0.4347826086956522]
[0,5.108695652173913,0,0.4347826086956522]
[1,5.217391304347826,0,0.4347826086956522]
[2,5.326086956521739,0,0.4347826086956522]
[3,5.434782608695652,0,0.4347826086956522]
[4,5.434782608695652,0,0.4347826086956522]
[8,5.543478260869565,0,0.4347826086956522]
[6,5.6521739130434785,0,0.4347826086956522]
[5,5.760869565217392,0,0.4347826086956522]
[0,5.869565217391305,0,0.4347826086956522]
[1,5.869565217391305,0,0.4347826086956522]
[2,5.978260869565218,0,0.4347826086956522]
[4,6.086956521739131,0,0.4347826086956522]
[3,6.195652173913044,0,0.4347826086956522]
[7,6.304347826086957,0,0.4347826086956522]
[8,6.304347826086957,0,0.4347826086956522]
[6,6.41304347826087,0,0.4347826086956522]
[4,6.521739130434783,0,0.4347826086956522]
[5,6.630434782608696,0,0.4347826086956522]
[0,6.739130434782609,0,0.4347826086956522]
[1,6.739130434782609,0,0.4347826086956522]
[2,6.847826086956522,0,0.4347826086956522]
[3,6.9565217391304355,0,0.4347826086956522]
[4,6.9565217391304355,0,0.4347826086956522]
[5,7.065217391304349,0,0.4347826086956522]
[3,7.173913043478262,0,0.4347826086956522]
[5,7.282608695652175,0,0.4347826086956522]
[6,7.391304347826088,0,0.4347826086956522]
[2,7.500000000000001,0,0.4347826086956522]
[6,7.608695652173914,0,0.4347826086956522]
[2,7.717391304347827,0,0.4347826086956522]
[7,7.82608695652174,0,0.4347826086956522]
[1,7.934782608695653,0,0.4347826086956522]
[7,8.043478260869566,0,0.4347826086956522]
[1,8.152173913043478,0,0.4347826086956522]
[6,8.260869565217392,0,0.4347826086956522]
[2,8.369565217391305,0,0.4347826086956522]
[6,8.478260869565219,0,0.4347826086956522]
[2,8.58695652173913,0,0.4347826086956522]
[3,8.695652173913045,0,0.4347826086956522]
[5,8.804347826086957,0,0.4347826086956522]
[3,8.913043478260871,0,0.4347826086956522]
[5,9.021739130434783,0,0.4347826086956522]
[0,9.130434782608697,0,0.4347826086956522]
[4,9.23913043478261,0,0.4347826086956522]
[0,9.347826086956523,0,0.4347826086956522]
[4,9.456521739130435,0,0.4347826086956522]
[1,9.56521739130435,0,0.4347826086956522]
[8,9.673913043478262,0,0.4347826086956522]
[1,9.782608695652174,0,0.4347826086956522]
[8,9.891304347826088,0,0.4347826086956522]
[3,10,0,0.4347826086956522]
[7,10.108695652173914,0,0.4347826086956522]
[3,10.217391304347826,0,0.4347826086956522]
[7,10.32608695652174,0,0.4347826086956522]
[8,10.434782608695652,0,0.4347826086956522]
[6,10.543478260869566,0,0.4347826086956522]
[8,10.652173913043478,0,0.4347826086956522]
[6,10.760869565217392,0,0.4347826086956522]
[5,10.869565217391305,0,0.4347826086956522]
[7,10.978260869565219,0,0.4347826086956522]
[5,11.08695652173913,0,0.4347826086956522]
[7,11.195652173913045,0,0.4347826086956522]
[2,11.304347826086957,0,0.4347826086956522]
[3,11.413043478260871,0,0.4347826086956522]
[2,11.521739130434783,0,0.4347826086956522]
[3,11.630434782608697,0,0.4347826086956522]
[4,11.73913043478261,0,0.4347826086956522]
[0,11.847826086956523,0,0.4347826086956522]
[4,11.956521739130435,0,0.4347826086956522]
[0,12.06521739130435,0,0.4347826086956522]
[5,12.173913043478262,0,0.4347826086956522]
[1,12.282608695652176,0,0.4347826086956522]
[5,12.391304347826088,0,0.4347826086956522]
[1,12.500000000000002,0,0.4347826086956522]
[8,12.608695652173914,0,0.4347826086956522]
[3,12.717391304347828,0,0.4347826086956522]
[8,12.82608695652174,0,0.4347826086956522]
[3,12.934782608695652,0,0.4347826086956522]
[5,13.043478260869566,0,0.4347826086956522]
[6,13.152173913043478,0,0.4347826086956522]
[5,13.260869565217392,0,0.4347826086956522]
[6,13.369565217391305,0,0.4347826086956522]
[2,13.478260869565219,0,0.4347826086956522]
[4,13.58695652173913,0,0.4347826086956522]
[2,13.695652173913045,0,0.4347826086956522]
[4,13.804347826086957,0,0.4347826086956522]
[3,13.913043478260871,0,0.4347826086956522]
[8,14.021739130434783,0,0.4347826086956522]
[3,14.130434782608697,0,0.4347826086956522]
[8,14.23913043478261,0,0.4347826086956522]
[0,14.347826086956523,0,0.4347826086956522]
[7,14.456521739130435,0,0.4347826086956522]
[0,14.56521739130435,0,0.4347826086956522]
[7,14.673913043478262,0,0.4347826086956522]
[1,14.782608695652176,0,0.4347826086956522]
[8,14.891304347826088,0,0.4347826086956522]
[1,15.000000000000002,0,0.4347826086956522]
[8,15.108695652173914,0,0.4347826086956522]
[0,15.217391304347828,0,0.4347826086956522]
[5,15.32608695652174,0,0.4347826086956522]
[0,15.434782608695654,0,0.4347826086956522]
[5,15.543478260869566,0,0.4347826086956522]
[3,15.65217391304348,0,0.4347826086956522]
[2,15.760869565217392,0,0.4347826086956522]
[3,15.869565217391306,0,0.4347826086956522]
[2,15.978260869565219,0,0.4347826086956522]
[6,16.086956521739133,0,0.4347826086956522]
[1,16.195652173913043,0,0.4347826086956522]
[6,16.304347826086957,0,0.4347826086956522]
[1,16.41304347826087,0,0.4347826086956522]
[7,16.521739130434785,0,0.4347826086956522]
[2,16.630434782608695,0,0.4347826086956522]
[7,16.73913043478261,0,0.4347826086956522]
[2,16.847826086956523,0,0.4347826086956522]
[6,16.956521739130437,0,0.4347826086956522]
[4,17.065217391304348,0,0.4347826086956522]
[6,17.17391304347826,0,0.4347826086956522]
[4,17.282608695652176,0,0.4347826086956522]
[5,17.39130434782609,0,0.4347826086956522]
[3,17.5,0,0.4347826086956522]
[5,17.608695652173914,0,0.4347826086956522]
[3,17.717391304347828,0,0.4347826086956522]
[8,17.826086956521742,0,0.4347826086956522]
[1,17.934782608695652,0,0.4347826086956522]
[8,18.043478260869566,0,0.4347826086956522]
[1,18.15217391304348,0,0.4347826086956522]
[4,18.260869565217394,0,0.4347826086956522]
[0,18.369565217391305,0,0.4347826086956522]
[4,18.47826086956522,0,0.4347826086956522]
[0,18.586956521739133,0,0.4347826086956522]
[2,18.695652173913047,0,0.4347826086956522]
[3,18.804347826086957,0,0.4347826086956522]
[2,18.91304347826087,0,0.4347826086956522]
[3,19.021739130434785,0,0.4347826086956522]
[5,19.1304347826087,0,0.4347826086956522]
[6,19.23913043478261,0,0.4347826086956522]
[5,19.347826086956523,0,0.4347826086956522]
[6,19.456521739130437,0,0.4347826086956522]
[5,19.565217391304348,0,0.4347826086956522]
[6,19.67391304347826,0,0.4347826086956522]
[5,19.782608695652176,0,0.4347826086956522]
[6,19.89130434782609,0,0.4347826086956522]
[8,20,0,0.4347826086956522]
[4,20.108695652173914,0,0.4347826086956522]
[8,20.217391304347828,0,0.4347826086956522]
[4,20.326086956521742,0,0.4347826086956522]
[8,20.434782608695652,0,0.4347826086956522]
[4,20.543478260869566,0,0.4347826086956522]
[8,20.65217391304348,0,0.4347826086956522]
[4,20.760869565217394,0,0.4347826086956522]
[3,20.869565217391305,0,0.4347826086956522]
[5,20.97826086956522,0,0.4347826086956522]
[3,21.086956521739133,0,0.4347826086956522]
[5,21.195652173913047,0,0.4347826086956522]
[6,21.304347826086957,0,0.4347826086956522]
[7,21.304347826086957,0,0.4347826086956522]
[2,21.41304347826087,0,0.4347826086956522]
[6,21.521739130434785,0,0.4347826086956522]
[2,21.6304347826087,0,0.4347826086956522]
[3,21.73913043478261,0,0.4347826086956522]
[1,21.847826086956523,0,0.4347826086956522]
[3,21.956521739130437,0,0.4347826086956522]
[1,22.06521739130435,0,0.4347826086956522]
[6,22.17391304347826,0,0.4347826086956522]
[7,22.17391304347826,0,0.4347826086956522]
[5,22.282608695652176,0,0.4347826086956522]
[7,22.39130434782609,0,0.4347826086956522]
[5,22.5,0,0.4347826086956522]
[3,22.608695652173914,0,0.4347826086956522]
[8,22.717391304347828,0,0.4347826086956522]
[3,22.826086956521742,0,0.4347826086956522]
[8,22.934782608695652,0,0.4347826086956522]
[0,23.043478260869566,0,0.4347826086956522]
[1,23.043478260869566,0,0.4347826086956522]
[7,23.15217391304348,0,0.4347826086956522]
[0,23.260869565217394,0,0.4347826086956522]
[7,23.369565217391305,0,0.4347826086956522]
[1,23.47826086956522,0,0.4347826086956522]
[5,23.586956521739133,0,0.4347826086956522]
[1,23.695652173913047,0,0.4347826086956522]
[5,23.804347826086957,0,0.4347826086956522]
[3,23.91304347826087,0,0.4347826086956522]
[4,23.91304347826087,0,0.4347826086956522]
[8,24.021739130434785,0,0.4347826086956522]
[3,24.1304347826087,0,0.4347826086956522]
[8,24.23913043478261,0,0.4347826086956522]
[7,24.347826086956523,0,0.4347826086956522]
[0,24.456521739130437,0,0.4347826086956522]
[7,24.56521739130435,0,0.4347826086956522]
[0,24.67391304347826,0,0.4347826086956522]
[4,24.782608695652176,0,0.4347826086956522]
[5,24.782608695652176,0,0.4347826086956522]
[3,24.89130434782609,0,0.4347826086956522]
[5,25.000000000000004,0,0.4347826086956522]
[3,25.108695652173914,0,0.4347826086956522]
[4,25.217391304347828,0,0.4347826086956522]
[6,25.326086956521742,0,0.4347826086956522]
[4,25.434782608695656,0,0.4347826086956522]
[6,25.543478260869566,0,0.4347826086956522]
[1,25.65217391304348,0,0.4347826086956522]
[2,25.65217391304348,0,0.4347826086956522]
[3,25.760869565217394,0,0.4347826086956522]
[2,25.869565217391305,0,0.4347826086956522]
[3,25.97826086956522,0,0.4347826086956522]
[5,26.086956521739133,0,0.4347826086956522]
[0,26.195652173913047,0,0.4347826086956522]
[5,26.304347826086957,0,0.4347826086956522]
[0,26.41304347826087,0,0.4347826086956522]
[7,26.521739130434785,0,0.4347826086956522]
[8,26.521739130434785,0,0.4347826086956522]
[1,26.6304347826087,0,0.4347826086956522]
[8,26.73913043478261,0,0.4347826086956522]
[1,26.847826086956523,0,0.4347826086956522]
[5,26.956521739130437,0,0.4347826086956522]
[3,27.06521739130435,0,0.4347826086956522]
[5,27.17391304347826,0,0.4347826086956522]
[3,27.282608695652176,0,0.4347826086956522]
[8,27.39130434782609,0,0.4347826086956522]
[7,27.500000000000004,0,0.4347826086956522]
[8,27.608695652173914,0,0.4347826086956522]
[7,27.717391304347828,0,0.4347826086956522]
[6,27.826086956521742,0,0.4347826086956522]
[5,27.934782608695656,0,0.4347826086956522]
[6,28.043478260869566,0,0.4347826086956522]
[5,28.15217391304348,0,0.4347826086956522]
[3,28.260869565217394,0,0.4347826086956522]
[4,28.260869565217394,0,0.4347826086956522]
[2,28.369565217391308,0,0.4347826086956522]
[3,28.47826086956522,0,0.4347826086956522]
[2,28.586956521739133,0,0.4347826086956522]
[0,28.695652173913047,0,0.4347826086956522]
[5,28.804347826086957,0,0.4347826086956522]
[0,28.91304347826087,0,0.4347826086956522]
[5,29.021739130434785,0,0.4347826086956522]
[3,29.1304347826087,0,0.4347826086956522]
[4,29.1304347826087,0,0.4347826086956522]
[8,29.23913043478261,0,0.4347826086956522]
[4,29.347826086956523,0,0.4347826086956522]
[8,29.456521739130437,0,0.4347826086956522]
[3,29.56521739130435,0,0.4347826086956522]
[5,29.67391304347826,0,0.4347826086956522]
[3,29.782608695652176,0,0.4347826086956522]
[5,29.89130434782609,0,0.4347826086956522]
[6,30.000000000000004,0,0.4347826086956522]
[7,30.000000000000004,0,0.4347826086956522]
[2,30.108695652173914,0,0.4347826086956522]
[6,30.217391304347828,0,0.4347826086956522]
[2,30.326086956521742,0,0.4347826086956522]
[7,30.434782608695656,0,0.4347826086956522]
[5,30.543478260869566,0,0.4347826086956522]
[7,30.65217391304348,0,0.4347826086956522]
[5,30.760869565217394,0,0.4347826086956522]
[3,30.869565217391308,0,0.4347826086956522]
[4,30.869565217391308,0,0.4347826086956522]
[7,30.97826086956522,0,0.4347826086956522]
[3,31.086956521739133,0,0.4347826086956522]
[7,31.195652173913047,0,0.4347826086956522]
[8,31.30434782608696,0,0.4347826086956522]
[0,31.41304347826087,0,0.4347826086956522]
[8,31.521739130434785,0,0.4347826086956522]
[0,31.6304347826087,0,0.4347826086956522]
[4,31.739130434782613,0,0.4347826086956522]
[5,31.739130434782613,0,0.4347826086956522]
[3,31.847826086956523,0,0.4347826086956522]
[5,31.956521739130437,0,0.4347826086956522]
[3,32.06521739130435,0,0.4347826086956522]
[4,32.173913043478265,0,0.4347826086956522]
[6,32.28260869565218,0,0.4347826086956522]
[4,32.391304347826086,0,0.4347826086956522]
[6,32.5,0,0.4347826086956522]
[2,32.608695652173914,0,0.4347826086956522]
[1,32.608695652173914,0,0.4347826086956522]
[3,32.71739130434783,0,0.4347826086956522]
[2,32.82608695652174,0,0.4347826086956522]
[3,32.934782608695656,0,0.4347826086956522]
[5,33.04347826086957,0,0.4347826086956522]
[0,33.152173913043484,0,0.4347826086956522]
[5,33.26086956521739,0,0.4347826086956522]
[0,33.369565217391305,0,0.4347826086956522]
[5,33.47826086956522,0,0.4347826086956522]
[0,33.58695652173913,0,0.4347826086956522]
[5,33.69565217391305,0,0.4347826086956522]
[0,33.80434782608696,0,0.4347826086956522]
[7,33.913043478260875,0,0.4347826086956522]
[8,33.913043478260875,0,0.4347826086956522]
[1,33.913043478260875,0,0.4347826086956522]
[0,34.23913043478261,0,0.4347826086956522]
[5,34.23913043478261,0,0.4347826086956522]
[4,34.23913043478261,0,0.4347826086956522]
[3,34.56521739130435,0,0.4347826086956522]
[6,34.56521739130435,0,0.4347826086956522]
[2,34.56521739130435,0,0.4347826086956522]
[2,34.78260869565218,0,0.4347826086956522]
[1,34.83695652173913,0,0.4347826086956522]
[0,34.89130434782609,0,0.4347826086956522]
[1,34.94565217391305,0,0.4347826086956522]
[5,35,0,0.4347826086956522]
[4,35.05434782608696,0,0.4347826086956522]
[3,35.108695652173914,0,0.4347826086956522]
[4,35.163043478260875,0,0.4347826086956522]
[7,35.21739130434783,0,0.4347826086956522]
[8,35.21739130434783,0,0.4347826086956522]
[6,35.32608695652174,0,0.4347826086956522]
[4,35.434782608695656,0,0.4347826086956522]
[5,35.54347826086957,0,0.4347826086956522]
[0,35.652173913043484,0,0.4347826086956522]
[1,35.652173913043484,0,0.4347826086956522]
[2,35.76086956521739,0,0.4347826086956522]
[3,35.869565217391305,0,0.4347826086956522]
[4,35.97826086956522,0,0.4347826086956522]
[5,35.97826086956522,0,0.4347826086956522]
[3,36.08695652173913,0,0.4347826086956522]
[8,36.19565217391305,0,0.4347826086956522]
[7,36.30434782608696,0,0.4347826086956522]
[6,36.30434782608696,0,0.4347826086956522]
[5,36.413043478260875,0,0.4347826086956522]
[0,36.52173913043479,0,0.4347826086956522]
[1,36.52173913043479,0,0.4347826086956522]
[2,36.630434782608695,0,0.4347826086956522]
[0,36.73913043478261,0,0.4347826086956522]
[1,36.73913043478261,0,0.4347826086956522]
[2,36.84782608695652,0,0.4347826086956522]
[6,36.95652173913044,0,0.4347826086956522]
[7,36.95652173913044,0,0.4347826086956522]
[8,37.06521739130435,0,0.4347826086956522]
[6,37.173913043478265,0,0.4347826086956522]
[7,37.173913043478265,0,0.4347826086956522]
[8,37.28260869565218,0,0.4347826086956522]
[3,37.39130434782609,0,0.4347826086956522]
[4,37.39130434782609,0,0.4347826086956522]
[5,37.5,0,0.4347826086956522]
[0,37.608695652173914,0,0.4347826086956522]
[1,37.71739130434783,0,0.4347826086956522]
[2,37.71739130434783,0,0.4347826086956522]
[3,37.82608695652174,0,0.4347826086956522]
[4,37.934782608695656,0,0.4347826086956522]
[5,38.04347826086957,0,0.4347826086956522]
[6,38.152173913043484,0,0.4347826086956522]
[8,38.2608695652174,0,0.4347826086956522]
[7,38.47826086956522,0,0.4347826086956522]
[6,38.47826086956522,0,0.4347826086956522]
[5,38.58695652173913,0,0.4347826086956522]
[4,38.69565217391305,0,0.4347826086956522]
[3,38.69565217391305,0,0.4347826086956522]
[2,38.80434782608696,0,0.4347826086956522]
[1,38.913043478260875,0,0.4347826086956522]
[0,38.913043478260875,0,0.4347826086956522]
[5,39.02173913043479,0,0.4347826086956522]
[4,39.130434782608695,0,0.4347826086956522]
[0,39.130434782608695,0,0.4347826086956522]
[8,39.23913043478261,0,0.4347826086956522]
[6,39.34782608695652,0,0.4347826086956522]
[4,39.45652173913044,0,0.4347826086956522]
[5,39.45652173913044,0,0.4347826086956522]
[3,39.56521739130435,0,0.4347826086956522]
[2,39.673913043478265,0,0.4347826086956522]
[1,39.78260869565218,0,0.4347826086956522]
[0,39.78260869565218,0,0.4347826086956522]
[5,39.89130434782609,0,0.4347826086956522]
[6,40,0,0.4347826086956522]
[7,40.072463768115945,0,0.4347826086956522]
[8,40.14492753623189,0,0.4347826086956522]
[3,40.21739130434783,0,0.4347826086956522]
[4,40.28985507246377,0,0.4347826086956522]
[5,40.36231884057971,0,0.4347826086956522]
[6,40.434782608695656,0,0.4347826086956522]
[7,40.507246376811594,0,0.4347826086956522]
[8,40.57971014492754,0,0.4347826086956522]
[3,40.652173913043484,0,0.4347826086956522]
[4,40.72463768115942,0,0.4347826086956522]
[5,40.79710144927537,0,0.4347826086956522]
[0,40.869565217391305,0,0.4347826086956522]
[2,40.97826086956522,0,0.4347826086956522]
[3,41.08695652173913,0,0.4347826086956522]
[4,41.19565217391305,0,0.4347826086956522]
[5,41.19565217391305,0,0.4347826086956522]
[6,41.30434782608696,0,0.4347826086956522]
[8,41.413043478260875,0,0.4347826086956522]
[1,41.52173913043479,0,0.4347826086956522]
[0,41.52173913043479,0,0.4347826086956522]
[2,41.630434782608695,0,0.4347826086956522]
[4,41.73913043478261,0,0.4347826086956522]
[3,41.73913043478261,0,0.4347826086956522]
[7,41.95652173913044,0,0.4347826086956522]
[8,41.95652173913044,0,0.4347826086956522]
[6,42.06521739130435,0,0.4347826086956522]
[4,42.173913043478265,0,0.4347826086956522]
[5,42.173913043478265,0,0.4347826086956522]
[3,42.28260869565218,0,0.4347826086956522]
[4,42.39130434782609,0,0.4347826086956522]
[5,42.39130434782609,0,0.4347826086956522]
[3,42.5,0,0.4347826086956522]
[7,42.608695652173914,0,0.4347826086956522]
[8,42.608695652173914,0,0.4347826086956522]
[6,42.71739130434783,0,0.4347826086956522]
[5,42.82608695652174,0,0.4347826086956522]
[1,42.934782608695656,0,0.4347826086956522]
[0,42.934782608695656,0,0.4347826086956522]
[2,43.04347826086957,0,0.4347826086956522]
[3,43.152173913043484,0,0.4347826086956522]
[4,43.2608695652174,0,0.4347826086956522]
[5,43.2608695652174,0,0.4347826086956522]
[6,43.369565217391305,0,0.4347826086956522]
[1,43.47826086956522,0,0.4347826086956522]
[2,43.47826086956522,0,0.4347826086956522]
[0,43.58695652173913,0,0.4347826086956522]
[1,43.69565217391305,0,0.4347826086956522]
[2,43.69565217391305,0,0.4347826086956522]
[0,43.80434782608696,0,0.4347826086956522]
[7,43.913043478260875,0,0.4347826086956522]
[8,43.913043478260875,0,0.4347826086956522]
[6,44.02173913043479,0,0.4347826086956522]
[7,44.1304347826087,0,0.4347826086956522]
[8,44.1304347826087,0,0.4347826086956522]
[6,44.23913043478261,0,0.4347826086956522]
[4,44.34782608695652,0,0.4347826086956522]
[5,44.34782608695652,0,0.4347826086956522]
[3,44.45652173913044,0,0.4347826086956522]
[2,44.56521739130435,0,0.4347826086956522]
[1,44.673913043478265,0,0.4347826086956522]
[0,44.673913043478265,0,0.4347826086956522]
[5,44.78260869565218,0,0.4347826086956522]
[4,44.89130434782609,0,0.4347826086956522]
[3,45,0,0.4347826086956522]
[8,45.108695652173914,0,0.4347826086956522]
[6,45.21739130434783,0,0.4347826086956522]
[7,45.434782608695656,0,0.4347826086956522]
[8,45.434782608695656,0,0.4347826086956522]
[3,45.54347826086957,0,0.4347826086956522]
[4,45.652173913043484,0,0.4347826086956522]
[5,45.652173913043484,0,0.4347826086956522]
[0,45.7608695652174,0,0.4347826086956522]
[1,45.869565217391305,0,0.4347826086956522]
[2,45.869565217391305,0,0.4347826086956522]
[3,45.97826086956522,0,0.4347826086956522]
[4,46.08695652173913,0,0.4347826086956522]
[2,46.08695652173913,0,0.4347826086956522]
[0,46.19565217391305,0,0.4347826086956522]
[5,46.30434782608696,0,0.4347826086956522]
[6,46.413043478260875,0,0.4347826086956522]
[7,46.413043478260875,0,0.4347826086956522]
[8,46.52173913043479,0,0.4347826086956522]
[3,46.6304347826087,0,0.4347826086956522]
[4,46.73913043478261,0,0.4347826086956522]
[5,46.73913043478261,0,0.4347826086956522]
[6,46.84782608695652,0,0.4347826086956522]
[2,46.95652173913044,0,0.4347826086956522]
[1,47.02898550724638,0,0.4347826086956522]
[0,47.10144927536232,0,0.4347826086956522]
[5,47.173913043478265,0,0.4347826086956522]
[4,47.2463768115942,0,0.4347826086956522]
[3,47.31884057971015,0,0.4347826086956522]
[2,47.39130434782609,0,0.4347826086956522]
[1,47.46376811594203,0,0.4347826086956522]
[0,47.536231884057976,0,0.4347826086956522]
[5,47.608695652173914,0,0.4347826086956522]
[6,47.71739130434783,0,0.4347826086956522]
[7,47.82608695652174,0,0.4347826086956522]
[8,47.934782608695656,0,0.4347826086956522]
[3,48.04347826086957,0,0.4347826086956522]
[4,48.04347826086957,0,0.4347826086956522]
[5,48.152173913043484,0,0.4347826086956522]
[0,48.2608695652174,0,0.4347826086956522]
[1,48.369565217391305,0,0.4347826086956522]
[2,48.369565217391305,0,0.4347826086956522]
[3,48.47826086956522,0,0.4347826086956522]
[5,48.58695652173913,0,0.4347826086956522]
[6,48.69565217391305,0,0.4347826086956522]
[7,48.69565217391305,0,0.4347826086956522]
[6,48.913043478260875,0,0.4347826086956522]
[7,48.913043478260875,0,0.4347826086956522]
[4,49.1304347826087,0,0.4347826086956522]
[5,49.1304347826087,0,0.4347826086956522]
[4,49.34782608695652,0,0.4347826086956522]
[5,49.34782608695652,0,0.4347826086956522]
[0,49.56521739130435,0,0.4347826086956522]
[1,49.56521739130435,0,0.4347826086956522]
[5,49.78260869565218,0,0.4347826086956522]
[0,49.89130434782609,0,0.4347826086956522]
[1,49.89130434782609,0,0.4347826086956522]
[5,50.108695652173914,0,0.4347826086956522]
[1,50.21739130434783,0,0.4347826086956522]
[0,50.21739130434783,0,0.4347826086956522]
[7,50.434782608695656,0,0.4347826086956522]
[8,50.434782608695656,0,0.4347826086956522]
[3,50.652173913043484,0,0.4347826086956522]
[7,50.7608695652174,0,0.4347826086956522]
[8,50.7608695652174,0,0.4347826086956522]
[3,50.97826086956522,0,0.4347826086956522]
[7,51.08695652173913,0,0.4347826086956522]
[8,51.08695652173913,0,0.4347826086956522]
[1,51.30434782608696,0,0.4347826086956522]
[0,51.30434782608696,0,0.4347826086956522]
[5,51.52173913043479,0,0.4347826086956522]
[0,51.6304347826087,0,0.4347826086956522]
[1,51.6304347826087,0,0.4347826086956522]
[5,51.84782608695652,0,0.4347826086956522]
[1,51.95652173913044,0,0.4347826086956522]
[0,51.95652173913044,0,0.4347826086956522]
[7,52.173913043478265,0,0.4347826086956522]
[8,52.173913043478265,0,0.4347826086956522]
[7,52.39130434782609,0,0.4347826086956522]
[8,52.39130434782609,0,0.4347826086956522]
[3,52.608695652173914,0,0.4347826086956522]
[4,52.608695652173914,0,0.4347826086956522]
[3,52.82608695652174,0,0.4347826086956522]
[4,52.82608695652174,0,0.4347826086956522]
[1,53.04347826086957,0,0.4347826086956522]
[2,53.04347826086957,0,0.4347826086956522]
[3,53.2608695652174,0,0.4347826086956522]
[1,53.36956521739131,0,0.4347826086956522]
[2,53.36956521739131,0,0.4347826086956522]
[3,53.58695652173913,0,0.4347826086956522]
[1,53.69565217391305,0,0.4347826086956522]
[2,53.69565217391305,0,0.4347826086956522]
[6,53.913043478260875,0,0.4347826086956522]
[7,53.913043478260875,0,0.4347826086956522]
[5,54.1304347826087,0,0.4347826086956522]
[7,54.239130434782616,0,0.4347826086956522]
[6,54.239130434782616,0,0.4347826086956522]
[5,54.45652173913044,0,0.4347826086956522]
[7,54.56521739130435,0,0.4347826086956522]
[6,54.56521739130435,0,0.4347826086956522]
[1,54.78260869565218,0,0.4347826086956522]
[2,54.78260869565218,0,0.4347826086956522]
[3,55.00000000000001,0,0.4347826086956522]
[1,55.108695652173914,0,0.4347826086956522]
[2,55.108695652173914,0,0.4347826086956522]
[3,55.32608695652174,0,0.4347826086956522]
[1,55.434782608695656,0,0.4347826086956522]
[2,55.434782608695656,0,0.4347826086956522]
[6,55.652173913043484,0,0.4347826086956522]
[7,55.652173913043484,0,0.4347826086956522]
[6,55.86956521739131,0,0.4347826086956522]
[7,55.86956521739131,0,0.4347826086956522]
[5,56.08695652173913,0,0.4347826086956522]
[8,56.08695652173913,0,0.4347826086956522]
[5,56.30434782608696,0,0.4347826086956522]
[8,56.30434782608696,0,0.4347826086956522]
[4,56.52173913043479,0,0.4347826086956522]
[0,56.52173913043479,0,0.4347826086956522]
[2,56.739130434782616,0,0.4347826086956522]
[4,56.84782608695652,0,0.4347826086956522]
[0,56.84782608695652,0,0.4347826086956522]
[2,57.06521739130435,0,0.4347826086956522]
[4,57.173913043478265,0,0.4347826086956522]
[0,57.173913043478265,0,0.4347826086956522]
[5,57.39130434782609,0,0.4347826086956522]
[7,57.39130434782609,0,0.4347826086956522]
[3,57.608695652173914,0,0.4347826086956522]
[7,57.71739130434783,0,0.4347826086956522]
[5,57.71739130434783,0,0.4347826086956522]
[3,57.934782608695656,0,0.4347826086956522]
[7,58.04347826086957,0,0.4347826086956522]
[5,58.04347826086957,0,0.4347826086956522]
[0,58.2608695652174,0,0.4347826086956522]
[4,58.2608695652174,0,0.4347826086956522]
[2,58.47826086956522,0,0.4347826086956522]
[4,58.58695652173913,0,0.4347826086956522]
[0,58.58695652173913,0,0.4347826086956522]
[2,58.80434782608696,0,0.4347826086956522]
[4,58.913043478260875,0,0.4347826086956522]
[0,58.913043478260875,0,0.4347826086956522]
[7,59.1304347826087,0,0.4347826086956522]
[8,59.1304347826087,0,0.4347826086956522]
[7,59.34782608695652,0,0.4347826086956522]
[8,59.34782608695652,0,0.4347826086956522]
[3,59.56521739130435,0,0.4347826086956522]
[6,59.56521739130435,0,0.4347826086956522]
[3,59.78260869565218,0,0.4347826086956522]
[6,59.78260869565218,0,0.4347826086956522]
[4,60.00000000000001,0,0.4347826086956522]
[2,60.00000000000001,0,0.4347826086956522]
[0,60.21739130434783,0,0.4347826086956522]
[4,60.32608695652174,0,0.4347826086956522]
[2,60.32608695652174,0,0.4347826086956522]
[0,60.54347826086957,0,0.4347826086956522]
[4,60.652173913043484,0,0.4347826086956522]
[2,60.652173913043484,0,0.4347826086956522]
[3,60.86956521739131,0,0.4347826086956522]
[7,60.86956521739131,0,0.4347826086956522]
[5,61.08695652173913,0,0.4347826086956522]
[3,61.19565217391305,0,0.4347826086956522]
[7,61.19565217391305,0,0.4347826086956522]
[5,61.413043478260875,0,0.4347826086956522]
[3,61.52173913043479,0,0.4347826086956522]
[7,61.52173913043479,0,0.4347826086956522]
[2,61.739130434782616,0,0.4347826086956522]
[4,61.739130434782616,0,0.4347826086956522]
[0,61.95652173913044,0,0.4347826086956522]
[4,62.06521739130435,0,0.4347826086956522]
[2,62.06521739130435,0,0.4347826086956522]
[6,62.173913043478265,0,0.4347826086956522]
[7,62.228260869565226,0,0.4347826086956522]
[8,62.28260869565218,0,0.4347826086956522]
[7,62.33695652173913,0,0.4347826086956522]
[3,62.39130434782609,0,0.4347826086956522]
[4,62.44565217391305,0,0.4347826086956522]
[5,62.50000000000001,0,0.4347826086956522]
[4,62.55434782608696,0,0.4347826086956522]
[0,62.60869565217392,0,0.4347826086956522]
[1,62.60869565217392,0,0.4347826086956522]
[5,62.82608695652174,0,0.4347826086956522]
[7,63.04347826086957,0,0.4347826086956522]
[6,63.2608695652174,0,0.4347826086956522]
[8,63.478260869565226,0,0.4347826086956522]
[3,63.58695652173913,0,0.4347826086956522]
[2,63.80434782608696,0,0.4347826086956522]
[4,64.1304347826087,0,0.4347826086956522]
[5,64.56521739130436,0,0.4347826086956522]
[4,64.67391304347827,0,0.4347826086956522]
[3,64.78260869565217,0,0.4347826086956522]
[7,64.8913043478261,0,0.4347826086956522]
[8,65,0,0.4347826086956522]
[6,65.10869565217392,0,0.4347826086956522]
[5,65.32608695652175,0,0.4347826086956522]
[0,65.54347826086958,0,0.4347826086956522]
[7,65.76086956521739,0,0.4347826086956522]
[1,66.30434782608697,0,0.4347826086956522]
[5,66.41304347826087,0,0.4347826086956522]
[3,66.52173913043478,0,0.4347826086956522]
[8,66.6304347826087,0,0.4347826086956522]
[6,66.84782608695653,0,0.4347826086956522]
[4,67.06521739130436,0,0.4347826086956522]
[0,67.28260869565217,0,0.4347826086956522]
[2,67.5,0,0.4347826086956522]
[1,67.71739130434783,0,0.4347826086956522]
[5,67.82608695652175,0,0.4347826086956522]
[3,67.93478260869566,0,0.4347826086956522]
[4,68.15217391304348,0,0.4347826086956522]
[6,68.36956521739131,0,0.4347826086956522]
[8,68.58695652173914,0,0.4347826086956522]
[7,68.91304347826087,0,0.4347826086956522]
[2,69.56521739130436,0,0.4347826086956522]
[1,69.6376811594203,0,0.4347826086956522]
[3,69.71014492753623,0,0.4347826086956522]
[4,69.78260869565219,0,0.4347826086956522]
[2,69.85507246376812,0,0.4347826086956522]
[1,69.92753623188406,0,0.4347826086956522]
[3,70,0,0.4347826086956522]
[4,70.07246376811595,0,0.4347826086956522]
[2,70.14492753623189,0,0.4347826086956522]
[1,70.21739130434783,0,0.4347826086956522]
[3,70.28985507246378,0,0.4347826086956522]
[4,70.36231884057972,0,0.4347826086956522]
[2,70.43478260869566,0,0.4347826086956522]
[1,70.5072463768116,0,0.4347826086956522]
[3,70.57971014492755,0,0.4347826086956522]
[4,70.65217391304348,0,0.4347826086956522]
[2,70.72463768115942,0,0.4347826086956522]
[1,70.79710144927537,0,0.4347826086956522]
[3,70.86956521739131,0,0.4347826086956522]
[4,70.94202898550725,0,0.4347826086956522]
[2,71.01449275362319,0,0.4347826086956522]
[1,71.08695652173914,0,0.4347826086956522]
[3,71.15942028985508,0,0.4347826086956522]
[4,71.23188405797102,0,0.4347826086956522]
[8,71.30434782608697,0,0.4347826086956522]
[7,71.3768115942029,0,0.4347826086956522]
[0,71.44927536231884,0,0.4347826086956522]
[1,71.52173913043478,0,0.4347826086956522]
[8,71.59420289855073,0,0.4347826086956522]
[7,71.66666666666667,0,0.4347826086956522]
[0,71.73913043478261,0,0.4347826086956522]
[1,71.81159420289856,0,0.4347826086956522]
[8,71.8840579710145,0,0.4347826086956522]
[7,71.95652173913044,0,0.4347826086956522]
[0,72.02898550724639,0,0.4347826086956522]
[1,72.10144927536233,0,0.4347826086956522]
[8,72.17391304347827,0,0.4347826086956522]
[7,72.2463768115942,0,0.4347826086956522]
[0,72.31884057971016,0,0.4347826086956522]
[1,72.3913043478261,0,0.4347826086956522]
[8,72.46376811594203,0,0.4347826086956522]
[7,72.53623188405798,0,0.4347826086956522]
[0,72.60869565217392,0,0.4347826086956522]
[1,72.68115942028986,0,0.4347826086956522]
[8,72.7536231884058,0,0.4347826086956522]
[7,72.82608695652175,0,0.4347826086956522]
[0,72.89855072463769,0,0.4347826086956522]
[1,72.97101449275362,0,0.4347826086956522]
[5,73.04347826086958,0,0.4347826086956522]
[4,73.11594202898551,0,0.4347826086956522]
[6,73.18840579710145,0,0.4347826086956522]
[7,73.26086956521739,0,0.4347826086956522]
[5,73.33333333333334,0,0.4347826086956522]
[4,73.40579710144928,0,0.4347826086956522]
[6,73.47826086956522,0,0.4347826086956522]
[7,73.55072463768117,0,0.4347826086956522]
[5,73.62318840579711,0,0.4347826086956522]
[4,73.69565217391305,0,0.4347826086956522]
[6,73.76811594202898,0,0.4347826086956522]
[7,73.84057971014494,0,0.4347826086956522]
[5,73.91304347826087,0,0.4347826086956522]
[4,73.98550724637681,0,0.4347826086956522]
[6,74.05797101449276,0,0.4347826086956522]
[7,74.1304347826087,0,0.4347826086956522]
[5,74.20289855072464,0,0.4347826086956522]
[4,74.27536231884059,0,0.4347826086956522]
[6,74.34782608695653,0,0.4347826086956522]
[7,74.34782608695653,0,0.4347826086956522]
[1,74.56521739130436,0,0.4347826086956522]
[2,74.56521739130436,0,0.4347826086956522]
[0,74.78260869565219,0,0.4347826086956522]
[3,74.78260869565219,0,0.4347826086956522]
[5,74.78260869565219,0,0.4347826086956522]
[6,75.21739130434783,0,0.4347826086956522]
[7,75.21739130434783,0,0.4347826086956522]
[4,75.21739130434783,0,0.4347826086956522]
[1,75.65217391304348,0,0.4347826086956522]
[2,75.65217391304348,0,0.4347826086956522]
[3,75.65217391304348,0,0.4347826086956522]
[5,76.08695652173914,0,0.4347826086956522]
[8,76.08695652173914,0,0.4347826086956522]
[0,76.08695652173914,0,0.4347826086956522]
[2,76.5217391304348,0,0.4347826086956522]
[4,76.6304347826087,0,0.4347826086956522]
[3,76.73913043478261,0,0.4347826086956522]
[5,76.84782608695653,0,0.4347826086956522]
[7,76.95652173913044,0,0.4347826086956522]
[6,77.06521739130436,0,0.4347826086956522]
[2,77.17391304347827,0,0.4347826086956522]
[4,77.28260869565219,0,0.4347826086956522]
[3,77.3913043478261,0,0.4347826086956522]
[5,77.5,0,0.4347826086956522]
[7,77.60869565217392,0,0.4347826086956522]
[6,77.71739130434783,0,0.4347826086956522]
[2,77.82608695652175,0,0.4347826086956522]
[4,77.93478260869566,0,0.4347826086956522]
[3,78.04347826086958,0,0.4347826086956522]
[7,78.15217391304348,0,0.4347826086956522]
[5,78.26086956521739,0,0.4347826086956522]
[4,78.36956521739131,0,0.4347826086956522]
[0,78.47826086956522,0,0.4347826086956522]
[8,78.58695652173914,0,0.4347826086956522]
[7,78.69565217391305,0,0.4347826086956522]
[3,78.80434782608697,0,0.4347826086956522]
[5,78.91304347826087,0,0.4347826086956522]
[4,79.0217391304348,0,0.4347826086956522]
[0,79.1304347826087,0,0.4347826086956522]
[8,79.23913043478261,0,0.4347826086956522]
[7,79.34782608695653,0,0.4347826086956522]
[3,79.45652173913044,0,0.4347826086956522]
[5,79.56521739130436,0,0.4347826086956522]
[4,79.67391304347827,0,0.4347826086956522]
[0,79.78260869565219,0,0.4347826086956522]
[1,79.8913043478261,0,0.4347826086956522]
[5,80,0,0.4347826086956522]
[4,80.10869565217392,0,0.4347826086956522]
[6,80.21739130434783,0,0.4347826086956522]
[2,80.32608695652175,0,0.4347826086956522]
[1,80.43478260869566,0,0.4347826086956522]
[3,80.54347826086958,0,0.4347826086956522]
[5,80.65217391304348,0,0.4347826086956522]
[4,80.76086956521739,0,0.4347826086956522]
[6,80.86956521739131,0,0.4347826086956522]
[2,80.97826086956522,0,0.4347826086956522]
[1,81.08695652173914,0,0.4347826086956522]
[3,81.19565217391305,0,0.4347826086956522]
[5,81.30434782608697,0,0.4347826086956522]
[4,81.41304347826087,0,0.4347826086956522]
[6,81.5217391304348,0,0.4347826086956522]
[7,81.6304347826087,0,0.4347826086956522]
[8,81.73913043478261,0,0.4347826086956522]
[4,81.84782608695653,0,0.4347826086956522]
[3,81.95652173913044,0,0.4347826086956522]
[5,82.06521739130436,0,0.4347826086956522]
[1,82.17391304347827,0,0.4347826086956522]
[0,82.28260869565219,0,0.4347826086956522]
[8,82.3913043478261,0,0.4347826086956522]
[4,82.5,0,0.4347826086956522]
[3,82.60869565217392,0,0.4347826086956522]
[5,82.71739130434783,0,0.4347826086956522]
[1,82.82608695652175,0,0.4347826086956522]
[0,82.93478260869566,0,0.4347826086956522]
[8,83.04347826086958,0,0.4347826086956522]
[4,83.15217391304348,0,0.4347826086956522]
[3,83.26086956521739,0,0.4347826086956522]
[1,83.36956521739131,0,0.4347826086956522]
[0,83.47826086956522,0,0.4347826086956522]
[4,83.58695652173914,0,0.4347826086956522]
[5,83.69565217391305,0,0.4347826086956522]
[3,83.80434782608697,0,0.4347826086956522]
[7,83.91304347826087,0,0.4347826086956522]
[8,84.0217391304348,0,0.4347826086956522]
[0,84.1304347826087,0,0.4347826086956522]
[4,84.23913043478261,0,0.4347826086956522]
[5,84.34782608695653,0,0.4347826086956522]
[3,84.45652173913044,0,0.4347826086956522]
[7,84.56521739130436,0,0.4347826086956522]
[8,84.67391304347827,0,0.4347826086956522]
[0,84.78260869565219,0,0.4347826086956522]
[4,84.8913043478261,0,0.4347826086956522]
[5,85,0,0.4347826086956522]
[7,85.10869565217392,0,0.4347826086956522]
[6,85.21739130434783,0,0.4347826086956522]
[4,85.32608695652175,0,0.4347826086956522]
[5,85.43478260869566,0,0.4347826086956522]
[3,85.54347826086958,0,0.4347826086956522]
[1,85.65217391304348,0,0.4347826086956522]
[2,85.7608695652174,0,0.4347826086956522]
[6,85.86956521739131,0,0.4347826086956522]
[4,85.97826086956522,0,0.4347826086956522]
[5,86.08695652173914,0,0.4347826086956522]
[3,86.19565217391305,0,0.4347826086956522]
[1,86.30434782608697,0,0.4347826086956522]
[2,86.41304347826087,0,0.4347826086956522]
[6,86.5217391304348,0,0.4347826086956522]
[4,86.6304347826087,0,0.4347826086956522]
[5,86.73913043478261,0,0.4347826086956522]
[7,86.84782608695653,0,0.4347826086956522]
[3,86.95652173913044,0,0.4347826086956522]
[4,87.06521739130436,0,0.4347826086956522]
[8,87.17391304347827,0,0.4347826086956522]
[0,87.28260869565219,0,0.4347826086956522]
[1,87.3913043478261,0,0.4347826086956522]
[5,87.5,0,0.4347826086956522]
[3,87.60869565217392,0,0.4347826086956522]
[4,87.71739130434783,0,0.4347826086956522]
[8,87.82608695652175,0,0.4347826086956522]
[0,87.93478260869566,0,0.4347826086956522]
[1,88.04347826086958,0,0.4347826086956522]
[5,88.15217391304348,0,0.4347826086956522]
[3,88.2608695652174,0,0.4347826086956522]
[4,88.36956521739131,0,0.4347826086956522]
[8,88.47826086956522,0,0.4347826086956522]
[7,88.58695652173914,0,0.4347826086956522]
[3,88.69565217391305,0,0.4347826086956522]
[6,88.69565217391305,0,0.4347826086956522]
[5,88.80434782608697,0,0.4347826086956522]
[0,88.91304347826087,0,0.4347826086956522]
[2,89.0217391304348,0,0.4347826086956522]
[6,89.1304347826087,0,0.4347826086956522]
[3,89.1304347826087,0,0.4347826086956522]
[5,89.23913043478261,0,0.4347826086956522]
[1,89.34782608695653,0,0.4347826086956522]
[0,89.45652173913044,0,0.4347826086956522]
[5,89.56521739130436,0,0.4347826086956522]
[2,89.56521739130436,0,0.4347826086956522]
[3,89.67391304347827,0,0.4347826086956522]
[8,89.78260869565219,0,0.4347826086956522]
[6,89.8913043478261,0,0.4347826086956522]
[5,90,0,0.4347826086956522]
[8,90,0,0.4347826086956522]
[4,90.10869565217392,0,0.4347826086956522]
[3,90.21739130434783,0,0.4347826086956522]
[1,90.32608695652175,0,0.4347826086956522]
[2,90.43478260869566,0,0.4347826086956522]
[0,90.54347826086958,0,0.4347826086956522]
[4,90.65217391304348,0,0.4347826086956522]
[3,90.7608695652174,0,0.4347826086956522]
[8,90.86956521739131,0,0.4347826086956522]
[7,90.86956521739131,0,0.4347826086956522]
[6,90.97826086956522,0,0.4347826086956522]
[5,91.08695652173914,0,0.4347826086956522]
[3,91.19565217391305,0,0.4347826086956522]
[2,91.30434782608697,0,0.4347826086956522]
[1,91.41304347826087,0,0.4347826086956522]
[5,91.5217391304348,0,0.4347826086956522]
[3,91.6304347826087,0,0.4347826086956522]
[7,91.73913043478261,0,0.4347826086956522]
[8,91.73913043478261,0,0.4347826086956522]
[6,91.84782608695653,0,0.4347826086956522]
[5,91.95652173913044,0,0.4347826086956522]
[3,92.06521739130436,0,0.4347826086956522]
[1,92.17391304347827,0,0.4347826086956522]
[0,92.28260869565219,0,0.4347826086956522]
[8,92.3913043478261,0,0.4347826086956522]
[6,92.50000000000001,0,0.4347826086956522]
[4,92.60869565217392,0,0.4347826086956522]
[5,92.60869565217392,0,0.4347826086956522]
[3,92.71739130434783,0,0.4347826086956522]
[2,92.82608695652175,0,0.4347826086956522]
[0,92.93478260869566,0,0.4347826086956522]
[5,93.04347826086958,0,0.4347826086956522]
[1,93.15217391304348,0,0.4347826086956522]
[7,93.2608695652174,0,0.4347826086956522]
[3,93.36956521739131,0,0.4347826086956522]
[4,93.47826086956522,0,0.4347826086956522]
[5,93.47826086956522,0,0.4347826086956522]
[6,93.58695652173914,0,0.4347826086956522]
[2,93.69565217391305,0,0.4347826086956522]
[0,93.80434782608697,0,0.4347826086956522]
[1,93.85869565217392,0,0.4347826086956522]
[5,93.91304347826087,0,0.4347826086956522]
[6,94.0217391304348,0,0.4347826086956522]
[8,94.1304347826087,0,0.4347826086956522]
[3,94.23913043478261,0,0.4347826086956522]
[1,94.34782608695653,0,0.4347826086956522]
[2,94.34782608695653,0,0.4347826086956522]
[0,94.45652173913044,0,0.4347826086956522]
[5,94.56521739130436,0,0.4347826086956522]
[3,94.67391304347827,0,0.4347826086956522]
[8,94.78260869565219,0,0.4347826086956522]
[7,94.8913043478261,0,0.4347826086956522]
[2,95.00000000000001,0,0.4347826086956522]
[3,95.10869565217392,0,0.4347826086956522]
[4,95.21739130434783,0,0.4347826086956522]
[5,95.21739130434783,0,0.4347826086956522]
[0,95.32608695652175,0,0.4347826086956522]
[8,95.43478260869566,0,0.4347826086956522]
[7,95.48913043478261,0,0.4347826086956522]
[6,95.54347826086958,0,0.4347826086956522]
[7,95.59782608695653,0,0.4347826086956522]
[5,95.65217391304348,0,0.4347826086956522]
[4,95.7608695652174,0,0.4347826086956522]
[3,95.86956521739131,0,0.4347826086956522]
[2,95.97826086956522,0,0.4347826086956522]
[0,96.08695652173914,0,0.4347826086956522]
[1,96.08695652173914,0,0.4347826086956522]
[5,96.19565217391305,0,0.4347826086956522]
[3,96.30434782608697,0,0.4347826086956522]
[8,96.41304347826087,0,0.4347826086956522]
[7,96.5217391304348,0,0.4347826086956522]
[5,96.6304347826087,0,0.4347826086956522]
[3,96.73913043478261,0,0.4347826086956522]
[2,96.84782608695653,0,0.4347826086956522]
[0,96.95652173913044,0,0.4347826086956522]
[1,96.95652173913044,0,0.4347826086956522]
[5,97.06521739130436,0,0.4347826086956522]
[3,97.17391304347827,0,0.4347826086956522]
[7,97.28260869565219,0,0.4347826086956522]
[1,98.04347826086958,0,0.4347826086956522]
[0,98.04347826086958,0,0.4347826086956522]
[2,98.09782608695653,0,0.4347826086956522]
[3,98.15217391304348,0,0.4347826086956522]
[4,98.20652173913044,0,0.4347826086956522]
[5,98.2608695652174,0,0.4347826086956522]
[4,98.31521739130436,0,0.4347826086956522]
[6,98.36956521739131,0,0.4347826086956522]
[7,98.42391304347827,0,0.4347826086956522]
[8,98.47826086956522,0,0.4347826086956522]
[7,98.53260869565219,0,0.4347826086956522]
[3,98.58695652173914,0,0.4347826086956522]
[4,98.6413043478261,0,0.4347826086956522]
[5,98.69565217391305,0,0.4347826086956522]