[0,2.181818181818182,0,0.27272727272727276]
[1,2.4545454545454546,0,0.27272727272727276]
[5,2.7272727272727275,0,0.27272727272727276]
[4,3,0,0.27272727272727276]
[3,3.272727272727273,0,0.27272727272727276]
[4,3.5454545454545454,0,0.27272727272727276]
[2,3.8181818181818183,1,0.4090909090909091]
[4,4.2272727272727275,0,0.4090909090909091]
[3,4.363636363636364,0,0.4090909090909091]
[5,4.5,0,0.4090909090909091]
[6,4.909090909090909,1,0.27272727272727276]
[4,5.181818181818182,0,0.5454545454545455]
[1,5.454545454545455,0,0.27272727272727276]
[2,5.454545454545455,0,0.27272727272727276]
[5,5.7272727272727275,0,0.5454545454545455]
[3,6,0,0.27272727272727276]
[4,6,0,0.27272727272727276]
[8,6.272727272727273,0,0.5454545454545455]
[0,6.545454545454546,0,0.5454545454545455]
[1,6.681818181818182,0,0.5454545454545455]
[2,6.818181818181818,0,0.5454545454545455]
[1,6.954545454545455,0,0.5454545454545455]
[3,7.090909090909091,0,0.5454545454545455]
[4,7.2272727272727275,0,0.5454545454545455]
[5,7.363636363636364,0,0.5454545454545455]
[4,7.5,0,0.5454545454545455]
[6,7.636363636363637,1,0.5454545454545455]
[8,8.454545454545455,1,0.27272727272727276]
[4,8.727272727272728,0,0.5454545454545455]
[0,9,0,0.5454545454545455]
[1,9.136363636363637,0,0.5454545454545455]
[1,9.272727272727273,0,0.5454545454545455]
[5,9.545454545454545,0,0.5454545454545455]
[4,9.681818181818182,0,0.5454545454545455]
[4,9.818181818181818,0,0.5454545454545455]
[5,10.090909090909092,0,0.27272727272727276]
[4,10.15909090909091,0,0.27272727272727276]
[6,10.227272727272728,0,0.27272727272727276]
[0,10.363636363636363,0,0.5454545454545455]
[8,10.5,0,0.5454545454545455]
[2,10.636363636363637,1,0.27272727272727276]
[0,10.90909090909091,0,0.27272727272727276]
[1,11.045454545454547,0,0.27272727272727276]
[3,11.181818181818182,0,0.27272727272727276]
[4,11.318181818181818,0,0.27272727272727276]
[7,11.454545454545455,0,0.27272727272727276]
[5,11.590909090909092,0,0.27272727272727276]
[8,11.727272727272728,0,0.27272727272727276]
[4,11.863636363636363,0,0.27272727272727276]
[3,12,0,0.27272727272727276]
[1,12.136363636363637,0,0.27272727272727276]
[4,12.272727272727273,0,0.27272727272727276]
[0,12.40909090909091,0,0.27272727272727276]
[2,12.545454545454547,0,0.27272727272727276]
[3,12.681818181818182,0,0.27272727272727276]
[5,12.818181818181818,0,0.27272727272727276]
[7,12.954545454545455,0,0.27272727272727276]
[0,13.090909090909092,0,0.27272727272727276]
[1,13.227272727272728,0,0.27272727272727276]
[5,13.363636363636363,0,0.27272727272727276]
[7,13.5,0,0.27272727272727276]
[6,13.636363636363637,0,0.27272727272727276]
[5,13.772727272727273,0,0.27272727272727276]
[8,13.90909090909091,0,0.27272727272727276]
[3,14.045454545454547,0,0.27272727272727276]
[1,14.181818181818182,0,0.27272727272727276]
[2,14.318181818181818,0,0.27272727272727276]
[4,14.454545454545455,0,0.27272727272727276]
[3,14.590909090909092,0,0.27272727272727276]
[8,14.727272727272728,0,0.27272727272727276]
[7,14.863636363636365,0,0.27272727272727276]
[2,15,0,0.27272727272727276]
[0,15.272727272727273,1,0.5454545454545455]
[1,15.545454545454547,0,0.5454545454545455]
[5,15.818181818181818,1,0.5454545454545455]
[4,16.09090909090909,0,0.5454545454545455]
[6,16.363636363636363,1,0.8181818181818182]
[3,17.181818181818183,0,0.8181818181818182]
[8,17.454545454545457,0,0.8181818181818182]
[0,17.727272727272727,1,0.27272727272727276]
[5,18,1,0.27272727272727276]
[2,18.272727272727273,1,0.27272727272727276]
[3,18.545454545454547,0,0.27272727272727276]
[3,18.81818181818182,0,0.27272727272727276]
[3,18.954545454545457,0,0.27272727272727276]
[4,19.022727272727273,0,0.5454545454545455]
[3,19.09090909090909,0,0.27272727272727276]
[3,19.227272727272727,0,0.27272727272727276]
[3,19.363636363636363,0,0.27272727272727276]
[3,19.5,0,0.27272727272727276]
[4,19.56818181818182,0,0.27272727272727276]
[6,19.636363636363637,1,0.5454545454545455]
[0,22.090909090909093,1,0.4090909090909091]
[2,22.5,0,0.5454545454545455]
[4,22.636363636363637,0,0.27272727272727276]
[3,22.772727272727273,0,0.4090909090909091]
[2,22.90909090909091,0,0.4090909090909091]
[5,23.181818181818183,0,0.4090909090909091]
[5,23.454545454545457,1,0.13636363636363638]
[4,23.590909090909093,0,0.13636363636363638]
[8,23.65909090909091,1,0.13636363636363638]
[7,23.795454545454547,0,0.13636363636363638]
[8,23.863636363636363,0,0.27272727272727276]
[0,24,1,0.13636363636363638]
[1,24.136363636363637,0,0.13636363636363638]
[3,24.204545454545457,1,0.13636363636363638]
[4,24.340909090909093,0,0.13636363636363638]
[3,24.40909090909091,0,0.27272727272727276]
[8,24.545454545454547,0,0.13636363636363638]
[0,24.81818181818182,1,0.27272727272727276]
[1,25.090909090909093,0,0.27272727272727276]
[2,25.090909090909093,0,0.27272727272727276]
[4,25.363636363636363,0,0.27272727272727276]
[6,25.5,0,0.27272727272727276]
[6,25.636363636363637,0,0.27272727272727276]
[6,25.772727272727273,0,0.27272727272727276]
[6,25.90909090909091,0,0.27272727272727276]
[6,26.045454545454547,0,0.27272727272727276]
[7,26.113636363636363,0,0.27272727272727276]
[6,26.181818181818183,0,0.27272727272727276]
[6,26.31818181818182,0,0.27272727272727276]
[6,26.454545454545457,0,0.27272727272727276]
[6,26.590909090909093,0,0.27272727272727276]
[8,26.65909090909091,0,0.27272727272727276]
[6,26.727272727272727,0,0.27272727272727276]
[0,27,0,0.27272727272727276]
[1,27.136363636363637,0,0.13636363636363638]
[2,27.272727272727273,0,0.27272727272727276]
[5,27.545454545454547,0,0.27272727272727276]
[5,27.81818181818182,0,0.27272727272727276]
[4,27.886363636363637,0,0.27272727272727276]
[3,27.954545454545457,0,0.27272727272727276]
[5,28.022727272727273,0,0.27272727272727276]
[4,28.090909090909093,0,0.27272727272727276]
[3,28.15909090909091,0,0.27272727272727276]
[5,28.22727272727273,0,0.27272727272727276]
[8,28.363636363636363,0,0.13636363636363638]
[7,28.431818181818183,0,0.13636363636363638]
[6,28.5,0,0.13636363636363638]
[8,28.56818181818182,0,0.13636363636363638]
[7,28.636363636363637,0,0.27272727272727276]
[6,28.704545454545457,0,0.13636363636363638]
[8,28.772727272727273,0,0.13636363636363638]
[5,28.90909090909091,1,0.27272727272727276]
[0,29.181818181818183,0,0.27272727272727276]
[1,29.31818181818182,0,0.27272727272727276]
[5,29.454545454545457,0,0.27272727272727276]
[4,29.590909090909093,0,0.27272727272727276]
[8,29.72727272727273,0,0.27272727272727276]
[7,29.863636363636363,0,0.27272727272727276]
[3,30,0,0.27272727272727276]
[6,30.136363636363637,0,0.27272727272727276]
[4,30.272727272727273,0,0.27272727272727276]
[2,30.40909090909091,0,0.27272727272727276]
[3,30.545454545454547,1,0.27272727272727276]
[5,30.81818181818182,0,0.27272727272727276]
[8,31.090909090909093,1,0.27272727272727276]
[6,31.363636363636363,0,0.27272727272727276]
[3,31.5,0,0.27272727272727276]
[2,31.636363636363637,0,0.27272727272727276]
[2,31.90909090909091,0,0.27272727272727276]
[2,32.18181818181818,0,0.27272727272727276]
[2,32.31818181818182,0,0.27272727272727276]
[1,32.38636363636364,0,0.27272727272727276]
[2,32.52272727272727,0,0.27272727272727276]
[1,32.59090909090909,0,0.27272727272727276]
[2,32.72727272727273,0,0.27272727272727276]
[2,32.86363636363637,0,0.27272727272727276]
[1,32.93181818181818,0,0.27272727272727276]
[2,33.06818181818182,0,0.27272727272727276]
[1,33.13636363636364,0,0.27272727272727276]
[2,33.27272727272727,0,0.27272727272727276]
[2,33.54545454545455,1,0.27272727272727276]
[0,33.81818181818182,0,0.27272727272727276]
[3,34.22727272727273,0,0.27272727272727276]
[3,34.36363636363637,0,0.27272727272727276]
[3,34.5,0,0.27272727272727276]
[3,34.63636363636364,0,0.27272727272727276]
[3,34.77272727272727,0,0.27272727272727276]
[4,34.84090909090909,0,0.27272727272727276]
[5,34.909090909090914,0,0.27272727272727276]
[5,35.04545454545455,0,0.27272727272727276]
[5,35.18181818181818,0,0.27272727272727276]
[5,35.31818181818182,0,0.27272727272727276]
[4,35.38636363636364,0,0.27272727272727276]
[0,35.45454545454545,0,0.27272727272727276]
[6,35.72727272727273,0,0.27272727272727276]
[7,35.79545454545455,0,0.27272727272727276]
[1,36,0,0.27272727272727276]
[5,36.27272727272727,0,0.27272727272727276]
[2,36.54545454545455,0,0.27272727272727276]
[1,36.61363636363637,0,0.27272727272727276]
[2,36.68181818181818,0,0.27272727272727276]
[1,36.75,0,0.27272727272727276]
[2,36.81818181818182,0,0.27272727272727276]
[1,36.88636363636364,0,0.27272727272727276]
[2,36.95454545454545,0,0.27272727272727276]
[5,37.09090909090909,0,0.27272727272727276]
[4,37.159090909090914,0,0.27272727272727276]
[5,37.22727272727273,0,0.27272727272727276]
[4,37.29545454545455,0,0.27272727272727276]
[5,37.36363636363637,0,0.27272727272727276]
[4,37.43181818181818,0,0.27272727272727276]
[5,37.5,0,0.27272727272727276]
[0,37.63636363636364,1,0.27272727272727276]
[7,37.909090909090914,0,0.27272727272727276]
[2,38.04545454545455,0,0.27272727272727276]
[3,38.18181818181818,0,0.27272727272727276]
[8,38.31818181818182,0,0.27272727272727276]
[1,38.45454545454545,0,0.27272727272727276]
[6,38.59090909090909,0,0.27272727272727276]
[5,38.72727272727273,0,0.27272727272727276]
[0,38.86363636363637,0,0.27272727272727276]
[2,39,0,0.27272727272727276]
[3,39.13636363636364,0,0.27272727272727276]
[5,39.27272727272727,0,0.27272727272727276]
[7,39.409090909090914,0,0.27272727272727276]
[4,39.54545454545455,0,0.27272727272727276]
[1,39.68181818181818,0,0.27272727272727276]
[5,39.81818181818182,1,0.27272727272727276]
[3,40.09090909090909,1,0.27272727272727276]
[1,40.36363636363637,0,0.27272727272727276]
[2,40.36363636363637,0,0.27272727272727276]
[0,40.5,0,0.5454545454545455]
[5,40.63636363636364,0,0.27272727272727276]
[7,40.77272727272727,0,0.27272727272727276]
[6,40.77272727272727,0,0.27272727272727276]
[2,40.909090909090914,0,1.2272727272727273]
[4,41.04545454545455,0,0.5454545454545455]
[0,41.18181818181819,1,0.8181818181818182]
[2,42,1,0.27272727272727276]
[7,42.54545454545455,0,1.090909090909091]
[6,42.81818181818182,0,0.27272727272727276]
[4,42.95454545454545,0,0.27272727272727276]
[5,43.09090909090909,0,0.27272727272727276]
[7,43.22727272727273,0,0.4090909090909091]
[3,43.36363636363637,0,0.4090909090909091]
[1,43.5,0,0.4090909090909091]
[8,43.63636363636364,0,0.4090909090909091]
[3,43.77272727272727,0,0.4090909090909091]
[2,43.909090909090914,0,0.4090909090909091]
[1,44.04545454545455,0,0.4090909090909091]
[5,44.18181818181819,0,0.4090909090909091]
[4,44.31818181818182,0,0.4090909090909091]
[8,44.45454545454545,0,0.4090909090909091]
[6,44.72727272727273,0,0.4090909090909091]
[3,44.86363636363637,0,0.4090909090909091]
[7,45,0,0.4090909090909091]
[1,45.13636363636364,0,0.4090909090909091]
[5,45.27272727272727,0,0.4090909090909091]
[2,45.409090909090914,0,0.4090909090909091]
[4,45.54545454545455,0,0.4090909090909091]
[0,45.68181818181819,0,0.4090909090909091]
[3,45.81818181818182,0,0.4090909090909091]
[1,45.95454545454545,0,0.4090909090909091]
[5,46.09090909090909,0,0.4090909090909091]
[4,46.22727272727273,0,0.4090909090909091]
[6,46.36363636363637,0,0.4090909090909091]
[7,46.63636363636364,0,0.4090909090909091]
[0,46.909090909090914,0,0.4090909090909091]
[1,47.04545454545455,0,0.4090909090909091]
[3,47.18181818181819,0,0.4090909090909091]
[2,47.31818181818182,0,0.4090909090909091]
[5,47.45454545454545,0,0.4090909090909091]
[6,47.72727272727273,0,0.4090909090909091]
[5,48,0,0.4090909090909091]
[5,48.13636363636364,0,0.4090909090909091]
[0,48.27272727272727,0,0.4090909090909091]
[0,48.409090909090914,0,0.4090909090909091]
[3,48.54545454545455,0,0.4090909090909091]
[3,48.68181818181819,0,0.4090909090909091]
[2,48.81818181818182,0,0.4090909090909091]
[2,48.95454545454545,0,0.4090909090909091]
[0,49.09090909090909,1,0.5454545454545455]
[1,49.36363636363637,1,0.27272727272727276]
[5,49.63636363636364,1,0.5454545454545455]
[4,49.909090909090914,1,0.27272727272727276]
[6,50.18181818181819,1,0.5454545454545455]
[7,50.45454545454545,1,0.27272727272727276]
[8,50.72727272727273,0,0.5454545454545455]
[4,51,0,0.27272727272727276]
[5,51,0,0.27272727272727276]
[6,51.27272727272727,0,0.27272727272727276]
[4,51.54545454545455,0,0.27272727272727276]
[5,51.54545454545455,0,0.27272727272727276]
[0,51.81818181818182,0,0.5454545454545455]
[1,51.95454545454545,0,0.5454545454545455]
[2,52.09090909090909,0,0.5454545454545455]
[1,52.22727272727273,0,0.5454545454545455]
[3,52.36363636363637,1,0.27272727272727276]
[4,52.63636363636364,0,0.27272727272727276]
[0,52.77272727272727,0,0.27272727272727276]
[8,52.909090909090914,0,0.27272727272727276]
[3,53.04545454545455,0,0.27272727272727276]
[5,53.18181818181819,0,0.27272727272727276]
[7,53.31818181818182,0,0.27272727272727276]
[4,53.45454545454545,0,0.27272727272727276]
[3,53.59090909090909,0,0.27272727272727276]
[0,53.72727272727273,1,0.27272727272727276]
[2,54,0,0.27272727272727276]
[1,54.13636363636364,0,0.27272727272727276]
[3,54.27272727272727,0,0.27272727272727276]
[4,54.409090909090914,0,0.27272727272727276]
[6,54.54545454545455,0,0.27272727272727276]
[7,54.68181818181819,0,0.27272727272727276]
[3,54.81818181818182,0,0.27272727272727276]
[4,54.95454545454545,0,0.27272727272727276]
[0,55.09090909090909,0,0.27272727272727276]
[1,55.22727272727273,0,0.27272727272727276]
[2,55.36363636363637,0,0.27272727272727276]
[4,55.5,0,0.27272727272727276]
[7,55.63636363636364,0,0.27272727272727276]
[8,55.63636363636364,0,0.27272727272727276]
[3,55.909090909090914,0,0.27272727272727276]
[4,55.909090909090914,0,0.27272727272727276]
[5,56.18181818181819,0,0.27272727272727276]
[8,56.18181818181819,0,0.27272727272727276]
[1,56.45454545454546,0,0.27272727272727276]
[0,56.45454545454546,0,0.27272727272727276]
[6,56.72727272727273,0,0.27272727272727276]
[8,56.72727272727273,0,0.27272727272727276]
[3,57,0,0.27272727272727276]
[5,57,0,0.27272727272727276]
[1,57.27272727272727,0,0.27272727272727276]
[2,57.27272727272727,0,0.27272727272727276]
[4,57.54545454545455,0,0.27272727272727276]
[3,57.54545454545455,0,0.27272727272727276]
[7,57.81818181818182,0,0.27272727272727276]
[8,57.81818181818182,0,0.27272727272727276]
[6,57.95454545454546,0,0.27272727272727276]
[4,58.09090909090909,0,0.27272727272727276]
[5,58.09090909090909,0,0.27272727272727276]
[3,58.22727272727273,0,0.27272727272727276]
[2,58.36363636363637,0,0.27272727272727276]
[1,58.36363636363637,0,0.27272727272727276]
[0,58.5,0,0.27272727272727276]
[3,58.63636363636364,0,0.27272727272727276]
[7,58.77272727272727,0,0.27272727272727276]
[6,58.77272727272727,0,0.27272727272727276]
[5,58.909090909090914,1,1.090909090909091]
[4,60,0,1.090909090909091]
[1,60.13636363636364,0,0.4090909090909091]
[2,60.27272727272727,0,0.27272727272727276]
[5,60.27272727272727,0,0.27272727272727276]
[1,60.409090909090914,0,0.4090909090909091]
[0,60.54545454545455,0,0.4090909090909091]
[0,60.75,0,0.4090909090909091]
[0,60.95454545454546,0,0.4090909090909091]
[6,61.09090909090909,0,0.4090909090909091]
[3,61.22727272727273,0,0.4090909090909091]
[5,61.36363636363637,0,0.27272727272727276]
[6,61.36363636363637,0,0.27272727272727276]
[3,61.5,0,0.4090909090909091]
[8,61.63636363636364,0,0.4090909090909091]
[2,61.84090909090909,0,0.4090909090909091]
[5,62.04545454545455,0,0.4090909090909091]
[0,62.18181818181819,0,0.4090909090909091]
[0,62.31818181818182,0,0.4090909090909091]
[4,62.45454545454546,0,0.4090909090909091]
[4,62.59090909090909,0,0.4090909090909091]
[6,62.72727272727273,0,0.27272727272727276]
[7,62.93181818181819,0,0.27272727272727276]
[8,63.13636363636364,0,0.27272727272727276]
[0,63.27272727272727,1,0.13636363636363638]
[3,63.47727272727273,1,0.13636363636363638]
[7,63.68181818181819,0,0.5454545454545455]
[2,63.81818181818182,0,0.5454545454545455]
[1,63.88636363636364,0,0.5454545454545455]
[5,63.95454545454546,0,0.27272727272727276]
[4,64.02272727272728,0,0.27272727272727276]
[8,64.0909090909091,0,0.27272727272727276]
[6,64.22727272727273,0,0.27272727272727276]
[2,64.36363636363636,0,0.27272727272727276]
[7,64.5,0,0.27272727272727276]
[1,64.63636363636364,0,0.27272727272727276]
[0,64.77272727272728,1,0.27272727272727276]
[5,65.04545454545455,0,0.27272727272727276]
[4,65.11363636363636,0,0.27272727272727276]
[3,65.18181818181819,0,0.27272727272727276]
[2,65.31818181818183,1,0.27272727272727276]
[6,65.5909090909091,1,0.27272727272727276]
[8,65.86363636363636,1,0.27272727272727276]
[1,66.13636363636364,0,0.27272727272727276]
[1,66.27272727272728,0,0.27272727272727276]
[3,66.4090909090909,1,0.27272727272727276]
[7,66.68181818181819,1,0.27272727272727276]
[6,66.95454545454545,0,0.27272727272727276]
[2,67.0909090909091,1,1.090909090909091]
[5,67.0909090909091,1,1.090909090909091]
[6,68.18181818181819,0,0.27272727272727276]
[5,68.45454545454545,0,0.4090909090909091]
[4,68.5909090909091,0,0.4090909090909091]
[0,68.72727272727273,1,0.27272727272727276]
[3,68.72727272727273,0,0.4090909090909091]
[1,69,1,0.27272727272727276]
[2,69.27272727272728,0,0.27272727272727276]
[3,69.4090909090909,0,0.27272727272727276]
[8,69.54545454545455,0,0.27272727272727276]
[4,69.68181818181819,0,0.13636363636363638]
[0,69.81818181818183,0,0.13636363636363638]
[7,69.95454545454545,1,0.13636363636363638]
[8,70.0909090909091,0,0.13636363636363638]
[3,70.22727272727273,0,0.13636363636363638]
[4,70.29545454545455,0,0.13636363636363638]
[5,70.36363636363636,0,0.13636363636363638]
[1,70.43181818181819,0,0.13636363636363638]
[0,70.5,0,0.27272727272727276]
[1,70.63636363636364,0,0.13636363636363638]
[2,70.63636363636364,0,0.27272727272727276]
[3,70.77272727272728,0,0.27272727272727276]
[6,70.9090909090909,1,0.27272727272727276]
[1,71.18181818181819,1,0.27272727272727276]
[5,71.45454545454545,0,0.27272727272727276]
[0,71.5909090909091,0,0.13636363636363638]
[7,71.72727272727273,0,0.13636363636363638]
[2,71.86363636363636,0,0.13636363636363638]
[3,72,1,0.27272727272727276]
[1,72.27272727272728,1,0.27272727272727276]
[5,72.54545454545455,1,0.27272727272727276]
[7,72.81818181818183,1,0.27272727272727276]
[3,73.0909090909091,0,0.27272727272727276]
[2,73.22727272727273,1,0.13636363636363638]
[1,73.36363636363636,0,0.13636363636363638]
[5,73.5,0,0.13636363636363638]
[4,73.56818181818183,0,0.13636363636363638]
[3,73.63636363636364,0,0.13636363636363638]
[1,73.77272727272728,1,0.13636363636363638]
[0,73.9090909090909,0,0.27272727272727276]
[4,73.97727272727273,0,0.13636363636363638]
[5,74.04545454545455,0,0.27272727272727276]
[7,74.11363636363636,0,0.13636363636363638]
[6,74.18181818181819,0,0.13636363636363638]
[3,74.31818181818183,0,0.13636363636363638]
[2,74.45454545454545,0,0.13636363636363638]
[1,74.45454545454545,0,0.13636363636363638]
[0,74.5909090909091,1,0.13636363636363638]
[1,74.72727272727273,0,0.13636363636363638]
[3,74.86363636363636,1,0.13636363636363638]
[4,75,0,0.13636363636363638]
[7,75.13636363636364,0,0.13636363636363638]
[8,75.13636363636364,0,0.13636363636363638]
[2,75.27272727272728,1,0.27272727272727276]
[5,75.54545454545455,1,0.27272727272727276]
[6,75.81818181818183,1,0.27272727272727276]
[0,76.0909090909091,1,1.090909090909091]
[1,76.36363636363636,0,1.090909090909091]
[1,76.5,0,1.090909090909091]
[5,76.63636363636364,0,1.090909090909091]
[5,76.77272727272728,0,1.090909090909091]
[4,76.9090909090909,0,1.090909090909091]
[4,77.04545454545455,0,1.090909090909091]
[3,77.18181818181819,1,0.27272727272727276]
[6,77.45454545454545,1,0.27272727272727276]
[0,77.72727272727273,1,0.13636363636363638]
[1,77.86363636363637,0,0.13636363636363638]
[2,77.9318181818182,0,0.13636363636363638]
[5,78.00000000000001,0,0.13636363636363638]
[4,78.06818181818183,0,0.13636363636363638]
[3,78.13636363636364,0,0.27272727272727276]
[7,78.27272727272728,1,0.27272727272727276]
[5,78.54545454545455,1,0.27272727272727276]
[0,78.81818181818183,1,0.13636363636363638]
[1,78.95454545454545,0,0.13636363636363638]
[6,79.0909090909091,0,0.13636363636363638]
[7,79.1590909090909,0,0.13636363636363638]
[5,79.22727272727273,0,0.27272727272727276]
[1,79.36363636363636,0,0.27272727272727276]
[3,79.5,0,0.27272727272727276]
[8,79.63636363636364,1,0.5454545454545455]
[0,80.18181818181819,1,0.27272727272727276]
[3,80.45454545454545,1,0.27272727272727276]
[6,80.72727272727273,1,1.090909090909091]
[8,80.72727272727273,0,1.090909090909091]
[4,80.86363636363637,0,1.090909090909091]
[7,81,0,1.090909090909091]
[5,81.13636363636364,0,1.090909090909091]
[1,81.27272727272728,0,1.090909090909091]
[3,81.4090909090909,0,1.090909090909091]
[0,81.54545454545455,0,1.090909090909091]
[4,81.68181818181819,0,1.090909090909091]
[2,81.81818181818183,0,0.27272727272727276]
[1,81.95454545454545,1,0.13636363636363638]
[0,82.0909090909091,0,0.27272727272727276]
[8,82.22727272727273,0,0.27272727272727276]
[7,82.29545454545455,0,0.13636363636363638]
[3,82.36363636363637,0,0.27272727272727276]
[4,82.43181818181819,0,0.13636363636363638]
[8,82.5,1,0.13636363636363638]
[7,82.63636363636364,0,0.13636363636363638]
[1,82.77272727272728,0,0.13636363636363638]
[3,82.9090909090909,1,0.13636363636363638]
[4,83.04545454545455,0,0.13636363636363638]
[0,83.18181818181819,1,0.13636363636363638]
[1,83.31818181818183,0,2.181818181818182]
[3,83.45454545454545,0,0.27272727272727276]
[4,83.52272727272728,0,0.27272727272727276]
[8,83.5909090909091,0,0.27272727272727276]
[6,83.72727272727273,0,0.27272727272727276]
[2,83.86363636363637,0,0.27272727272727276]
[0,84,1,1.090909090909091]
[2,84.13636363636364,0,0.13636363636363638]
[4,84.27272727272728,0,0.13636363636363638]
[3,84.4090909090909,0,0.13636363636363638]
[7,84.54545454545455,0,0.13636363636363638]
[8,84.68181818181819,0,0.13636363636363638]
[6,84.81818181818183,0,0.13636363636363638]
[5,84.95454545454545,0,0.13636363636363638]
[1,85.0909090909091,0,0.13636363636363638]
[0,85.63636363636364,1,0.27272727272727276]
[8,86.31818181818183,0,0.27272727272727276]
[6,86.45454545454545,0,0.27272727272727276]
[8,86.5909090909091,0,0.27272727272727276]
[3,86.72727272727273,1,0.27272727272727276]
[4,86.86363636363637,0,0.27272727272727276]
[2,87,0,0.27272727272727276]
[5,87.13636363636364,0,0.4090909090909091]
[0,87.27272727272728,0,0.27272727272727276]
[1,87.4090909090909,0,0.27272727272727276]
[2,87.54545454545455,0,0.27272727272727276]
[4,87.68181818181819,0,0.27272727272727276]
[5,87.81818181818183,0,0.27272727272727276]
[7,87.95454545454545,0,0.27272727272727276]
[8,88.0909090909091,0,0.27272727272727276]
[0,88.22727272727273,0,0.27272727272727276]
[3,88.36363636363637,0,0.27272727272727276]
[1,88.5,0,0.27272727272727276]
[4,88.63636363636364,0,0.27272727272727276]
[2,88.77272727272728,0,0.27272727272727276]
[6,88.9090909090909,0,0.27272727272727276]
[1,89.04545454545455,0,0.27272727272727276]
[8,89.18181818181819,0,0.27272727272727276]
[2,89.31818181818183,0,0.27272727272727276]
[7,89.45454545454545,0,0.27272727272727276]
[0,89.5909090909091,0,0.27272727272727276]
[3,89.72727272727273,0,0.27272727272727276]
[2,89.86363636363637,0,0.27272727272727276]
[7,90,0,0.27272727272727276]
[1,90.13636363636364,0,0.27272727272727276]
[8,90.27272727272728,0,0.27272727272727276]
[6,90.4090909090909,0,0.27272727272727276]
[5,90.54545454545455,1,0.27272727272727276]
[3,90.81818181818183,0,0.27272727272727276]
[0,91.0909090909091,0,0.27272727272727276]
[1,91.22727272727273,0,0.27272727272727276]
[2,91.36363636363637,0,0.27272727272727276]
[5,91.5,0,0.27272727272727276]
[6,91.63636363636364,0,0.27272727272727276]
[4,91.77272727272728,0,0.27272727272727276]
[1,91.9090909090909,1,0.27272727272727276]
[6,92.18181818181819,0,0.27272727272727276]
[5,92.31818181818183,0,0.27272727272727276]
[3,92.45454545454545,0,0.27272727272727276]
[2,92.5909090909091,0,0.27272727272727276]
[4,92.72727272727273,0,0.27272727272727276]
[3,92.86363636363637,0,0.27272727272727276]
[8,93,1,0.27272727272727276]
[3,93.27272727272728,0,0.27272727272727276]
[4,93.3409090909091,0,0.27272727272727276]
[3,93.4090909090909,0,0.27272727272727276]
[4,93.47727272727273,0,0.27272727272727276]
[6,93.54545454545455,0,0.27272727272727276]
[7,93.68181818181819,0,0.27272727272727276]
[5,93.81818181818183,0,0.27272727272727276]
[3,93.95454545454545,0,0.27272727272727276]
[2,94.0909090909091,1,0.27272727272727276]
[6,94.63636363636364,0,0.27272727272727276]
[3,94.77272727272728,0,0.27272727272727276]
[0,94.9090909090909,0,0.27272727272727276]
[0,95.04545454545455,0,0.27272727272727276]
[1,95.18181818181819,0,0.27272727272727276]
[2,95.31818181818183,0,0.27272727272727276]
[5,95.45454545454545,0,0.27272727272727276]
[3,95.5909090909091,0,0.27272727272727276]
[2,95.72727272727273,0,0.27272727272727276]
[7,95.86363636363637,0,0.27272727272727276]
[6,96,0,0.27272727272727276]
[8,96.13636363636364,0,0.27272727272727276]
[3,96.27272727272728,0,0.27272727272727276]
[1,96.4090909090909,0,0.27272727272727276]
[5,96.54545454545455,0,0.27272727272727276]
[0,96.68181818181819,0,0.27272727272727276]
[4,96.81818181818183,0,0.27272727272727276]
[2,96.95454545454545,0,0.27272727272727276]
[1,97.02272727272728,0,0.27272727272727276]
[0,97.0909090909091,0,0.27272727272727276]
[5,97.22727272727273,0,0.27272727272727276]
[3,97.36363636363637,0,0.27272727272727276]
[6,97.5,0,0.27272727272727276]
[7,97.63636363636364,0,0.27272727272727276]
[2,97.77272727272728,0,0.27272727272727276]
[8,97.9090909090909,0,0.27272727272727276]
[1,98.04545454545455,0,0.27272727272727276]
[7,98.18181818181819,0,0.27272727272727276]
[0,98.31818181818183,0,0.27272727272727276]
[6,98.45454545454545,0,0.27272727272727276]
[2,98.5909090909091,0,0.27272727272727276]
[8,98.72727272727273,0,0.27272727272727276]
[0,98.86363636363637,0,0.27272727272727276]
[3,99,0,0.27272727272727276]
[2,99.13636363636364,0,0.27272727272727276]
[1,99.20454545454545,0,0.27272727272727276]
[0,99.27272727272728,0,0.27272727272727276]
[7,99.4090909090909,1,0.4090909090909091]
[8,99.54545454545455,0,0.27272727272727276]
[4,99.81818181818183,1,0.4090909090909091]
[3,99.81818181818183,1,0.4090909090909091]
[1,100.22727272727273,0,0.27272727272727276]
[5,100.36363636363637,0,0.4090909090909091]
[6,100.5,0,0.4090909090909091]
[8,100.63636363636364,0,0.4090909090909091]
[3,100.77272727272728,0,0.4090909090909091]
[1,100.9090909090909,0,0.4090909090909091]
[2,101.04545454545455,0,0.4090909090909091]
[7,101.18181818181819,0,0.4090909090909091]
[3,101.31818181818183,0,0.4090909090909091]
[5,101.45454545454545,1,0.27272727272727276]
[2,101.72727272727273,1,0.27272727272727276]
[1,102,1,0.4090909090909091]
[0,102.4090909090909,1,0.4090909090909091]
[3,102.81818181818183,0,0.5454545454545455]
[6,102.95454545454545,0,0.5454545454545455]
[7,103.0909090909091,0,0.4090909090909091]
[8,103.1590909090909,0,0.4090909090909091]
[7,103.22727272727273,0,0.4090909090909091]
[8,103.29545454545455,0,0.4090909090909091]
[7,103.36363636363637,0,0.4090909090909091]
[8,103.43181818181819,0,0.4090909090909091]
[7,103.5,0,0.4090909090909091]
[8,103.56818181818183,0,0.4090909090909091]
[4,103.63636363636364,0,0.4090909090909091]
[5,103.70454545454545,0,0.4090909090909091]
[4,103.77272727272728,0,0.4090909090909091]
[5,103.8409090909091,0,0.4090909090909091]
[1,104.04545454545455,0,0.5454545454545455]
[0,104.18181818181819,0,0.4090909090909091]
[0,104.31818181818183,0,0.5454545454545455]
[2,104.45454545454545,0,0.5454545454545455]
[5,104.5909090909091,0,0.5454545454545455]
[4,104.6590909090909,0,0.5454545454545455]
[5,104.72727272727273,0,0.5454545454545455]
[4,104.79545454545455,0,0.5454545454545455]
[5,104.86363636363637,0,0.5454545454545455]
[0,105,0,0.5454545454545455]
[6,105.27272727272728,0,0.5454545454545455]
[7,105.4090909090909,0,0.5454545454545455]
[3,105.54545454545455,0,0.5454545454545455]
[1,105.68181818181819,0,0.5454545454545455]
[2,105.75,0,0.5454545454545455]
[1,105.81818181818183,0,0.5454545454545455]
[2,105.88636363636364,0,0.5454545454545455]
[1,105.95454545454545,0,0.5454545454545455]
[3,106.0909090909091,0,0.5454545454545455]
[0,106.36363636363637,0,0.5454545454545455]
[4,106.5,0,0.5454545454545455]
[2,106.63636363636364,0,0.5454545454545455]
[6,106.77272727272728,0,0.5454545454545455]
[7,106.8409090909091,0,0.5454545454545455]
[6,106.9090909090909,0,0.27272727272727276]
[7,106.97727272727273,0,0.27272727272727276]
[6,107.04545454545455,0,0.27272727272727276]
[5,107.18181818181819,0,0.27272727272727276]
[6,107.45454545454545,0,0.5454545454545455]
[1,107.5909090909091,0,0.5454545454545455]
[5,107.72727272727273,0,0.5454545454545455]
[4,107.86363636363637,0,0.5454545454545455]
[6,107.93181818181819,0,0.5454545454545455]
[4,108,0,0.5454545454545455]
[6,108.06818181818183,0,0.5454545454545455]
[4,108.13636363636364,0,0.5454545454545455]
[3,108.27272727272728,0,0.27272727272727276]
[0,108.54545454545455,0,0.5454545454545455]
[1,108.61363636363637,0,0.5454545454545455]
[0,108.68181818181819,0,0.5454545454545455]
[1,108.75,0,0.5454545454545455]
[0,108.81818181818183,0,0.5454545454545455]
[8,108.95454545454545,0,0.27272727272727276]
[3,109.0909090909091,0,0.5454545454545455]
[4,109.1590909090909,0,0.5454545454545455]
[2,109.22727272727273,0,0.5454545454545455]
[1,109.29545454545455,0,0.27272727272727276]
[0,109.36363636363637,0,0.27272727272727276]
[7,109.5,0,0.5454545454545455]
[2,109.63636363636364,0,0.4090909090909091]
[1,109.70454545454545,0,0.5454545454545455]
[3,109.77272727272728,0,0.27272727272727276]
[4,109.8409090909091,0,0.27272727272727276]
[5,109.9090909090909,0,0.27272727272727276]
[0,110.04545454545455,0,0.27272727272727276]
[8,110.18181818181819,0,0.27272727272727276]
[7,110.25,0,0.5454545454545455]
[3,110.31818181818183,0,0.5454545454545455]
[4,110.38636363636364,0,0.5454545454545455]
[5,110.45454545454545,0,0.4090909090909091]
[5,110.5909090909091,0,0.5454545454545455]
[5,110.72727272727273,0,0.5454545454545455]
[6,110.86363636363637,0,0.5454545454545455]
[7,110.93181818181819,0,0.5454545454545455]
[6,111,0,0.5454545454545455]
[8,111.13636363636364,0,0.5454545454545455]
[8,111.27272727272728,0,0.5454545454545455]
[0,111.4090909090909,0,0.5454545454545455]
[1,111.47727272727273,0,0.5454545454545455]
[0,111.54545454545455,0,0.5454545454545455]
[2,111.68181818181819,0,0.5454545454545455]
[4,111.81818181818183,0,0.5454545454545455]
[6,111.95454545454545,0,0.5454545454545455]
[7,112.02272727272728,0,0.5454545454545455]
[6,112.0909090909091,0,0.5454545454545455]
[3,112.22727272727273,0,0.5454545454545455]
[3,112.36363636363637,0,0.5454545454545455]
[3,112.5,0,0.5454545454545455]
[3,112.63636363636364,0,0.5454545454545455]
[0,112.77272727272728,0,0.5454545454545455]
[1,112.8409090909091,0,0.5454545454545455]
[0,112.90909090909092,0,0.5454545454545455]
[3,113.04545454545455,0,0.5454545454545455]
[3,113.18181818181819,0,0.5454545454545455]
[5,113.31818181818183,0,0.5454545454545455]
[5,113.45454545454545,0,0.5454545454545455]
[8,113.5909090909091,0,0.5454545454545455]
[8,113.72727272727273,0,0.5454545454545455]
[5,113.86363636363637,0,0.5454545454545455]
[3,114,0,0.5454545454545455]
[5,114.13636363636364,0,0.5454545454545455]
[3,114.27272727272728,0,0.5454545454545455]
[0,114.40909090909092,0,0.5454545454545455]
[2,114.54545454545455,0,0.5454545454545455]
[6,114.68181818181819,0,0.5454545454545455]
[0,114.81818181818183,0,0.5454545454545455]
[8,114.95454545454545,0,0.5454545454545455]
[6,115.0909090909091,0,0.5454545454545455]
[2,115.22727272727273,0,0.5454545454545455]
[8,115.36363636363637,0,0.5454545454545455]
[6,115.5,0,0.5454545454545455]
[0,115.63636363636364,0,0.5454545454545455]
[2,115.77272727272728,0,0.5454545454545455]
[8,115.90909090909092,0,0.5454545454545455]
[3,116.04545454545455,0,0.5454545454545455]
[1,116.18181818181819,0,0.5454545454545455]
[7,116.31818181818183,0,0.5454545454545455]
[2,116.45454545454545,0,0.5454545454545455]
[8,116.5909090909091,0,0.5454545454545455]
[0,116.72727272727273,0,0.5454545454545455]
[6,116.86363636363637,0,0.5454545454545455]
[4,117,0,0.5454545454545455]
[2,117.13636363636364,0,0.5454545454545455]
[5,117.27272727272728,0,0.5454545454545455]
[3,117.40909090909092,0,0.5454545454545455]
[0,117.54545454545455,0,0.5454545454545455]
[4,117.68181818181819,0,0.5454545454545455]
[6,117.81818181818183,0,0.5454545454545455]
[8,117.95454545454545,0,0.5454545454545455]
[3,118.22727272727273,0,0.27272727272727276]
[5,118.36363636363637,0,0.5454545454545455]
[2,118.63636363636364,0,0.5454545454545455]
[5,118.77272727272728,1,0.27272727272727276]
[3,119.04545454545455,0,0.5454545454545455]
[3,119.18181818181819,0,0.5454545454545455]
[3,119.31818181818183,0,0.5454545454545455]
[2,119.45454545454545,0,0.5454545454545455]
[2,119.5909090909091,0,0.5454545454545455]
[6,119.72727272727273,0,0.5454545454545455]
[6,119.86363636363637,0,0.5454545454545455]
[0,120,0,0.5454545454545455]
[0,120.13636363636364,0,0.5454545454545455]
[3,120.27272727272728,0,0.5454545454545455]
[4,120.40909090909092,0,0.5454545454545455]
[1,120.54545454545455,0,0.5454545454545455]
[2,120.68181818181819,0,0.5454545454545455]
[5,120.81818181818183,0,0.5454545454545455]
[7,120.95454545454545,0,0.5454545454545455]
[8,121.0909090909091,0,0.27272727272727276]