[0,2.160021600216002,0,0.2700027000270003]
[5,2.3625236252362525,0,0.2700027000270003]
[6,2.5650256502565028,0,0.2700027000270003]
[2,2.835028350283503,0,0.2700027000270003]
[3,2.9700297002970033,0,0.2700027000270003]
[5,3.105031050310503,0,0.2700027000270003]
[6,3.2400324003240035,0,0.2700027000270003]
[8,3.442534425344254,0,0.2700027000270003]
[0,3.645036450364504,0,0.2700027000270003]
[2,3.780037800378004,0,0.2700027000270003]
[3,3.9150391503915043,0,0.2700027000270003]
[5,4.050040500405005,0,0.2700027000270003]
[6,4.320043200432004,0,0.2700027000270003]
[5,4.522545225452255,0,0.2700027000270003]
[0,4.725047250472505,0,0.2700027000270003]
[8,4.995049950499506,0,0.2700027000270003]
[3,5.1300513005130055,0,0.2700027000270003]
[5,5.265052650526505,0,0.2700027000270003]
[0,5.400054000540006,0,0.2700027000270003]
[2,5.602556025560256,0,0.2700027000270003]
[6,5.805058050580506,0,0.2700027000270003]
[8,5.940059400594007,0,0.2700027000270003]
[3,6.0750607506075065,0,0.2700027000270003]
[5,6.210062100621006,0,0.2700027000270003]
[0,6.345063450634507,0,0.2700027000270003]
[2,6.480064800648007,0,0.2700027000270003]
[6,6.682566825668257,0,0.2700027000270003]
[5,6.885068850688508,0,0.2700027000270003]
[0,7.155071550715507,0,0.2700027000270003]
[2,7.290072900729008,0,0.2700027000270003]
[3,7.425074250742508,0,0.2700027000270003]
[5,7.560075600756008,0,0.2700027000270003]
[6,7.762577625776259,0,0.2700027000270003]
[2,7.9650796507965085,0,0.2700027000270003]
[0,8.10008100081001,0,0.2700027000270003]
[5,8.23508235082351,0,0.2700027000270003]
[3,8.370083700837009,0,0.2700027000270003]
[8,8.505085050850509,0,0.2700027000270003]
[6,8.640086400864009,0,0.2700027000270003]
[2,8.842588425884259,0,0.2700027000270003]
[3,9.04509045090451,0,0.2700027000270003]
[5,9.18009180091801,0,0.2700027000270003]
[0,9.38259382593826,0,0.2700027000270003]
[8,9.58509585095851,0,0.2700027000270003]
[7,9.72009720097201,0,0.2700027000270003]
[6,9.72009720097201,0,0.2700027000270003]
[1,9.990099900999011,0,0.2700027000270003]
[2,9.990099900999011,0,0.2700027000270003]
[4,10.260102601026011,0,0.2700027000270003]
[3,10.260102601026011,0,0.2700027000270003]
[8,10.53010530105301,0,0.2700027000270003]
[7,10.53010530105301,0,0.2700027000270003]
[0,10.800108001080012,0,0.2700027000270003]
[5,11.070110701107012,0,0.2700027000270003]
[4,11.070110701107012,0,0.2700027000270003]
[6,11.340113401134012,0,0.2700027000270003]
[2,11.610116101161012,0,0.2700027000270003]
[1,11.610116101161012,0,0.2700027000270003]
[3,11.880118801188013,0,0.2700027000270003]
[8,12.150121501215013,0,0.2700027000270003]
[7,12.150121501215013,0,0.2700027000270003]
[0,12.420124201242013,0,0.2700027000270003]
[5,12.690126901269014,0,0.2700027000270003]
[4,12.690126901269014,0,0.2700027000270003]
[8,12.960129601296014,0,0.2700027000270003]
[7,12.960129601296014,0,0.2700027000270003]
[6,12.960129601296014,0,0.2700027000270003]
[0,13.230132301323014,0,0.2700027000270003]
[5,13.500135001350014,0,0.2700027000270003]
[7,13.770137701377015,0,0.2700027000270003]
[6,13.770137701377015,0,0.2700027000270003]
[2,14.040140401404015,0,0.2700027000270003]
[4,14.310143101431015,0,0.2700027000270003]
[3,14.310143101431015,0,0.2700027000270003]
[1,14.580145801458016,0,0.2700027000270003]
[0,14.580145801458016,0,0.2700027000270003]
[7,14.782647826478266,0,0.2700027000270003]
[6,14.782647826478266,0,0.2700027000270003]
[4,14.985149851498516,0,0.2700027000270003]
[8,15.120151201512016,0,0.2700027000270003]
[1,15.390153901539016,0,0.2700027000270003]
[0,15.390153901539016,0,0.2700027000270003]
[5,15.660156601566017,0,0.2700027000270003]
[7,15.930159301593017,0,0.2700027000270003]
[6,15.930159301593017,0,0.2700027000270003]
[2,16.06516065160652,0,0.2700027000270003]
[0,16.33516335163352,0,0.2700027000270003]
[5,16.47016470164702,0,0.2700027000270003]
[4,16.47016470164702,0,0.2700027000270003]
[1,16.740167401674018,0,0.2700027000270003]
[3,16.740167401674018,0,0.2700027000270003]
[2,16.875168751687518,0,0.2700027000270003]
[6,16.875168751687518,0,0.2700027000270003]
[5,17.010170101701018,0,0.2700027000270003]
[7,17.010170101701018,0,0.2700027000270003]
[0,17.280172801728018,0,0.2700027000270003]
[8,17.820178201782017,0,0.2700027000270003]
[2,18.36018360183602,0,0.2700027000270003]
[0,18.36018360183602,0,0.2700027000270003]
[8,18.63018630186302,0,0.2700027000270003]
[6,18.63018630186302,0,0.2700027000270003]
[3,18.90018900189002,0,0.2700027000270003]
[2,18.90018900189002,0,0.2700027000270003]
[0,19.17019170191702,0,0.2700027000270003]
[8,19.17019170191702,0,0.2700027000270003]
[3,19.44019440194402,0,0.2700027000270003]
[2,19.71019710197102,0,0.2700027000270003]
[5,19.980199801998022,0,0.2700027000270003]
[0,20.250202502025022,0,0.2700027000270003]
[6,20.520205202052022,0,0.2700027000270003]
[2,20.790207902079022,0,0.2700027000270003]
[8,21.06021060210602,0,0.2700027000270003]
[0,21.33021330213302,0,0.2700027000270003]
[5,21.600216002160025,0,0.2700027000270003]
[3,21.600216002160025,0,0.2700027000270003]
[2,21.870218702187024,0,0.2700027000270003]
[6,22.140221402214024,0,0.2700027000270003]
[5,22.410224102241024,0,0.2700027000270003]
[8,22.680226802268024,0,0.2700027000270003]
[3,22.950229502295024,0,0.2700027000270003]
[2,23.220232202322023,0,0.2700027000270003]
[1,23.220232202322023,0,0.2700027000270003]
[5,23.422734227342275,0,0.2700027000270003]
[4,23.422734227342275,0,0.2700027000270003]
[8,23.625236252362527,0,0.2700027000270003]
[6,23.760237602376026,0,0.2700027000270003]
[3,24.570245702457026,0,0.2700027000270003]
[5,24.705247052470526,0,0.2700027000270003]
[2,24.975249752497525,0,0.2700027000270003]
[0,25.110251102511025,0,0.2700027000270003]
[6,25.38025380253803,0,0.2700027000270003]
[7,25.51525515255153,0,0.2700027000270003]
[8,25.65025650256503,0,0.2700027000270003]
[1,25.920259202592028,0,0.2700027000270003]
[4,26.190261902619028,0,0.2700027000270003]
[7,26.460264602646028,0,0.2700027000270003]
[8,26.730267302673028,0,0.2700027000270003]
[6,26.730267302673028,0,0.2700027000270003]
[5,27.000270002700027,0,0.2700027000270003]
[3,27.000270002700027,0,0.2700027000270003]
[0,27.27027270272703,0,0.2700027000270003]
[2,27.27027270272703,0,0.2700027000270003]
[1,27.54027540275403,0,0.2700027000270003]
[5,27.81027810278103,0,0.2700027000270003]
[3,27.81027810278103,0,0.2700027000270003]
[8,28.08028080280803,0,0.2700027000270003]
[7,28.08028080280803,0,0.2700027000270003]
[6,28.08028080280803,0,0.2700027000270003]
[2,28.62028620286203,0,0.2700027000270003]
[0,28.62028620286203,0,0.2700027000270003]
[3,29.160291602916033,0,0.2700027000270003]
[7,29.160291602916033,0,0.2700027000270003]
[4,29.700297002970032,0,0.2700027000270003]
[2,29.700297002970032,0,0.2700027000270003]
[0,30.24030240302403,0,0.2700027000270003]
[8,30.24030240302403,0,0.2700027000270003]
[6,30.78030780307803,0,0.2700027000270003]
[5,30.78030780307803,0,0.2700027000270003]
[3,31.320313203132034,0,0.2700027000270003]
[2,31.320313203132034,0,0.2700027000270003]
[0,31.860318603186034,0,0.2700027000270003]
[5,31.860318603186034,0,0.2700027000270003]
[3,31.995319953199534,0,0.2700027000270003]
[8,32.13032130321304,0,0.2700027000270003]
[6,32.265322653226534,0,0.2700027000270003]
[2,32.40032400324004,0,0.2700027000270003]
[0,32.94032940329404,0,0.2700027000270003]
[5,33.210332103321036,0,0.2700027000270003]
[6,33.480334803348036,0,0.2700027000270003]
[8,33.750337503375036,0,0.2700027000270003]
[3,34.020340203402036,0,0.2700027000270003]
[2,34.290342903429035,0,0.2700027000270003]
[0,34.560345603456035,0,0.2700027000270003]
[5,34.830348303483035,0,0.2700027000270003]
[6,35.100351003510035,0,0.2700027000270003]
[8,35.370353703537035,0,0.2700027000270003]
[5,35.640356403564034,0,0.2700027000270003]
[3,35.640356403564034,0,0.2700027000270003]
[0,36.72036720367204,0,0.2700027000270003]
[3,36.85536855368554,0,0.2700027000270003]
[8,36.99036990369904,0,0.2700027000270003]
[7,37.12537125371254,0,0.2700027000270003]
[6,37.26037260372604,0,0.2700027000270003]
[4,37.395373953739536,0,0.2700027000270003]
[2,37.53037530375304,0,0.2700027000270003]
[0,37.80037800378004,0,2.160021600216002]
[5,37.89037890378904,0,2.160021600216002]
[3,37.980379803798044,0,2.160021600216002]
[8,38.07038070380704,0,2.160021600216002]
[6,38.34038340383404,0,0.2700027000270003]
[5,38.61038610386104,0,0.2700027000270003]
[3,38.88038880388804,0,0.2700027000270003]
[2,38.88038880388804,0,0.2700027000270003]
[0,39.01539015390154,0,2.160021600216002]
[8,39.15039150391504,0,0.2700027000270003]
[6,39.28539285392854,0,2.160021600216002]
[5,39.42039420394204,0,2.160021600216002]
[3,39.55539555395554,0,2.160021600216002]
[2,39.690396903969045,0,0.2700027000270003]
[6,39.960399603996045,0,2.160021600216002]
[8,40.09540095400954,0,2.160021600216002]
[3,40.230402304023045,0,2.160021600216002]
[5,40.36540365403654,0,2.160021600216002]
[0,40.500405004050045,0,2.160021600216002]
[2,40.63540635406354,0,2.160021600216002]
[6,40.770407704077044,0,2.160021600216002]
[8,40.90540905409054,0,2.160021600216002]
[3,41.040410404104044,0,2.160021600216002]
[5,41.040410404104044,0,2.160021600216002]
[3,41.98541985419855,0,0.2700027000270003]
[5,42.12042120421204,0,0.2700027000270003]
[7,42.12042120421204,0,0.2700027000270003]
[2,42.66042660426604,0,0.2700027000270003]
[3,42.862928629286294,0,0.2700027000270003]
[6,43.065430654306546,0,0.2700027000270003]
[5,43.20043200432005,0,0.2700027000270003]
[7,43.20043200432005,0,0.2700027000270003]
[4,44.01044010440105,0,0.2700027000270003]
[5,44.145441454414545,0,0.2700027000270003]
[0,44.28044280442805,0,0.2700027000270003]
[8,44.55044550445505,0,0.2700027000270003]
[6,44.82044820448205,0,0.2700027000270003]
[2,45.09045090450905,0,0.2700027000270003]
[0,45.36045360453605,0,0.2700027000270003]
[1,45.49545495454955,0,0.2700027000270003]
[3,45.63045630456305,0,0.2700027000270003]
[4,45.76545765457655,0,0.2700027000270003]
[8,45.90045900459005,0,0.2700027000270003]
[7,46.03546035460355,0,0.2700027000270003]
[5,46.17046170461705,0,0.2700027000270003]
[4,46.30546305463055,0,0.2700027000270003]
[0,46.44046440464405,0,0.2700027000270003]
[1,46.57546575465755,0,0.2700027000270003]
[3,46.71046710467105,0,0.2700027000270003]
[4,46.84546845468455,0,0.2700027000270003]
[8,46.98046980469805,0,0.2700027000270003]
[7,47.11547115471155,0,0.2700027000270003]
[5,47.25047250472505,0,0.2700027000270003]
[4,47.38547385473855,0,0.2700027000270003]
[0,47.52047520475205,0,0.2700027000270003]
[5,48.06048060480605,0,0.2700027000270003]
[6,48.33048330483305,0,0.2700027000270003]
[2,48.60048600486005,0,0.2700027000270003]
[0,48.87048870488705,0,0.2700027000270003]
[4,49.14049140491405,0,0.2700027000270003]
[8,49.41049410494105,0,0.2700027000270003]
[7,49.68049680496805,0,0.2700027000270003]
[5,49.95049950499505,0,0.2700027000270003]
[6,50.22050220502205,0,0.2700027000270003]
[2,50.49050490504905,0,0.2700027000270003]
[3,50.76050760507606,0,0.2700027000270003]
[1,51.03051030510306,0,0.2700027000270003]
[0,51.30051300513006,0,0.2700027000270003]
[8,51.57051570515706,0,0.2700027000270003]
[3,51.840518405184056,0,0.2700027000270003]
[2,52.110521105211056,0,0.2700027000270003]
[0,52.380523805238056,0,0.2700027000270003]
[5,52.650526505265056,0,0.2700027000270003]
[6,52.920529205292056,0,0.2700027000270003]
[8,53.190531905319055,0,0.2700027000270003]
[3,53.460534605346055,0,0.2700027000270003]
[2,53.730537305373055,0,0.2700027000270003]
[0,54.000540005400055,0,0.2700027000270003]
[1,54.270542705427054,0,0.2700027000270003]
[2,54.54054540545406,0,0.2700027000270003]
[6,54.81054810548106,0,0.2700027000270003]
[8,55.08055080550806,0,0.2700027000270003]
[4,55.35055350553506,0,0.2700027000270003]
[3,55.35055350553506,0,0.2700027000270003]
[1,55.62055620556206,0,0.2700027000270003]
[2,55.62055620556206,0,0.2700027000270003]
[7,55.89055890558906,0,0.2700027000270003]
[6,55.89055890558906,0,0.2700027000270003]
[5,56.16056160561606,0,0.2700027000270003]
[1,56.43056430564306,0,0.2700027000270003]
[0,56.43056430564306,0,0.2700027000270003]
[6,56.70056700567006,0,0.2700027000270003]
[4,56.97056970569706,0,0.2700027000270003]
[5,56.97056970569706,0,0.2700027000270003]
[2,57.24057240572406,0,0.2700027000270003]
[7,57.51057510575106,0,0.2700027000270003]
[6,57.51057510575106,0,0.2700027000270003]
[0,57.78057780577806,0,0.2700027000270003]
[5,58.05058050580506,0,0.2700027000270003]
[4,58.05058050580506,0,0.2700027000270003]
[8,58.320583205832065,0,0.2700027000270003]
[4,58.590585905859065,0,0.2700027000270003]
[3,58.590585905859065,0,0.2700027000270003]
[2,58.860588605886065,0,0.2700027000270003]
[7,59.130591305913065,0,0.2700027000270003]
[6,59.130591305913065,0,0.2700027000270003]
[5,59.400594005940064,0,0.2700027000270003]
[1,59.670596705967064,0,0.2700027000270003]
[0,59.670596705967064,0,0.2700027000270003]
[7,59.940599405994064,0,0.2700027000270003]
[5,60.210602106021064,0,0.2700027000270003]
[4,60.210602106021064,0,0.2700027000270003]
[0,60.48060480604806,0,0.2700027000270003]
[8,60.75060750607506,0,0.2700027000270003]
[7,60.75060750607506,0,0.2700027000270003]
[2,61.02061020610206,0,0.2700027000270003]
[7,61.29061290612906,0,0.2700027000270003]
[6,61.29061290612906,0,0.2700027000270003]
[1,61.56061560615606,0,0.2700027000270003]
[4,61.83061830618306,0,0.2700027000270003]
[5,61.83061830618306,0,0.2700027000270003]
[6,62.10062100621007,0,0.2700027000270003]
[1,62.37062370623707,0,0.2700027000270003]
[2,62.37062370623707,0,0.2700027000270003]
[8,62.64062640626407,0,0.2700027000270003]
[6,62.775627756277565,0,0.2700027000270003]
[5,62.91062910629107,0,0.2700027000270003]
[3,63.045630456304565,0,0.2700027000270003]
[1,63.18063180631807,0,0.2700027000270003]
[0,63.315633156331565,0,0.2700027000270003]
[2,63.45063450634507,0,0.2700027000270003]
[3,63.585635856358564,0,0.2700027000270003]
[7,63.72063720637207,0,0.2700027000270003]
[6,63.85563855638557,0,0.2700027000270003]
[8,63.99063990639907,0,0.2700027000270003]
[3,64.12564125641256,0,0.2700027000270003]
[1,64.26064260642607,0,0.2700027000270003]
[0,64.39564395643957,0,0.2700027000270003]
[2,64.53064530645307,0,0.2700027000270003]
[3,64.66564665646656,0,0.2700027000270003]
[7,64.80064800648007,0,0.2700027000270003]
[0,65.00315003150033,0,0.2700027000270003]
[5,65.20565205652056,0,0.2700027000270003]
[6,65.40815408154081,0,0.2700027000270003]
[8,65.61065610656107,0,0.2700027000270003]
[4,65.74565745657458,0,0.2700027000270003]
[0,65.88065880658807,0,0.2700027000270003]
[2,66.08316083160832,0,0.2700027000270003]
[3,66.28566285662858,0,0.2700027000270003]
[8,66.48816488164881,0,0.2700027000270003]
[6,66.69066690666907,0,0.2700027000270003]
[4,66.82566825668258,0,0.2700027000270003]
[2,66.96066960669607,0,0.2700027000270003]
[0,67.16317163171632,0,0.2700027000270003]
[5,67.36567365673658,0,0.2700027000270003]
[6,67.56817568175683,0,0.2700027000270003]
[8,67.77067770677708,0,0.2700027000270003]
[4,67.90567905679058,0,0.2700027000270003]
[0,68.04068040680407,0,0.2700027000270003]
[2,68.24318243182432,0,0.2700027000270003]
[3,68.44568445684457,0,0.2700027000270003]
[4,68.58068580685807,0,0.2700027000270003]
[5,68.71568715687157,0,0.2700027000270003]
[6,68.85068850688508,0,0.2700027000270003]
[7,68.98568985689857,0,0.2700027000270003]
[8,69.12069120691207,0,0.2700027000270003]
[5,69.66069660696607,0,0.2700027000270003]
[6,69.79569795697958,0,0.2700027000270003]
[7,69.93069930699308,0,0.2700027000270003]
[8,70.06570065700657,0,0.2700027000270003]
[4,70.20070200702007,0,0.2700027000270003]
[0,70.33570335703358,0,0.2700027000270003]
[1,70.47070470704708,0,0.2700027000270003]
[2,70.60570605706057,0,0.2700027000270003]
[3,70.74070740707407,0,0.2700027000270003]
[5,70.87570875708758,0,0.2700027000270003]
[6,71.01071010710108,0,0.2700027000270003]
[7,71.14571145711457,0,0.2700027000270003]
[0,71.28071280712807,0,0.2700027000270003]
[1,71.41571415714158,0,0.2700027000270003]
[8,71.55071550715508,0,0.2700027000270003]
[7,71.68571685716857,0,0.2700027000270003]
[5,71.82071820718208,0,0.2700027000270003]
[4,71.95571955719558,0,0.2700027000270003]
[0,72.09072090720908,0,0.2700027000270003]
[1,72.22572225722257,0,0.2700027000270003]
[3,72.36072360723608,0,0.2700027000270003]
[8,72.56322563225633,0,0.2700027000270003]
[6,72.76572765727657,0,0.2700027000270003]
[5,72.96822968229682,0,0.2700027000270003]
[0,73.17073170731707,0,0.2700027000270003]
[1,73.30573305733058,0,0.2700027000270003]
[2,73.44073440734408,0,0.2700027000270003]
[6,73.57573575735758,0,0.2700027000270003]
[7,73.71073710737107,0,0.2700027000270003]
[5,73.84573845738458,0,0.2700027000270003]
[4,73.98073980739808,0,0.2700027000270003]
[0,74.11574115741158,0,0.2700027000270003]
[1,74.25074250742507,0,0.2700027000270003]
[7,74.52074520745208,0,2.160021600216002]
[3,74.61074610746108,0,2.160021600216002]
[5,74.70074700747008,0,2.160021600216002]
[0,74.79074790747909,0,2.160021600216002]
[2,74.92574925749258,0,0.2700027000270003]
[1,75.06075060750608,0,0.2700027000270003]
[3,75.26325263252633,0,0.2700027000270003]
[8,75.46575465754658,0,0.2700027000270003]
[6,75.60075600756008,0,0.2700027000270003]
[7,75.73575735757358,0,0.2700027000270003]
[3,75.87075870758709,0,0.2700027000270003]
[4,76.00576005760058,0,0.2700027000270003]
[2,76.14076140761408,0,0.2700027000270003]
[1,76.27576275762758,0,0.2700027000270003]
[5,76.41076410764109,0,0.2700027000270003]
[4,76.54576545765458,0,0.2700027000270003]
[6,76.68076680766808,0,0.2700027000270003]
[7,76.81576815768157,0,0.2700027000270003]
[3,76.95076950769509,0,0.2700027000270003]
[4,77.08577085770858,0,0.2700027000270003]
[2,77.22077220772208,0,0.2700027000270003]
[1,77.35577355773559,0,0.2700027000270003]
[5,77.49077490774908,0,0.2700027000270003]
[4,77.62577625776258,0,0.2700027000270003]
[6,77.76077760777608,0,0.2700027000270003]
[8,77.96327963279633,0,0.2700027000270003]
[0,78.16578165781658,0,0.2700027000270003]
[2,78.36828368283683,0,0.2700027000270003]
[6,78.57078570785708,0,0.2700027000270003]
[7,78.70578705787058,0,0.2700027000270003]
[8,78.84078840788408,0,0.2700027000270003]
[3,78.97578975789759,0,0.2700027000270003]
[5,79.11079110791108,0,0.2700027000270003]
[0,79.24579245792458,0,0.2700027000270003]
[1,79.38079380793809,0,0.2700027000270003]
[8,79.58329583295833,0,0.2700027000270003]
[6,79.78579785797858,0,0.2700027000270003]
[7,79.92079920799209,0,0.2700027000270003]
[2,80.12330123301234,0,0.2700027000270003]
[3,80.32580325803258,0,0.2700027000270003]
[8,80.52830528305283,0,0.2700027000270003]
[6,80.73080730807308,0,0.2700027000270003]
[7,80.86580865808659,0,0.2700027000270003]
[5,81.00081000810009,0,0.2700027000270003]
[4,81.13581135811359,0,0.2700027000270003]
[0,81.27081270812708,0,0.2700027000270003]
[1,81.40581405814059,0,0.2700027000270003]
[8,81.54081540815409,0,0.2700027000270003]
[7,81.67581675816758,0,0.2700027000270003]
[3,81.81081810818108,0,0.2700027000270003]
[4,81.94581945819459,0,0.2700027000270003]
[2,82.08082080820809,0,0.2700027000270003]
[0,82.35082350823508,0,0.2700027000270003]
[8,82.48582485824859,0,0.2700027000270003]
[3,82.62082620826209,0,0.2700027000270003]
[5,82.75582755827558,0,0.2700027000270003]
[6,82.8908289082891,0,0.2700027000270003]
[2,83.02583025830259,0,0.2700027000270003]
[7,83.16083160831609,0,0.2700027000270003]
[1,83.29583295832958,0,0.2700027000270003]
[8,83.4308343083431,0,0.2700027000270003]
[0,83.56583565835659,0,0.2700027000270003]
[5,83.70083700837009,0,0.2700027000270003]
[3,83.83583835838358,0,0.2700027000270003]
[2,83.9708397083971,0,0.2700027000270003]
[6,84.10584105841059,0,0.2700027000270003]
[1,84.24084240842409,0,0.2700027000270003]
[7,84.37584375843758,0,0.2700027000270003]
[8,84.5108451084511,0,0.2700027000270003]
[0,84.64584645846459,0,0.2700027000270003]
[5,84.78084780847809,0,0.2700027000270003]
[3,84.9158491584916,0,0.2700027000270003]
[2,85.05085050850509,0,0.2700027000270003]
[6,85.18585185851859,0,0.2700027000270003]
[1,85.32085320853209,0,0.2700027000270003]
[7,85.4558545585456,0,0.2700027000270003]
[0,85.59085590855909,0,0.2700027000270003]
[5,85.72585725857259,0,0.2700027000270003]
[6,85.86085860858608,0,0.2700027000270003]
[8,85.9958599585996,0,0.2700027000270003]
[3,86.13086130861309,0,0.2700027000270003]
[2,86.26586265862659,0,0.2700027000270003]
[0,86.4008640086401,0,0.2700027000270003]
[8,86.5358653586536,0,0.2700027000270003]
[3,86.67086670866709,0,0.2700027000270003]
[5,86.80586805868059,0,0.2700027000270003]
[6,86.9408694086941,0,0.2700027000270003]
[2,87.0758707587076,0,0.2700027000270003]
[7,87.21087210872109,0,0.2700027000270003]
[1,87.34587345873459,0,0.2700027000270003]
[8,87.4808748087481,0,0.2700027000270003]
[0,87.6158761587616,0,0.2700027000270003]
[5,87.75087750877509,0,0.2700027000270003]
[3,87.88587885878859,0,0.2700027000270003]
[2,88.0208802088021,0,0.2700027000270003]
[6,88.1558815588156,0,0.2700027000270003]
[1,88.29088290882909,0,0.2700027000270003]
[7,88.4258842588426,0,0.2700027000270003]
[0,88.5608856088561,0,0.2700027000270003]
[8,88.6958869588696,0,0.2700027000270003]
[3,88.83088830888309,0,0.2700027000270003]
[5,88.9658896588966,0,0.2700027000270003]
[6,89.1008910089101,0,0.2700027000270003]
[2,89.23589235892359,0,0.2700027000270003]
[7,89.37089370893709,0,0.2700027000270003]
[1,89.5058950589506,0,0.2700027000270003]
[0,89.6408964089641,0,0.2700027000270003]
[8,89.77589775897759,0,0.2700027000270003]
[6,89.91089910899109,0,0.2700027000270003]
[2,90.0459004590046,0,0.2700027000270003]
[0,90.1809018090181,0,0.2700027000270003]
[3,90.4509045090451,0,0.2700027000270003]
[5,90.4509045090451,0,0.2700027000270003]
[8,90.7209072090721,0,0.2700027000270003]
[7,90.85590855908559,0,0.2700027000270003]
[6,90.9909099090991,0,0.2700027000270003]
[5,91.1259112591126,0,0.2700027000270003]
[4,91.2609126091261,0,0.2700027000270003]
[3,91.39591395913959,0,0.2700027000270003]
[2,91.5309153091531,0,0.2700027000270003]
[1,91.6659166591666,0,0.2700027000270003]
[0,91.8009180091801,0,0.2700027000270003]
[8,91.93591935919359,0,0.2700027000270003]
[7,92.0709207092071,0,0.2700027000270003]
[6,92.2059220592206,0,0.2700027000270003]
[5,92.3409234092341,0,0.2700027000270003]
[4,92.4759247592476,0,0.2700027000270003]
[3,92.6109261092611,0,0.2700027000270003]
[2,92.7459274592746,0,0.2700027000270003]
[1,92.8809288092881,0,0.2700027000270003]
[0,93.0159301593016,0,0.2700027000270003]
[8,93.1509315093151,0,0.2700027000270003]
[7,93.2859328593286,0,0.2700027000270003]
[6,93.4209342093421,0,0.2700027000270003]
[5,93.5559355593556,0,0.2700027000270003]
[4,93.6909369093691,0,0.2700027000270003]
[3,93.8259382593826,0,0.2700027000270003]
[2,93.9609396093961,0,0.2700027000270003]
[1,94.0959409594096,0,0.2700027000270003]
[0,94.2309423094231,0,0.2700027000270003]
[8,94.3659436594366,0,0.2700027000270003]
[7,94.5009450094501,0,0.2700027000270003]
[6,94.6359463594636,0,0.2700027000270003]
[5,94.7709477094771,0,0.2700027000270003]
[4,94.9059490594906,0,0.2700027000270003]
[0,95.0409504095041,0,0.2700027000270003]
[1,95.1759517595176,0,0.2700027000270003]
[2,95.3109531095311,0,0.2700027000270003]
[3,95.4459544595446,0,0.2700027000270003]
[4,95.5809558095581,0,0.2700027000270003]
[5,95.7159571595716,0,0.2700027000270003]
[6,95.8509585095851,0,0.2700027000270003]
[7,95.98595985959861,0,0.2700027000270003]
[8,96.1209612096121,0,0.2700027000270003]
[3,96.2559625596256,0,0.2700027000270003]
[4,96.3909639096391,0,0.2700027000270003]
[5,96.52596525965261,0,0.2700027000270003]
[0,96.6609666096661,0,0.2700027000270003]
[1,96.7959679596796,0,0.2700027000270003]
[2,96.9309693096931,0,0.2700027000270003]
[3,97.06597065970661,0,0.2700027000270003]
[4,97.2009720097201,0,0.2700027000270003]
[5,97.3359733597336,0,0.2700027000270003]
[6,97.4709747097471,0,0.2700027000270003]
[7,97.60597605976061,0,0.2700027000270003]
[8,97.7409774097741,0,0.2700027000270003]
[3,97.8759787597876,0,0.2700027000270003]
[4,98.01098010980111,0,0.2700027000270003]
[5,98.1459814598146,0,0.2700027000270003]
[0,98.2809828098281,1,1.080010800108001]
[2,98.55098550985511,0,0.2700027000270003]
[2,98.8209882098821,0,0.2700027000270003]
[2,99.09099090990911,0,0.2700027000270003]
[5,99.3609936099361,1,1.080010800108001]
[3,99.63099630996311,0,0.2700027000270003]
[3,99.9009990099901,0,0.2700027000270003]
[3,100.17100171001711,0,0.2700027000270003]
[0,100.4410044100441,1,1.080010800108001]
[2,100.71100711007111,0,0.2700027000270003]
[2,100.9810098100981,0,0.2700027000270003]
[2,101.25101251012511,0,0.2700027000270003]
[5,101.52101521015211,1,1.080010800108001]
[3,101.79101791017911,0,0.2700027000270003]
[3,102.06102061020611,0,0.2700027000270003]
[3,102.3310233102331,0,0.2700027000270003]
[0,102.60102601026011,1,1.080010800108001]
[2,102.8710287102871,0,0.2700027000270003]
[2,103.14103141031411,0,0.2700027000270003]
[2,103.4110341103411,0,0.2700027000270003]
[5,103.68103681036811,1,1.080010800108001]
[3,103.9510395103951,0,0.2700027000270003]
[3,104.22104221042211,0,0.2700027000270003]
[3,104.4910449104491,0,0.2700027000270003]
[0,104.76104761047611,1,1.080010800108001]
[2,105.0310503105031,0,0.2700027000270003]
[2,105.30105301053011,0,0.2700027000270003]
[2,105.57105571055712,0,0.2700027000270003]
[5,105.84105841058411,0,0.2700027000270003]
[3,106.11106111061112,0,0.2700027000270003]
[3,106.38106381063811,0,0.2700027000270003]
[2,106.65106651066512,0,0.2700027000270003]
[2,106.92106921069211,0,0.2700027000270003]
[3,108.00108001080011,0,1.080010800108001]
[5,108.20358203582036,0,1.080010800108001]
[6,108.40608406084061,0,1.080010800108001]
[7,108.60858608586086,0,1.080010800108001]
[0,108.81108811088112,0,0.2700027000270003]
[1,108.94608946089461,0,0.2700027000270003]
[2,109.08109081090812,0,0.2700027000270003]
[3,109.28359283592836,0,1.080010800108001]
[8,109.48609486094861,0,1.080010800108001]
[7,109.68859688596886,0,1.080010800108001]
[0,109.89109891098911,0,0.2700027000270003]
[1,110.02610026100261,0,0.2700027000270003]
[2,110.16110161101612,0,0.2700027000270003]
[6,110.36360363603637,0,1.080010800108001]
[5,110.56610566105661,0,1.080010800108001]
[4,110.76860768607686,0,1.080010800108001]
[0,110.97110971109711,0,0.2700027000270003]
[1,111.10611106111062,0,0.2700027000270003]
[2,111.24111241112412,0,0.2700027000270003]
[3,111.44361443614437,0,1.080010800108001]
[8,111.64611646116462,0,0.2700027000270003]
[7,111.78111781117812,0,0.2700027000270003]
[6,111.91611916119162,0,0.2700027000270003]
[5,112.05112051120511,0,0.2700027000270003]
[4,112.18612186121862,0,0.2700027000270003]
[3,112.32112321123212,0,0.2700027000270003]
[2,112.86112861128612,0,0.2700027000270003]
[1,112.92862928629287,0,0.2700027000270003]
[0,112.99612996129962,0,0.2700027000270003]
[5,113.13113131131313,0,0.2700027000270003]
[4,113.19863198631987,0,0.2700027000270003]
[3,113.26613266132662,0,0.2700027000270003]
[8,113.40113401134012,0,0.2700027000270003]
[7,113.46863468634687,0,0.2700027000270003]
[6,113.53613536135362,0,0.2700027000270003]
[5,113.67113671136713,0,0.2700027000270003]
[4,113.73863738637387,0,0.2700027000270003]
[3,113.80613806138062,0,0.2700027000270003]
[2,113.94113941139412,0,0.2700027000270003]
[1,114.00864008640087,0,0.2700027000270003]
[0,114.07614076140761,0,0.2700027000270003]
[5,114.21114211142113,0,0.2700027000270003]
[4,114.27864278642787,0,0.2700027000270003]
[3,114.34614346143462,0,0.2700027000270003]
[8,114.48114481144812,0,0.2700027000270003]
[7,114.54864548645487,0,0.2700027000270003]
[6,114.61614616146163,0,0.2700027000270003]
[5,114.75114751147512,0,0.2700027000270003]
[4,114.81864818648187,0,0.2700027000270003]
[3,114.88614886148862,0,0.2700027000270003]
[2,115.02115021150212,0,0.2700027000270003]
[1,115.08865088650887,0,0.2700027000270003]
[0,115.15615156151563,0,0.2700027000270003]
[8,115.29115291152912,0,0.2700027000270003]
[7,115.35865358653587,0,0.2700027000270003]
[6,115.42615426154262,0,0.2700027000270003]
[0,115.56115561155612,0,1.080010800108001]
[3,115.76365763657637,0,1.080010800108001]
[6,115.96615966159662,0,1.080010800108001]
[1,116.64116641166413,0,0.2700027000270003]
[3,116.91116911169112,0,0.2700027000270003]
[7,117.18117181171813,0,0.2700027000270003]
[5,117.45117451174512,0,0.2700027000270003]
[0,117.72117721177213,0,2.160021600216002]
[2,117.81117811178113,0,2.160021600216002]
[3,117.90117901179013,0,2.160021600216002]
[5,117.99117991179914,0,2.160021600216002]
[7,118.12618126181262,0,0.2700027000270003]
[8,118.26118261182613,0,0.2700027000270003]
[6,118.46368463684638,0,0.2700027000270003]
[2,118.66618666186663,0,0.2700027000270003]
[1,118.80118801188013,0,0.2700027000270003]
[5,119.07119071190712,0,0.2700027000270003]
[7,119.34119341193413,0,0.2700027000270003]
[3,119.61119611196112,0,0.2700027000270003]
[2,119.88119881198813,0,0.2700027000270003]
[8,120.15120151201512,0,0.2700027000270003]
[6,120.42120421204213,0,0.2700027000270003]
[0,120.69120691206913,0,0.2700027000270003]
[5,120.96120961209613,0,0.2700027000270003]
[3,121.77121771217713,0,0.2700027000270003]
[2,121.90621906219063,0,0.2700027000270003]
[6,122.04122041220413,0,0.2700027000270003]
[8,122.58122581225813,0,0.2700027000270003]
[3,122.78372783727838,0,0.2700027000270003]
[2,122.98622986229863,0,0.2700027000270003]
[6,123.12123121231213,0,0.2700027000270003]
[3,123.93123931239313,0,0.2700027000270003]
[4,124.06624066240663,0,0.2700027000270003]
[5,124.20124201242014,0,0.2700027000270003]
[0,124.47124471244713,0,0.2700027000270003]
[8,124.74124741247414,0,0.2700027000270003]
[6,125.01125011250113,0,0.2700027000270003]
[2,125.28125281252814,0,0.2700027000270003]
[0,125.48375483754839,0,0.2700027000270003]
[5,125.68625686256863,0,0.2700027000270003]
[6,125.88875888758888,0,0.2700027000270003]
[8,126.09126091260913,0,0.2700027000270003]
[4,126.22626226262264,0,0.2700027000270003]
[0,126.36126361263614,0,0.2700027000270003]
[5,126.56376563765639,0,0.2700027000270003]
[6,126.76626766267664,0,0.2700027000270003]
[2,126.96876968769689,0,0.2700027000270003]
[0,127.17127171271713,0,0.2700027000270003]
[4,127.30627306273064,0,0.2700027000270003]
[8,127.44127441274414,0,0.2700027000270003]
[6,127.64377643776439,0,0.2700027000270003]
[5,127.84627846278464,0,0.2700027000270003]
[0,128.0487804878049,0,0.2700027000270003]
[2,128.25128251282513,0,0.2700027000270003]
[4,128.38628386283864,0,0.2700027000270003]
[6,128.52128521285215,0,0.2700027000270003]
[5,128.7237872378724,0,0.2700027000270003]
[0,128.92628926289262,0,0.2700027000270003]
[1,129.06129061290613,0,0.2700027000270003]
[3,129.19629196291964,0,0.2700027000270003]
[4,129.33129331293313,0,0.2700027000270003]
[8,129.46629466294664,0,0.2700027000270003]
[7,129.60129601296015,0,0.2700027000270003]
[0,130.14130141301413,0,0.2700027000270003]
[2,130.27630276302764,0,0.2700027000270003]
[3,130.41130411304113,0,0.2700027000270003]
[4,130.54630546305464,0,0.2700027000270003]
[8,130.68130681306815,0,0.2700027000270003]
[7,130.81630816308163,0,0.2700027000270003]
[0,130.95130951309514,0,0.2700027000270003]
[2,131.08631086310865,0,0.2700027000270003]
[3,131.22131221312213,0,0.2700027000270003]
[4,131.35631356313564,0,0.2700027000270003]
[8,131.49131491314915,0,0.2700027000270003]
[7,131.62631626316264,0,0.2700027000270003]
[0,131.76131761317615,0,0.2700027000270003]
[2,131.89631896318963,0,0.2700027000270003]
[3,132.03132031320314,0,0.2700027000270003]
[4,132.16632166321665,0,0.2700027000270003]
[8,132.30132301323013,0,0.2700027000270003]
[7,132.43632436324364,0,0.2700027000270003]
[0,132.57132571325715,0,0.2700027000270003]
[2,132.70632706327063,0,0.2700027000270003]
[3,132.84132841328415,0,0.2700027000270003]
[0,133.92133921339214,0,0.2700027000270003]
[1,134.05634056340566,0,0.2700027000270003]
[5,134.19134191341914,0,0.2700027000270003]
[4,134.32634326343265,0,0.2700027000270003]
[6,134.46134461344613,0,0.2700027000270003]
[7,134.59634596345964,0,0.2700027000270003]
[2,134.73134731347315,0,0.2700027000270003]
[3,135.00135001350014,0,2.160021600216002]
[5,135.09135091350916,0,2.160021600216002]
[6,135.18135181351815,0,2.160021600216002]
[8,135.27135271352714,0,2.160021600216002]
[0,135.40635406354065,0,0.2700027000270003]
[2,135.54135541355416,0,0.2700027000270003]
[7,135.7438574385744,0,0.2700027000270003]
[3,135.94635946359463,0,0.2700027000270003]
[5,136.08136081360814,0,0.2700027000270003]
[0,136.21636216362165,0,0.2700027000270003]
[2,136.35136351363514,0,0.2700027000270003]
[6,136.48636486364865,0,0.2700027000270003]
[8,136.62136621366216,0,0.2700027000270003]
[0,137.16137161371614,0,0.2700027000270003]
[1,137.29637296372965,0,0.2700027000270003]
[3,137.43137431374313,0,0.2700027000270003]
[4,137.56637566375665,0,0.2700027000270003]
[6,137.70137701377016,0,0.2700027000270003]
[7,137.83637836378364,0,0.2700027000270003]
[2,137.97137971379715,0,0.2700027000270003]
[1,138.10638106381066,0,0.2700027000270003]
[0,138.24138241382414,0,0.2700027000270003]
[5,138.4438844388444,0,0.2700027000270003]
[6,138.64638646386464,0,0.2700027000270003]
[3,139.05139051390515,0,0.2700027000270003]
[4,139.18639186391866,0,0.2700027000270003]
[2,139.32139321393214,0,0.2700027000270003]
[1,139.45639456394565,0,0.2700027000270003]
[6,139.59139591395916,0,0.2700027000270003]
[5,139.86139861398615,0,0.2700027000270003]
[0,140.0639006390064,0,0.2700027000270003]
[8,140.26640266402666,0,0.2700027000270003]
[7,140.40140401404014,0,0.2700027000270003]
[6,141.21141211412115,0,0.2700027000270003]
[7,141.34641346413466,0,0.2700027000270003]
[8,141.48141481414814,0,0.2700027000270003]
[0,141.75141751417516,0,0.2700027000270003]
[2,142.02142021420215,0,0.2700027000270003]
[6,142.29142291422914,0,0.2700027000270003]
[8,142.56142561425614,0,1.080010800108001]
[7,142.69642696426965,0,1.080010800108001]
[5,142.83142831428316,0,1.080010800108001]
[4,142.96642966429664,0,1.080010800108001]
[0,143.10143101431015,0,1.080010800108001]
[1,143.23643236432366,0,1.080010800108001]
[3,143.37143371433714,0,1.080010800108001]
[4,143.50643506435065,0,1.080010800108001]
[8,143.64143641436416,0,1.080010800108001]
[7,143.77643776437765,0,1.080010800108001]
[5,143.91143911439116,0,1.080010800108001]
[4,144.04644046440464,0,1.080010800108001]
[0,144.18144181441815,0,1.080010800108001]
[1,144.31644316443166,0,1.080010800108001]
[3,144.45144451444514,0,1.080010800108001]
[4,144.58644586445865,0,1.080010800108001]
[8,144.72144721447216,0,1.080010800108001]
[7,144.85644856448565,0,1.080010800108001]
[5,144.99144991449916,0,1.080010800108001]
[4,145.12645126451267,0,1.080010800108001]
[0,145.26145261452615,0,1.080010800108001]
[1,145.39645396453966,0,1.080010800108001]
[3,145.53145531455314,0,1.080010800108001]
[4,145.66645666456665,0,1.080010800108001]
[8,145.80145801458016,0,1.080010800108001]
[7,145.93645936459365,0,1.080010800108001]
[5,146.07146071460716,0,1.080010800108001]
[4,146.20646206462067,0,1.080010800108001]
[0,146.34146341463415,0,1.080010800108001]
[1,146.47646476464766,0,1.080010800108001]
[3,146.61146611466117,0,1.080010800108001]
[4,146.74646746467465,0,1.080010800108001]
[8,146.88146881468816,1,2.160021600216002]
[1,150.39150391503915,0,0.2700027000270003]
[0,150.39150391503915,0,0.2700027000270003]
[8,150.66150661506617,0,0.2700027000270003]
[4,150.8640086400864,0,0.2700027000270003]
[3,150.8640086400864,0,0.2700027000270003]
[2,151.06651066510665,0,0.2700027000270003]
[7,151.20151201512016,0,0.2700027000270003]
[6,151.20151201512016,0,0.2700027000270003]
[1,152.01152011520117,0,0.2700027000270003]
[0,152.01152011520117,0,0.2700027000270003]
[5,152.14652146521468,0,0.2700027000270003]
[4,152.14652146521468,0,0.2700027000270003]
[7,152.41652416524167,0,0.2700027000270003]
[6,152.41652416524167,0,0.2700027000270003]
[2,152.55152551525515,0,0.2700027000270003]
[5,152.82152821528217,0,0.2700027000270003]
[4,152.82152821528217,0,0.2700027000270003]
[0,152.95652956529565,0,0.2700027000270003]
[8,153.09153091530916,0,0.2700027000270003]
[7,153.09153091530916,0,0.2700027000270003]
[3,153.36153361533616,0,0.2700027000270003]
[2,153.36153361533616,0,0.2700027000270003]
[0,153.90153901539017,0,0.2700027000270003]
[5,153.90153901539017,0,0.2700027000270003]
[2,154.44154441544416,0,0.2700027000270003]
[6,154.44154441544416,0,0.2700027000270003]
[0,154.71154711547118,0,0.2700027000270003]
[8,154.71154711547118,0,0.2700027000270003]
[2,154.98154981549817,0,0.2700027000270003]
[6,154.98154981549817,0,0.2700027000270003]
[0,155.25155251552516,0,0.2700027000270003]
[8,155.25155251552516,0,0.2700027000270003]
[3,155.52155521555216,0,0.2700027000270003]
[5,155.52155521555216,0,0.2700027000270003]
[2,155.79155791557918,0,0.2700027000270003]
[6,155.79155791557918,0,0.2700027000270003]
[5,156.06156061560617,0,0.2700027000270003]
[3,156.06156061560617,0,0.2700027000270003]
[0,156.33156331563316,0,0.2700027000270003]
[8,156.33156331563316,0,0.2700027000270003]
[3,156.60156601566015,0,0.2700027000270003]
[5,156.60156601566015,0,0.2700027000270003]
[2,156.87156871568718,0,0.2700027000270003]
[6,156.87156871568718,0,0.2700027000270003]
[5,157.14157141571417,0,0.2700027000270003]
[3,157.14157141571417,0,0.2700027000270003]
[0,157.41157411574116,0,0.2700027000270003]
[8,157.41157411574116,0,0.2700027000270003]
[5,157.68157681576815,0,0.2700027000270003]
[3,157.68157681576815,0,0.2700027000270003]
[1,157.95157951579517,0,0.2700027000270003]
[6,157.95157951579517,0,0.2700027000270003]
[3,158.22158221582217,0,0.2700027000270003]
[5,158.22158221582217,0,0.2700027000270003]
[1,158.49158491584916,0,0.2700027000270003]
[8,158.49158491584916,0,0.2700027000270003]
[5,158.76158761587618,0,0.2700027000270003]
[3,158.76158761587618,0,0.2700027000270003]
[1,159.03159031590317,0,0.2700027000270003]
[6,159.03159031590317,0,0.2700027000270003]
[5,159.30159301593017,0,0.2700027000270003]
[3,159.30159301593017,0,0.2700027000270003]
[1,159.57159571595716,0,0.2700027000270003]
[8,159.57159571595716,0,0.2700027000270003]
[5,159.84159841598418,0,0.2700027000270003]
[3,159.84159841598418,0,0.2700027000270003]
[2,160.11160111601117,0,0.2700027000270003]
[6,160.11160111601117,0,0.2700027000270003]
[5,160.38160381603817,0,0.2700027000270003]
[3,160.38160381603817,0,0.2700027000270003]
[0,160.65160651606516,0,0.2700027000270003]
[8,160.65160651606516,0,0.2700027000270003]
[5,160.92160921609218,0,0.2700027000270003]
[3,160.92160921609218,0,0.2700027000270003]
[2,161.19161191611917,0,0.2700027000270003]
[6,161.19161191611917,0,0.2700027000270003]
[5,161.46161461614616,0,0.2700027000270003]
[3,161.46161461614616,0,0.2700027000270003]
[0,161.73161731617319,0,0.2700027000270003]
[8,161.73161731617319,0,0.2700027000270003]
[5,162.00162001620018,0,0.2700027000270003]
[3,162.00162001620018,0,0.2700027000270003]
[6,162.54162541625416,0,0.2700027000270003]
[2,162.54162541625416,0,0.2700027000270003]
[5,163.08163081630818,0,0.2700027000270003]
[4,163.08163081630818,0,0.2700027000270003]
[3,163.08163081630818,0,0.2700027000270003]
[0,163.35163351633517,0,0.2700027000270003]
[1,163.35163351633517,0,0.2700027000270003]
[2,163.35163351633517,0,0.2700027000270003]
[5,163.62163621636216,0,0.2700027000270003]
[4,163.62163621636216,0,0.2700027000270003]
[3,163.62163621636216,0,0.2700027000270003]
[8,163.89163891638918,0,0.2700027000270003]
[7,163.89163891638918,0,0.2700027000270003]
[6,163.89163891638918,0,0.2700027000270003]
[5,164.16164161641618,0,2.160021600216002]
[0,164.43164431644317,0,2.160021600216002]
[1,164.56664566645668,0,0.2700027000270003]
[8,164.70164701647016,0,0.2700027000270003]
[7,164.70164701647016,0,0.2700027000270003]
[6,164.97164971649718,0,0.2700027000270003]
[2,165.10665106651066,0,0.2700027000270003]
[4,165.24165241652418,0,0.2700027000270003]
[3,165.24165241652418,0,0.2700027000270003]
[0,165.51165511655117,0,2.160021600216002]
[8,165.51165511655117,0,0.2700027000270003]
[2,165.71415714157143,0,2.160021600216002]
[6,165.71415714157143,0,2.160021600216002]
[5,165.91665916659167,0,2.160021600216002]
[3,165.91665916659167,0,2.160021600216002]
[0,166.11916119161194,0,2.160021600216002]
[8,166.11916119161194,0,2.160021600216002]
[6,166.32166321663217,0,2.160021600216002]
[2,166.45666456664568,0,0.2700027000270003]
[1,166.52416524165244,0,0.2700027000270003]
[0,166.59166591665917,0,0.2700027000270003]
[6,166.8616686166862,0,0.2700027000270003]
[7,166.92916929169292,0,0.2700027000270003]
[5,166.99666996669967,0,0.2700027000270003]
[4,167.06417064170643,0,0.2700027000270003]
[0,167.13167131671318,0,0.2700027000270003]
[8,167.33417334173342,0,0.2700027000270003]
[3,167.53667536675368,0,0.2700027000270003]
[2,167.67167671676717,0,0.2700027000270003]
[0,167.9416794167942,0,2.160021600216002]
[5,168.14418144181442,0,2.160021600216002]
[6,168.3466834668347,0,2.160021600216002]
[7,168.48168481684817,0,2.160021600216002]
[2,168.88668886688868,0,2.160021600216002]
[1,169.0216902169022,0,2.160021600216002]
[6,169.29169291692918,0,0.2700027000270003]
[8,169.35919359193593,0,0.2700027000270003]
[3,169.4266942669427,0,0.2700027000270003]
[4,169.49419494194942,0,0.2700027000270003]
[0,169.56169561695617,0,0.2700027000270003]
[8,169.8316983169832,0,0.2700027000270003]
[6,169.89919899198992,0,0.2700027000270003]
[4,169.96669966699667,0,0.2700027000270003]
[3,170.03420034200343,0,0.2700027000270003]
[2,170.10170101701019,0,0.2700027000270003]
[6,170.37170371703718,0,0.2700027000270003]
[8,170.43920439204393,0,0.2700027000270003]
[3,170.5067050670507,0,0.2700027000270003]
[4,170.57420574205744,0,0.2700027000270003]
[0,170.64170641706417,0,0.2700027000270003]
[3,170.9117091170912,0,2.160021600216002]
[2,171.18171181711818,0,2.160021600216002]
[0,171.38421384213842,0,2.160021600216002]
[8,171.5867158671587,0,2.160021600216002]
[6,171.78921789217893,0,2.160021600216002]
[2,171.9917199171992,0,2.160021600216002]
[3,172.19422194221943,0,2.160021600216002]
[5,172.3967239672397,0,2.160021600216002]
[6,172.59922599225993,0,2.160021600216002]
[8,172.8017280172802,0,2.160021600216002]
[0,173.61173611736118,0,2.160021600216002]
[2,173.7467374673747,0,2.160021600216002]
[6,174.1517415174152,0,2.160021600216002]
[5,174.28674286742867,0,2.160021600216002]
[0,174.42174421744218,0,2.160021600216002]
[2,174.5567455674557,0,2.160021600216002]
[3,174.69174691746917,0,2.160021600216002]
[8,174.9617496174962,0,0.2700027000270003]
[3,175.09675096750968,0,2.160021600216002]
[2,175.2317523175232,0,0.2700027000270003]
[3,175.3667536675367,0,2.160021600216002]
[8,175.50175501755018,0,0.2700027000270003]
[3,175.6367563675637,0,2.160021600216002]
[2,175.77175771757717,0,0.2700027000270003]
[3,175.90675906759068,0,2.160021600216002]
[2,176.3117631176312,0,0.2700027000270003]
[0,176.4467644676447,0,2.160021600216002]
[8,176.58176581765818,0,0.2700027000270003]
[6,176.7167671676717,0,0.2700027000270003]
[5,176.8517685176852,0,0.2700027000270003]
[6,177.1217712177122,0,0.2700027000270003]
[7,177.25677256772568,0,0.2700027000270003]
[3,177.5267752677527,0,0.2700027000270003]
[4,177.66177661776618,0,0.2700027000270003]
[0,177.9317793177932,0,0.2700027000270003]
[1,178.06678066780668,0,0.2700027000270003]
[6,178.33678336783368,0,0.2700027000270003]
[7,178.47178471784719,0,0.2700027000270003]
[2,178.74178741787418,0,2.160021600216002]
[3,179.0117901179012,0,2.160021600216002]
[5,179.14679146791468,0,2.160021600216002]
[0,179.2817928179282,0,2.160021600216002]
[6,179.55179551795518,0,2.160021600216002]
[7,179.6867968679687,0,2.160021600216002]
[8,179.82179821798218,0,2.160021600216002]
[5,180.0918009180092,0,2.160021600216002]
[3,180.22680226802268,0,2.160021600216002]
[2,180.3618036180362,0,2.160021600216002]
[0,180.4968049680497,0,0.2700027000270003]
[8,180.63180631806318,0,2.160021600216002]
[7,180.7668076680767,0,2.160021600216002]
[6,180.9018090180902,0,2.160021600216002]
[2,181.4418144181442,0,2.160021600216002]
[4,181.5768157681577,0,2.160021600216002]
[6,181.71181711817118,0,2.160021600216002]
[8,181.8468184681847,0,2.160021600216002]
[3,181.9818198181982,0,2.160021600216002]
[5,182.1168211682117,0,2.160021600216002]
[0,182.3868238682387,0,0.2700027000270003]
[2,182.6568265682657,0,0.2700027000270003]
[6,182.79182791827918,0,0.2700027000270003]
[7,182.85932859328594,0,0.2700027000270003]
[8,182.9268292682927,0,0.2700027000270003]
[4,183.0618306183062,0,0.2700027000270003]
[0,183.3318333183332,0,0.2700027000270003]
[1,183.39933399333995,0,0.2700027000270003]
[2,183.4668346683467,0,0.2700027000270003]
[4,183.6018360183602,0,0.2700027000270003]
[8,183.87183871838718,0,0.2700027000270003]
[6,184.27684276842768,0,2.160021600216002]
[8,184.5468454684547,0,2.160021600216002]
[0,184.9518495184952,0,0.2700027000270003]
[2,185.01935019350194,0,0.2700027000270003]
[3,185.0868508685087,0,0.2700027000270003]
[5,185.15435154351545,0,0.2700027000270003]
[6,185.2218522185222,0,0.2700027000270003]
[0,185.4918549185492,0,0.2700027000270003]
[1,185.55935559355595,0,0.2700027000270003]
[3,185.6268562685627,0,0.2700027000270003]
[4,185.69435694356946,0,0.2700027000270003]
[6,185.7618576185762,0,0.2700027000270003]
[0,186.0318603186032,0,2.160021600216002]
[5,186.3018630186302,0,2.160021600216002]
[6,186.50436504365044,0,2.160021600216002]
[8,186.7068670686707,0,2.160021600216002]
[3,186.90936909369094,0,2.160021600216002]
[2,187.1118711187112,0,2.160021600216002]
[0,187.31437314373144,0,2.160021600216002]
[5,187.5168751687517,0,2.160021600216002]
[6,187.6518765187652,0,2.160021600216002]
[7,187.71937719377195,0,2.160021600216002]
[8,187.7868778687787,0,2.160021600216002]
[3,187.85437854378546,0,2.160021600216002]
[4,187.9218792187922,0,2.160021600216002]
[2,188.0568805688057,0,2.160021600216002]
[0,188.1918819188192,0,2.160021600216002]
[5,188.3268832688327,0,2.160021600216002]
[6,188.4618846188462,0,2.160021600216002]
[8,188.5968859688597,0,2.160021600216002]
[3,188.7318873188732,0,2.160021600216002]
[5,188.8668886688867,0,2.160021600216002]
[1,189.0018900189002,0,2.160021600216002]
[2,189.2718927189272,0,0.2700027000270003]
[0,189.2718927189272,0,0.2700027000270003]
[3,189.5418954189542,0,0.2700027000270003]
[5,189.5418954189542,0,0.2700027000270003]
[8,189.8118981189812,0,0.2700027000270003]
[6,189.8118981189812,0,0.2700027000270003]
[5,190.0819008190082,0,2.160021600216002]
[0,190.2169021690217,0,2.160021600216002]
[2,190.3519035190352,0,2.160021600216002]
[3,190.48690486904871,0,2.160021600216002]
[8,190.6219062190622,0,2.160021600216002]
[6,190.7569075690757,0,2.160021600216002]
[5,190.8919089190892,0,2.160021600216002]
[0,191.0269102691027,0,2.160021600216002]
[2,191.1619116191162,0,2.160021600216002]
[6,191.2969129691297,0,0.2700027000270003]
[7,191.36441364413645,0,0.2700027000270003]
[8,191.4319143191432,0,0.2700027000270003]
[3,191.5669156691567,0,2.160021600216002]
[5,191.7019170191702,0,2.160021600216002]
[0,191.8369183691837,0,0.2700027000270003]
[1,191.90441904419046,0,0.2700027000270003]
[2,191.97191971919722,0,0.2700027000270003]
[6,192.1069210692107,0,2.160021600216002]
[5,192.2419224192242,0,2.160021600216002]
[0,192.3769237692377,0,2.160021600216002]
[2,192.5119251192512,0,2.160021600216002]
[4,192.7819278192782,0,2.160021600216002]
[3,192.98442984429846,0,2.160021600216002]
[8,193.1869318693187,0,2.160021600216002]
[0,193.3219332193322,0,0.2700027000270003]
[1,193.38943389433896,0,0.2700027000270003]
[2,193.45693456934572,0,0.2700027000270003]
[6,193.5919359193592,0,0.2700027000270003]
[7,193.65943659436596,0,0.2700027000270003]
[8,193.7269372693727,0,0.2700027000270003]
[3,193.8619386193862,0,0.2700027000270003]
[4,193.92943929439295,0,0.2700027000270003]
[5,193.9969399693997,0,0.2700027000270003]
[0,194.13194131941322,0,2.160021600216002]
[2,194.4019440194402,0,2.160021600216002]
[6,194.53694536945372,0,0.2700027000270003]
[7,194.60444604446045,0,0.2700027000270003]
[8,194.6719467194672,0,0.2700027000270003]
[0,194.8069480694807,0,2.160021600216002]
[5,194.9419494194942,0,0.2700027000270003]
[4,195.00945009450095,0,0.2700027000270003]
[3,195.0769507695077,0,0.2700027000270003]
[8,195.21195211952121,0,2.160021600216002]
[6,195.3469534695347,0,2.160021600216002]
[2,195.4819548195482,0,2.160021600216002]
[3,195.7519575195752,0,0.2700027000270003]
[4,195.81945819458196,0,0.2700027000270003]
[5,195.8869588695887,0,0.2700027000270003]
[6,196.02196021960222,0,2.160021600216002]
[3,196.2919629196292,0,0.2700027000270003]
[4,196.35946359463597,0,0.2700027000270003]
[5,196.4269642696427,0,0.2700027000270003]
[0,196.5619656196562,0,2.160021600216002]
[3,196.8319683196832,0,0.2700027000270003]
[4,196.89946899468995,0,0.2700027000270003]
[5,196.9669696696967,0,0.2700027000270003]
[7,197.10197101971022,0,0.2700027000270003]
[3,197.3719737197372,0,0.2700027000270003]
[4,197.43947439474397,0,0.2700027000270003]
[5,197.50697506975072,0,0.2700027000270003]
[1,197.6419764197642,0,0.2700027000270003]
[3,197.9119791197912,0,0.2700027000270003]
[4,197.97947979479795,0,0.2700027000270003]
[5,198.0469804698047,0,0.2700027000270003]
[8,198.18198181981822,0,0.2700027000270003]
[3,198.4519845198452,0,2.160021600216002]
[4,198.51948519485197,0,2.160021600216002]
[5,198.58698586985872,0,2.160021600216002]
[2,198.7219872198722,0,0.2700027000270003]
[3,198.9919899198992,0,2.160021600216002]
[4,199.05949059490595,0,2.160021600216002]
[5,199.1269912699127,0,2.160021600216002]
[6,199.26199261992622,0,2.160021600216002]
[3,199.5319953199532,0,2.160021600216002]
[4,199.59949599495997,0,2.160021600216002]
[5,199.66699666996672,0,2.160021600216002]
[0,199.8019980199802,0,2.160021600216002]
[3,200.07200072000722,0,2.160021600216002]
[4,200.13950139501395,0,2.160021600216002]
[5,200.2070020700207,0,2.160021600216002]
[7,200.34200342003422,0,0.2700027000270003]
[3,200.6120061200612,0,2.160021600216002]
[4,200.67950679506797,0,2.160021600216002]
[5,200.74700747007472,0,2.160021600216002]
[1,200.8820088200882,0,0.2700027000270003]
[0,201.08451084510847,0,0.2700027000270003]
[5,201.28701287012868,0,0.2700027000270003]
[6,201.48951489514894,0,0.2700027000270003]
[8,201.69201692016918,0,0.2700027000270003]
[4,201.8270182701827,0,0.2700027000270003]
[0,201.9620196201962,0,0.2700027000270003]
[2,202.16452164521644,0,0.2700027000270003]
[3,202.36702367023668,0,0.2700027000270003]
[8,202.5695256952569,0,0.2700027000270003]
[6,202.77202772027718,0,0.2700027000270003]
[4,202.9070290702907,0,0.2700027000270003]
[2,203.04203042030417,0,0.2700027000270003]
[0,203.24453244532444,0,0.2700027000270003]
[5,203.4470344703447,0,0.2700027000270003]
[6,203.64953649536494,0,0.2700027000270003]
[8,203.85203852038518,0,0.2700027000270003]
[4,203.9870398703987,0,0.2700027000270003]
[0,204.1220412204122,0,0.2700027000270003]
[2,204.32454324543244,0,0.2700027000270003]
[3,204.52704527045267,0,0.2700027000270003]
[4,204.66204662046619,0,0.2700027000270003]
[5,204.7970479704797,0,0.2700027000270003]
[6,204.9320493204932,0,0.2700027000270003]
[7,205.0670506705067,0,0.2700027000270003]
[8,205.20205202052017,0,0.2700027000270003]
[5,205.74205742057418,0,0.2700027000270003]
[6,205.8770587705877,0,0.2700027000270003]
[7,206.01206012060118,0,0.2700027000270003]
[8,206.1470614706147,0,0.2700027000270003]
[4,206.2820628206282,0,0.2700027000270003]
[0,206.4170641706417,0,0.2700027000270003]
[1,206.5520655206552,0,0.2700027000270003]
[2,206.68706687066867,0,0.2700027000270003]
[3,206.82206822068218,0,0.2700027000270003]
[5,206.9570695706957,0,0.2700027000270003]
[6,207.0920709207092,0,0.2700027000270003]
[7,207.2270722707227,0,0.2700027000270003]
[0,207.36207362073617,0,0.2700027000270003]
[1,207.49707497074968,0,0.2700027000270003]
[8,207.6320763207632,0,0.2700027000270003]
[7,207.7670776707767,0,0.2700027000270003]
[5,207.9020790207902,0,0.2700027000270003]
[4,208.0370803708037,0,0.2700027000270003]
[0,208.17208172081718,0,0.2700027000270003]
[1,208.30708307083069,0,0.2700027000270003]
[3,208.4420844208442,0,0.2700027000270003]
[8,208.64458644586443,0,0.2700027000270003]
[6,208.84708847088467,0,0.2700027000270003]
[5,209.04959049590494,0,0.2700027000270003]
[0,209.2520925209252,0,0.2700027000270003]
[1,209.3870938709387,0,0.2700027000270003]
[2,209.5220952209522,0,0.2700027000270003]
[6,209.65709657096568,0,0.2700027000270003]
[7,209.7920979209792,0,0.2700027000270003]
[5,209.9270992709927,0,0.2700027000270003]
[4,210.0621006210062,0,0.2700027000270003]
[0,210.1971019710197,0,0.2700027000270003]
[1,210.33210332103317,0,0.2700027000270003]
[7,210.6021060210602,0,2.160021600216002]
[3,210.69210692106918,0,2.160021600216002]
[5,210.7821078210782,0,2.160021600216002]
[0,210.87210872108722,0,2.160021600216002]
[2,211.0071100711007,0,0.2700027000270003]
[1,211.14211142111418,0,0.2700027000270003]
[3,211.34461344613445,0,0.2700027000270003]
[8,211.5471154711547,0,0.2700027000270003]
[6,211.6821168211682,0,0.2700027000270003]
[7,211.81711817118168,0,0.2700027000270003]
[3,211.9521195211952,0,0.2700027000270003]
[4,212.0871208712087,0,0.2700027000270003]
[2,212.2221222212222,0,0.2700027000270003]
[1,212.3571235712357,0,0.2700027000270003]
[5,212.4921249212492,0,0.2700027000270003]
[4,212.62712627126268,0,0.2700027000270003]
[6,212.7621276212762,0,0.2700027000270003]
[7,212.8971289712897,0,0.2700027000270003]
[3,213.0321303213032,0,0.2700027000270003]
[4,213.1671316713167,0,0.2700027000270003]
[2,213.30213302133018,0,0.2700027000270003]
[1,213.4371343713437,0,0.2700027000270003]
[5,213.5721357213572,0,0.2700027000270003]
[4,213.7071370713707,0,0.2700027000270003]
[6,213.8421384213842,0,0.2700027000270003]
[8,214.04464044640446,0,0.2700027000270003]
[0,214.2471424714247,0,0.2700027000270003]
[2,214.44964449644493,0,0.2700027000270003]
[6,214.6521465214652,0,0.2700027000270003]
[7,214.78714787147868,0,0.2700027000270003]
[8,214.9221492214922,0,0.2700027000270003]
[3,215.0571505715057,0,0.2700027000270003]
[5,215.1921519215192,0,0.2700027000270003]
[0,215.3271532715327,0,0.2700027000270003]
[1,215.4621546215462,0,0.2700027000270003]
[8,215.66465664656644,0,0.2700027000270003]
[6,215.8671586715867,0,0.2700027000270003]
[7,216.00216002160022,0,0.2700027000270003]
[2,216.20466204662046,0,0.2700027000270003]
[3,216.4071640716407,0,0.2700027000270003]
[8,216.60966609666093,0,0.2700027000270003]
[6,216.8121681216812,0,0.2700027000270003]
[7,216.9471694716947,0,0.2700027000270003]
[5,217.0821708217082,0,0.2700027000270003]
[4,217.2171721717217,0,0.2700027000270003]
[0,217.3521735217352,0,0.2700027000270003]
[1,217.48717487174872,0,0.2700027000270003]
[8,217.6221762217622,0,0.2700027000270003]
[7,217.75717757177569,0,0.2700027000270003]
[3,217.8921789217892,0,0.2700027000270003]
[4,218.0271802718027,0,0.2700027000270003]
[2,218.16218162181622,0,0.2700027000270003]
[5,218.36468364683648,0,1.080010800108001]
[6,218.56718567185675,0,1.080010800108001]
[7,218.76968769687699,0,1.080010800108001]
[0,218.97218972189722,0,0.2700027000270003]
[1,219.10719107191073,0,0.2700027000270003]
[2,219.24219242192424,0,0.2700027000270003]
[3,219.44469444694448,0,1.080010800108001]
[8,219.64719647196472,0,1.080010800108001]
[7,219.84969849698498,0,1.080010800108001]
[0,220.05220052200525,0,0.2700027000270003]
[1,220.18720187201873,0,0.2700027000270003]
[2,220.32220322203224,0,0.2700027000270003]
[6,220.5247052470525,0,1.080010800108001]
[5,220.72720727207275,0,1.080010800108001]
[4,220.92970929709298,0,1.080010800108001]
[0,221.13221132211322,0,0.2700027000270003]
[1,221.26721267212673,0,0.2700027000270003]
[2,221.40221402214024,0,0.2700027000270003]
[3,221.60471604716048,0,1.080010800108001]
[8,221.80721807218075,0,0.2700027000270003]
[7,221.94221942219423,0,0.2700027000270003]
[6,222.07722077220774,0,0.2700027000270003]
[5,222.21222212222125,0,0.2700027000270003]
[4,222.34722347223476,0,0.2700027000270003]
[3,222.48222482224824,0,0.2700027000270003]
[2,223.02223022230223,0,0.2700027000270003]
[1,223.08973089730898,0,0.2700027000270003]
[0,223.15723157231574,0,0.2700027000270003]
[5,223.29223292232925,0,0.2700027000270003]
[4,223.35973359733597,0,0.2700027000270003]
[3,223.42723427234273,0,0.2700027000270003]
[8,223.56223562235624,0,0.2700027000270003]
[7,223.629736297363,0,0.2700027000270003]
[6,223.69723697236975,0,0.2700027000270003]
[5,223.83223832238323,0,0.2700027000270003]
[4,223.89973899739,0,0.2700027000270003]
[3,223.96723967239674,0,0.2700027000270003]
[2,224.10224102241023,0,0.2700027000270003]
[1,224.16974169741698,0,0.2700027000270003]
[0,224.23724237242374,0,0.2700027000270003]
[5,224.37224372243725,0,0.2700027000270003]
[4,224.439744397444,0,0.2700027000270003]
[3,224.50724507245073,0,0.2700027000270003]
[8,224.64224642246424,0,0.2700027000270003]
[7,224.709747097471,0,0.2700027000270003]
[6,224.77724777247775,0,0.2700027000270003]
[5,224.91224912249123,0,0.2700027000270003]
[4,224.979749797498,0,0.2700027000270003]
[3,225.04725047250474,0,0.2700027000270003]
[2,225.18225182251823,0,0.2700027000270003]
[1,225.24975249752498,0,0.2700027000270003]
[0,225.31725317253174,0,0.2700027000270003]
[8,225.45225452254525,0,0.2700027000270003]
[7,225.519755197552,0,0.2700027000270003]
[6,225.58725587255873,0,0.2700027000270003]
[0,225.72225722257224,0,1.080010800108001]
[3,225.92475924759248,0,1.080010800108001]
[6,226.12726127261274,0,1.080010800108001]
[1,226.80226802268027,0,0.2700027000270003]
[3,227.07227072270723,0,0.2700027000270003]
[7,227.34227342273425,0,0.2700027000270003]
[5,227.61227612276124,0,0.2700027000270003]
[0,227.88227882278824,0,2.160021600216002]
[2,227.97227972279725,0,2.160021600216002]
[3,228.06228062280627,0,2.160021600216002]
[5,228.15228152281526,0,2.160021600216002]
[7,228.28728287282874,0,0.2700027000270003]
[8,228.42228422284225,0,0.2700027000270003]
[6,228.62478624786252,0,0.2700027000270003]
[2,228.82728827288275,0,0.2700027000270003]
[1,228.96228962289626,0,0.2700027000270003]
[5,229.23229232292323,0,0.2700027000270003]
[7,229.50229502295025,0,0.2700027000270003]
[3,229.77229772297724,0,0.2700027000270003]
[2,230.04230042300424,0,0.2700027000270003]
[8,230.31230312303126,0,0.2700027000270003]
[6,230.58230582305825,0,0.2700027000270003]
[0,230.85230852308524,0,0.2700027000270003]
[5,231.12231122311226,0,0.2700027000270003]
[3,231.93231932319327,0,0.2700027000270003]
[2,232.06732067320675,0,0.2700027000270003]
[6,232.20232202322023,0,0.2700027000270003]
[8,232.74232742327425,0,0.2700027000270003]
[3,232.9448294482945,0,0.2700027000270003]
[2,233.14733147331475,0,0.2700027000270003]
[6,233.28233282332826,0,0.2700027000270003]
[3,234.09234092340927,0,0.2700027000270003]
[4,234.22734227342275,0,0.2700027000270003]
[5,234.36234362343626,0,0.2700027000270003]
[0,234.63234632346325,0,0.2700027000270003]
[8,234.90234902349027,0,0.2700027000270003]
[6,235.17235172351724,0,0.2700027000270003]
[2,235.44235442354426,0,0.2700027000270003]
[0,235.6448564485645,0,0.2700027000270003]
[5,235.84735847358473,0,0.2700027000270003]
[6,236.049860498605,0,0.2700027000270003]
[8,236.25236252362527,0,0.2700027000270003]
[4,236.38736387363878,0,0.2700027000270003]
[0,236.52236522365226,0,0.2700027000270003]
[5,236.72486724867252,0,0.2700027000270003]
[6,236.92736927369276,0,0.2700027000270003]
[2,237.129871298713,0,0.2700027000270003]
[0,237.33237332373324,0,0.2700027000270003]
[4,237.46737467374675,0,0.2700027000270003]
[8,237.60237602376026,0,0.2700027000270003]
[6,237.8048780487805,0,0.2700027000270003]
[5,238.00738007380076,0,0.2700027000270003]
[0,238.20988209882103,0,0.2700027000270003]
[2,238.41238412384126,0,0.2700027000270003]
[4,238.54738547385477,0,0.2700027000270003]
[6,238.68238682386828,0,0.2700027000270003]
[5,238.88488884888852,0,0.2700027000270003]
[0,239.08739087390876,0,0.2700027000270003]
[1,239.22239222392227,0,0.2700027000270003]
[3,239.35739357393578,0,0.2700027000270003]
[4,239.49239492394923,0,0.2700027000270003]
[8,239.62739627396274,0,0.2700027000270003]
[7,239.76239762397626,0,0.2700027000270003]
[0,240.30240302403024,0,0.2700027000270003]
[2,240.43740437404375,0,0.2700027000270003]
[3,240.57240572405726,0,0.2700027000270003]
[4,240.70740707407077,0,0.2700027000270003]
[8,240.84240842408428,0,0.2700027000270003]
[7,240.97740977409774,0,0.2700027000270003]
[0,241.11241112411125,0,0.2700027000270003]
[2,241.24741247412476,0,0.2700027000270003]
[3,241.38241382413827,0,0.2700027000270003]
[4,241.51741517415178,0,0.2700027000270003]
[8,241.6524165241653,0,0.2700027000270003]
[7,241.78741787417874,0,0.2700027000270003]
[0,241.92241922419225,0,0.2700027000270003]
[2,242.05742057420576,0,0.2700027000270003]
[3,242.19242192421927,0,0.2700027000270003]
[4,242.32742327423279,0,0.2700027000270003]
[8,242.46242462424624,0,0.2700027000270003]
[7,242.59742597425975,0,0.2700027000270003]
[0,242.73242732427326,0,0.2700027000270003]
[2,242.86742867428677,0,0.2700027000270003]
[3,243.00243002430028,0,0.2700027000270003]
[0,244.08244082440825,0,0.2700027000270003]
[1,244.21744217442176,0,0.2700027000270003]
[5,244.35244352443527,0,0.2700027000270003]
[4,244.48744487444878,0,0.2700027000270003]
[6,244.62244622446224,0,0.2700027000270003]
[7,244.75744757447575,0,0.2700027000270003]
[2,244.89244892448926,0,0.2700027000270003]
[3,245.16245162451628,0,2.160021600216002]
[5,245.25245252452527,0,2.160021600216002]
[6,245.34245342453426,0,2.160021600216002]
[8,245.43245432454324,0,2.160021600216002]
[0,245.56745567455675,0,0.2700027000270003]
[2,245.70245702457026,0,0.2700027000270003]
[7,245.9049590495905,0,0.2700027000270003]
[3,246.10746107461074,0,0.2700027000270003]
[5,246.24246242462425,0,0.2700027000270003]
[0,246.37746377463776,0,0.2700027000270003]
[2,246.51246512465127,0,0.2700027000270003]
[6,246.64746647466478,0,0.2700027000270003]
[8,246.7824678246783,0,0.2700027000270003]
[0,247.32247322473228,0,0.2700027000270003]
[1,247.4574745747458,0,0.2700027000270003]
[3,247.59247592475924,0,0.2700027000270003]
[4,247.72747727477275,0,0.2700027000270003]
[6,247.86247862478626,0,0.2700027000270003]
[7,247.99747997479977,0,0.2700027000270003]
[2,248.13248132481328,0,0.2700027000270003]
[1,248.2674826748268,0,0.2700027000270003]
[0,248.40248402484025,0,0.2700027000270003]
[5,248.60498604986054,0,0.2700027000270003]
[6,248.80748807488078,0,0.2700027000270003]
[3,249.21249212492125,0,0.2700027000270003]
[4,249.34749347493477,0,0.2700027000270003]
[2,249.48249482494828,0,0.2700027000270003]
[1,249.6174961749618,0,0.2700027000270003]
[6,249.7524975249753,0,0.2700027000270003]
[5,250.02250022500226,0,0.2700027000270003]
[0,250.2250022500225,0,0.2700027000270003]
[8,250.4275042750428,0,0.2700027000270003]
[7,250.56250562505625,0,0.2700027000270003]
[6,251.37251372513725,0,0.2700027000270003]
[7,251.50751507515076,0,0.2700027000270003]
[8,251.64251642516427,0,0.2700027000270003]
[0,251.9125191251913,0,0.2700027000270003]
[2,252.18252182521826,0,0.2700027000270003]
[6,252.45252452524528,0,0.2700027000270003]
[8,252.72252722527224,0,1.080010800108001]
[7,252.85752857528576,0,1.080010800108001]
[5,252.99252992529927,0,1.080010800108001]
[4,253.12753127531278,0,1.080010800108001]
[0,253.2625326253263,0,1.080010800108001]
[1,253.3975339753398,0,1.080010800108001]
[3,253.53253532535325,0,1.080010800108001]
[4,253.66753667536676,0,1.080010800108001]
[8,253.80253802538027,0,1.080010800108001]
[7,253.93753937539378,0,1.080010800108001]
[5,254.0725407254073,0,1.080010800108001]
[4,254.20754207542075,0,1.080010800108001]
[0,254.34254342543426,0,1.080010800108001]
[1,254.47754477544777,0,1.080010800108001]
[3,254.61254612546128,0,1.080010800108001]
[4,254.7475474754748,0,1.080010800108001]
[8,254.8825488254883,0,1.080010800108001]
[7,255.01755017550175,0,1.080010800108001]
[5,255.15255152551526,0,1.080010800108001]
[4,255.28755287552877,0,1.080010800108001]
[0,255.42255422554229,0,1.080010800108001]
[1,255.5575555755558,0,1.080010800108001]
[3,255.69255692556925,0,1.080010800108001]
[4,255.82755827558276,0,1.080010800108001]
[8,255.96255962559627,0,1.080010800108001]
[7,256.0975609756098,0,1.080010800108001]
[5,256.2325623256233,0,1.080010800108001]
[4,256.3675636756368,0,1.080010800108001]
[0,256.50256502565026,0,1.080010800108001]
[1,256.63756637566377,0,1.080010800108001]
[3,256.7725677256773,0,1.080010800108001]
[4,256.9075690756908,0,1.080010800108001]
[8,257.0425704257043,1,4.320043200432004]