[2,1.090909090909091,0,0.27272727272727276]
[1,1.5,0,0.27272727272727276]
[3,1.9090909090909092,0,0.27272727272727276]
[7,2.3181818181818183,0,0.27272727272727276]
[8,2.7272727272727275,0,0.27272727272727276]
[0,3.272727272727273,0,0.27272727272727276]
[1,3.681818181818182,0,0.27272727272727276]
[2,4.090909090909091,0,0.27272727272727276]
[4,4.5,0,0.27272727272727276]
[6,4.909090909090909,0,0.27272727272727276]
[2,5.454545454545455,0,0.27272727272727276]
[1,5.863636363636364,0,0.27272727272727276]
[3,6.272727272727273,0,0.27272727272727276]
[7,6.681818181818182,0,0.27272727272727276]
[8,7.090909090909091,0,0.27272727272727276]
[0,7.636363636363637,0,0.27272727272727276]
[1,8.045454545454545,0,0.27272727272727276]
[2,8.454545454545455,0,0.27272727272727276]
[8,8.863636363636363,0,0.27272727272727276]
[6,9,0,0.27272727272727276]
[7,9.068181818181818,0,0.27272727272727276]
[5,9.136363636363637,0,0.27272727272727276]
[4,9.204545454545455,0,0.27272727272727276]
[1,9.272727272727273,0,0.27272727272727276]
[0,9.272727272727273,0,0.27272727272727276]
[8,9.545454545454545,0,0.27272727272727276]
[0,9.818181818181818,0,0.27272727272727276]
[4,9.818181818181818,0,0.27272727272727276]
[1,10.090909090909092,0,0.27272727272727276]
[2,10.363636363636363,0,0.27272727272727276]
[5,10.636363636363637,0,0.27272727272727276]
[8,10.90909090909091,0,0.27272727272727276]
[7,11.181818181818182,0,0.27272727272727276]
[4,11.318181818181818,0,0.27272727272727276]
[6,11.454545454545455,0,0.27272727272727276]
[3,11.727272727272728,0,0.27272727272727276]
[0,12,0,0.27272727272727276]
[1,12.272727272727273,0,0.27272727272727276]
[2,12.545454545454547,0,0.27272727272727276]
[5,12.818181818181818,0,0.27272727272727276]
[8,13.090909090909092,0,0.27272727272727276]
[7,13.363636363636363,0,0.27272727272727276]
[4,13.5,0,0.27272727272727276]
[3,13.636363636363637,0,0.27272727272727276]
[6,13.636363636363637,0,0.27272727272727276]
[5,13.90909090909091,0,0.27272727272727276]
[8,13.90909090909091,0,0.27272727272727276]
[0,14.181818181818182,0,0.27272727272727276]
[1,14.454545454545455,0,0.27272727272727276]
[2,14.727272727272728,0,0.27272727272727276]
[5,15,0,0.27272727272727276]
[8,15.272727272727273,0,0.27272727272727276]
[7,15.545454545454547,0,0.27272727272727276]
[4,15.681818181818182,0,0.27272727272727276]
[6,15.818181818181818,0,0.27272727272727276]
[3,16.09090909090909,0,0.27272727272727276]
[4,16.227272727272727,0,0.27272727272727276]
[0,16.363636363636363,0,0.27272727272727276]
[1,16.5,0,0.27272727272727276]
[5,16.636363636363637,0,0.27272727272727276]
[6,16.772727272727273,0,0.27272727272727276]
[7,16.90909090909091,0,0.27272727272727276]
[8,17.045454545454547,0,0.27272727272727276]
[0,17.181818181818183,0,0.27272727272727276]
[1,17.25,0,0.27272727272727276]
[5,17.31818181818182,0,0.27272727272727276]
[4,17.386363636363637,0,0.27272727272727276]
[6,17.454545454545457,0,0.27272727272727276]
[8,17.59090909090909,0,0.27272727272727276]
[3,17.727272727272727,0,0.27272727272727276]
[5,17.863636363636363,0,0.27272727272727276]
[0,18,0,0.27272727272727276]
[2,18.136363636363637,0,0.27272727272727276]
[6,18.272727272727273,0,0.27272727272727276]
[8,18.272727272727273,0,0.27272727272727276]
[0,18.545454545454547,0,0.27272727272727276]
[3,18.545454545454547,0,0.27272727272727276]
[4,18.81818181818182,0,0.27272727272727276]
[2,19.09090909090909,0,0.27272727272727276]
[6,19.227272727272727,0,0.27272727272727276]
[5,19.363636363636363,0,0.27272727272727276]
[3,19.5,0,0.27272727272727276]
[2,19.636363636363637,0,0.27272727272727276]
[6,19.772727272727273,0,0.27272727272727276]
[5,19.90909090909091,0,0.27272727272727276]
[3,20.045454545454547,0,0.27272727272727276]
[8,20.181818181818183,0,0.27272727272727276]
[0,20.31818181818182,0,0.27272727272727276]
[5,20.454545454545457,0,0.27272727272727276]
[3,20.590909090909093,0,0.27272727272727276]
[8,20.727272727272727,0,0.27272727272727276]
[0,20.863636363636363,0,0.27272727272727276]
[5,21,0,0.27272727272727276]
[3,21.136363636363637,0,0.27272727272727276]
[2,21.272727272727273,0,0.27272727272727276]
[6,21.40909090909091,0,0.27272727272727276]
[5,21.545454545454547,0,0.27272727272727276]
[3,21.681818181818183,0,0.27272727272727276]
[8,21.81818181818182,0,0.27272727272727276]
[0,21.954545454545457,0,0.27272727272727276]
[5,22.090909090909093,0,0.27272727272727276]
[3,22.227272727272727,0,0.27272727272727276]
[2,22.363636363636363,0,0.27272727272727276]
[6,22.5,0,0.27272727272727276]
[7,22.636363636363637,0,0.27272727272727276]
[1,22.772727272727273,0,0.27272727272727276]
[4,22.90909090909091,0,0.27272727272727276]
[5,22.90909090909091,0,0.27272727272727276]
[3,23.045454545454547,0,0.27272727272727276]
[2,23.181818181818183,0,0.27272727272727276]
[0,23.31818181818182,0,0.27272727272727276]
[4,23.454545454545457,0,0.27272727272727276]
[5,23.454545454545457,0,0.27272727272727276]
[3,23.590909090909093,0,0.27272727272727276]
[8,23.727272727272727,0,0.27272727272727276]
[6,23.863636363636363,0,0.27272727272727276]
[4,24,0,0.27272727272727276]
[5,24,0,0.27272727272727276]
[3,24.136363636363637,0,0.27272727272727276]
[2,24.272727272727273,0,0.27272727272727276]
[0,24.40909090909091,0,0.27272727272727276]
[4,24.545454545454547,0,0.27272727272727276]
[5,24.545454545454547,0,0.27272727272727276]
[3,24.681818181818183,0,0.27272727272727276]
[8,24.81818181818182,0,0.27272727272727276]
[4,24.954545454545457,0,0.27272727272727276]
[2,25.090909090909093,0,0.27272727272727276]
[1,25.15909090909091,0,0.27272727272727276]
[0,25.227272727272727,0,0.27272727272727276]
[1,25.295454545454547,0,0.27272727272727276]
[5,25.363636363636363,0,0.27272727272727276]
[3,25.5,0,0.27272727272727276]
[8,25.636363636363637,0,0.27272727272727276]
[7,25.704545454545457,0,0.27272727272727276]
[6,25.772727272727273,0,0.27272727272727276]
[7,25.840909090909093,0,0.27272727272727276]
[5,25.90909090909091,0,0.27272727272727276]
[0,26.045454545454547,0,0.27272727272727276]
[8,26.181818181818183,0,0.27272727272727276]
[7,26.25,0,0.27272727272727276]
[3,26.31818181818182,0,0.27272727272727276]
[4,26.386363636363637,0,0.27272727272727276]
[5,26.454545454545457,0,0.27272727272727276]
[4,26.522727272727273,0,0.27272727272727276]
[3,26.590909090909093,0,0.27272727272727276]
[4,26.65909090909091,0,0.27272727272727276]
[1,26.727272727272727,0,0.27272727272727276]
[2,26.727272727272727,0,0.27272727272727276]
[1,27.272727272727273,0,0.27272727272727276]
[3,27.272727272727273,0,0.27272727272727276]
[7,27.272727272727273,0,0.27272727272727276]
[2,27.545454545454547,0,0.27272727272727276]
[3,27.727272727272727,0,0.27272727272727276]
[5,27.818181818181817,0,0.27272727272727276]
[8,27.818181818181817,0,0.27272727272727276]
[4,28,0,0.27272727272727276]
[2,28.272727272727273,0,0.27272727272727276]
[3,28.545454545454547,0,0.27272727272727276]
[5,28.636363636363637,0,0.27272727272727276]
[6,28.818181818181817,0,0.27272727272727276]
[7,28.90909090909091,0,0.27272727272727276]
[8,28.90909090909091,0,0.27272727272727276]
[3,29.09090909090909,0,0.27272727272727276]
[4,29.181818181818183,0,0.27272727272727276]
[1,29.454545454545457,0,0.27272727272727276]
[5,29.454545454545457,0,0.27272727272727276]
[7,29.454545454545457,0,0.27272727272727276]
[0,29.727272727272727,0,0.27272727272727276]
[5,29.90909090909091,0,0.27272727272727276]
[3,30,0,4.363636363636364]
[6,30,0,4.363636363636364]
[4,30.181818181818183,0,0.27272727272727276]
[0,30.454545454545453,0,0.27272727272727276]
[5,30.727272727272727,0,0.27272727272727276]
[6,31,0,0.27272727272727276]
[7,31.09090909090909,0,4.363636363636364]
[8,31.09090909090909,0,4.363636363636364]
[0,31.272727272727273,0,4.363636363636364]
[1,31.363636363636363,0,4.363636363636364]
[2,31.363636363636363,0,4.363636363636364]
[3,31.636363636363637,1,0.27272727272727276]
[7,31.636363636363637,1,0.27272727272727276]
[2,31.90909090909091,0,0.27272727272727276]
[6,32.09090909090909,0,0.27272727272727276]
[5,32.18181818181818,0,0.27272727272727276]
[8,32.18181818181818,0,0.27272727272727276]
[4,32.36363636363637,0,4.363636363636364]
[2,32.63636363636363,0,0.27272727272727276]
[3,32.90909090909091,0,4.363636363636364]
[4,33,0,4.363636363636364]
[0,33.18181818181818,0,4.363636363636364]
[2,33.27272727272727,0,4.363636363636364]
[1,33.36363636363637,0,4.363636363636364]
[3,33.45454545454545,0,4.363636363636364]
[5,33.54545454545455,0,4.363636363636364]
[4,33.63636363636363,0,4.363636363636364]
[6,33.72727272727273,0,4.363636363636364]
[8,33.81818181818182,0,4.363636363636364]
[7,33.81818181818182,0,4.363636363636364]
[0,34.09090909090909,0,4.363636363636364]
[8,34.27272727272727,0,4.363636363636364]
[3,34.36363636363637,0,0.27272727272727276]
[6,34.36363636363637,0,0.27272727272727276]
[4,34.54545454545455,0,4.363636363636364]
[0,34.81818181818182,0,4.363636363636364]
[5,35.09090909090909,0,4.363636363636364]
[4,35.18181818181818,0,4.363636363636364]
[8,35.36363636363637,0,4.363636363636364]
[7,35.45454545454545,0,0.27272727272727276]
[6,35.45454545454545,0,0.27272727272727276]
[2,35.63636363636363,0,4.363636363636364]
[1,35.72727272727273,0,0.27272727272727276]
[3,36,0,0.27272727272727276]
[5,36,0,0.27272727272727276]
[7,36,0,0.27272727272727276]
[4,36.27272727272727,0,4.363636363636364]
[2,36.54545454545455,0,4.363636363636364]
[1,36.5625,0,4.363636363636364]
[3,36.68181818181818,0,4.363636363636364]
[5,36.81818181818182,0,4.363636363636364]
[6,36.95454545454545,0,4.363636363636364]
[2,37.09090909090909,0,4.363636363636364]
[3,37.22727272727273,0,4.363636363636364]
[5,37.36363636363637,0,4.363636363636364]
[6,37.5,0,4.363636363636364]
[7,37.63636363636363,0,4.363636363636364]
[4,37.77272727272727,0,4.363636363636364]
[1,37.90909090909091,0,4.363636363636364]
[6,38.18181818181818,0,0.27272727272727276]
[8,38.18181818181818,0,0.27272727272727276]
[7,38.18181818181818,0,0.27272727272727276]
[0,38.45454545454545,0,4.363636363636364]
[3,38.45454545454545,0,4.363636363636364]
[2,38.72727272727273,0,4.363636363636364]
[5,38.72727272727273,0,4.363636363636364]
[1,39,0,4.363636363636364]
[4,39,0,4.363636363636364]
[8,39.27272727272727,0,4.363636363636364]
[7,39.409090909090914,0,4.363636363636364]
[3,39.54545454545455,0,4.363636363636364]
[4,39.68181818181818,0,4.363636363636364]
[2,39.81818181818182,0,4.363636363636364]
[0,39.95454545454545,0,0.27272727272727276]
[4,40.09090909090909,0,4.363636363636364]
[5,40.22727272727273,0,4.363636363636364]
[1,40.36363636363637,0,0.27272727272727276]
[3,40.36363636363637,0,0.27272727272727276]
[7,40.36363636363637,0,0.27272727272727276]
[2,40.63636363636364,0,4.363636363636364]
[0,40.81818181818182,0,4.363636363636364]
[4,40.90909090909091,0,4.363636363636364]
[5,40.90909090909091,0,4.363636363636364]
[6,41.09090909090909,0,4.363636363636364]
[4,41.36363636363637,0,4.363636363636364]
[3,41.63636363636363,0,0.27272727272727276]
[5,41.72727272727273,0,4.363636363636364]
[0,41.90909090909091,0,4.363636363636364]
[2,42,0,4.363636363636364]
[1,42.09090909090909,0,4.363636363636364]
[3,42.18181818181818,0,4.363636363636364]
[8,42.27272727272727,0,4.363636363636364]
[7,42.36363636363637,0,4.363636363636364]
[6,42.45454545454545,0,4.363636363636364]
[5,42.54545454545455,0,4.363636363636364]
[4,42.54545454545455,0,4.363636363636364]
[0,42.81818181818182,0,4.363636363636364]
[2,43,0,4.363636363636364]
[4,43.09090909090909,0,0.27272727272727276]
[3,43.09090909090909,0,0.27272727272727276]
[5,43.27272727272727,0,4.363636363636364]
[6,43.54545454545455,0,4.363636363636364]
[7,43.63636363636363,0,4.363636363636364]
[8,43.63636363636363,0,4.363636363636364]
[3,43.81818181818182,0,4.363636363636364]
[5,44.09090909090909,0,4.363636363636364]
[4,44.18181818181819,0,0.27272727272727276]
[3,44.18181818181819,0,0.27272727272727276]
[2,44.36363636363637,0,4.363636363636364]
[1,44.45454545454545,0,0.27272727272727276]
[0,44.45454545454545,0,0.27272727272727276]
[8,44.63636363636363,0,4.363636363636364]
[3,44.72727272727273,1,4.363636363636364]
[6,44.72727272727273,1,4.363636363636364]
[4,48.54545454545455,0,4.363636363636364]
[4,48.68181818181819,0,4.363636363636364]
[4,48.81818181818182,0,4.363636363636364]
[4,48.95454545454545,0,4.363636363636364]
[5,49.09090909090909,0,4.363636363636364]
[8,49.09090909090909,0,4.363636363636364]
[4,49.22727272727273,0,4.363636363636364]
[4,49.36363636363637,0,4.363636363636364]
[4,49.5,0,4.363636363636364]
[4,49.63636363636364,0,4.363636363636364]
[4,49.77272727272727,0,4.363636363636364]
[4,49.909090909090914,0,4.363636363636364]
[1,50.04545454545455,0,4.363636363636364]
[6,50.18181818181819,0,4.363636363636364]
[8,50.18181818181819,0,4.363636363636364]
[1,50.31818181818182,0,0.27272727272727276]
[7,50.45454545454545,0,0.27272727272727276]
[4,50.59090909090909,0,4.363636363636364]
[4,50.86363636363637,0,4.363636363636364]
[4,51,0,4.363636363636364]
[4,51.13636363636364,0,4.363636363636364]
[0,51.27272727272727,0,4.363636363636364]
[2,51.27272727272727,0,4.363636363636364]
[4,51.409090909090914,0,4.363636363636364]
[4,51.54545454545455,0,4.363636363636364]
[4,51.68181818181819,0,4.363636363636364]
[4,51.81818181818182,0,4.363636363636364]
[4,51.95454545454545,0,4.363636363636364]
[4,52.09090909090909,0,4.363636363636364]
[1,52.22727272727273,0,4.363636363636364]
[6,52.36363636363637,0,4.363636363636364]
[8,52.36363636363637,0,4.363636363636364]
[1,52.5,0,0.27272727272727276]
[7,52.63636363636364,0,0.27272727272727276]
[4,52.77272727272727,0,4.363636363636364]
[7,53.04545454545455,0,4.363636363636364]
[4,53.18181818181818,0,4.363636363636364]
[1,53.31818181818182,0,4.363636363636364]
[3,53.45454545454545,0,4.363636363636364]
[5,53.45454545454545,0,4.363636363636364]
[4,53.59090909090909,0,4.363636363636364]
[4,53.72727272727273,0,4.363636363636364]
[4,53.86363636363637,0,4.363636363636364]
[4,54,0,4.363636363636364]
[4,54.13636363636364,0,4.363636363636364]
[4,54.27272727272727,0,4.363636363636364]
[1,54.40909090909091,0,4.363636363636364]
[6,54.54545454545455,0,4.363636363636364]
[8,54.54545454545455,0,4.363636363636364]
[1,54.68181818181819,0,0.27272727272727276]
[7,54.81818181818182,0,0.27272727272727276]
[4,54.95454545454545,0,4.363636363636364]
[4,55.22727272727273,0,4.363636363636364]
[4,55.36363636363637,0,4.363636363636364]
[4,55.5,0,4.363636363636364]
[2,55.63636363636364,0,4.363636363636364]
[3,55.909090909090914,0,0.27272727272727276]
[8,56.18181818181819,0,0.27272727272727276]
[2,56.45454545454546,0,0.27272727272727276]
[0,56.59090909090909,0,0.27272727272727276]
[8,56.72727272727273,0,4.363636363636364]
[6,56.86363636363637,0,4.363636363636364]
[2,57,0,4.363636363636364]
[0,57.06818181818182,0,4.363636363636364]
[5,57.13636363636364,0,4.363636363636364]
[3,57.20454545454546,0,4.363636363636364]
[4,57.27272727272727,0,4.363636363636364]
[7,57.27272727272727,0,4.363636363636364]
[6,57.409090909090914,0,4.363636363636364]
[8,57.54545454545455,0,4.363636363636364]
[0,57.68181818181819,0,4.363636363636364]
[2,57.81818181818182,0,4.363636363636364]
[1,57.81818181818182,0,4.363636363636364]
[3,57.95454545454546,0,4.363636363636364]
[5,58.09090909090909,0,4.363636363636364]
[6,58.22727272727273,0,4.363636363636364]
[2,58.36363636363637,0,4.363636363636364]
[3,58.5,0,4.363636363636364]
[5,58.63636363636364,0,4.363636363636364]
[6,58.77272727272727,0,4.363636363636364]
[7,58.909090909090914,0,4.363636363636364]
[8,58.909090909090914,0,4.363636363636364]
[4,59.04545454545455,0,4.363636363636364]
[4,59.18181818181819,0,4.363636363636364]
[0,59.31818181818182,0,4.363636363636364]
[2,59.45454545454546,0,4.363636363636364]
[3,59.59090909090909,0,4.363636363636364]
[4,59.659090909090914,0,4.363636363636364]
[8,59.72727272727273,0,4.363636363636364]
[6,59.86363636363637,0,4.363636363636364]
[5,60,0,4.363636363636364]
[7,60,0,4.363636363636364]
[1,60.27272727272727,0,0.27272727272727276]
[3,60.27272727272727,0,0.27272727272727276]
[5,60.54545454545455,0,4.363636363636364]
[4,60.68181818181819,0,4.363636363636364]
[0,60.81818181818182,0,4.363636363636364]
[1,60.95454545454546,0,4.363636363636364]
[6,61.09090909090909,0,0.27272727272727276]
[8,61.09090909090909,0,0.27272727272727276]
[0,61.22727272727273,0,4.363636363636364]
[1,61.36363636363637,0,4.363636363636364]
[2,61.5,0,4.363636363636364]
[3,61.63636363636364,0,0.27272727272727276]
[7,61.63636363636364,0,0.27272727272727276]
[1,61.909090909090914,0,4.363636363636364]
[5,61.909090909090914,0,4.363636363636364]
[4,62.04545454545455,0,4.363636363636364]
[6,62.18181818181819,1,0.27272727272727276]
[8,62.18181818181819,1,0.27272727272727276]
[7,62.45454545454546,0,0.27272727272727276]
[5,62.72727272727273,0,4.363636363636364]
[0,62.86363636363637,0,4.363636363636364]
[2,63,0,4.363636363636364]
[3,63.13636363636364,0,4.363636363636364]
[5,63.27272727272727,0,4.363636363636364]
[7,63.27272727272727,0,4.363636363636364]
[1,63.54545454545455,0,0.27272727272727276]
[3,63.54545454545455,0,0.27272727272727276]
[4,63.81818181818182,0,0.27272727272727276]
[4,63.95454545454546,0,0.27272727272727276]
[4,64.0909090909091,0,0.27272727272727276]
[4,64.22727272727273,0,0.27272727272727276]
[1,64.36363636363636,0,4.363636363636364]
[2,64.36363636363636,0,4.363636363636364]
[0,64.5,0,4.363636363636364]
[5,64.63636363636364,0,0.27272727272727276]
[4,64.70454545454545,0,0.27272727272727276]
[6,64.77272727272728,0,0.27272727272727276]
[7,64.8409090909091,0,0.27272727272727276]
[5,64.9090909090909,0,4.363636363636364]
[3,65.04545454545455,0,4.363636363636364]
[2,65.18181818181819,0,4.363636363636364]
[0,65.31818181818183,0,4.363636363636364]
[6,65.45454545454545,0,0.27272727272727276]
[8,65.45454545454545,0,0.27272727272727276]
[5,65.5909090909091,0,4.363636363636364]
[4,65.72727272727273,0,4.363636363636364]
[3,65.86363636363636,0,4.363636363636364]
[2,66,0,4.363636363636364]
[1,66.13636363636364,0,4.363636363636364]
[4,66.27272727272728,0,4.363636363636364]
[3,66.4090909090909,0,4.363636363636364]
[7,66.54545454545455,0,4.363636363636364]
[8,66.54545454545455,0,4.363636363636364]
[6,66.68181818181819,0,4.363636363636364]
[5,66.81818181818183,0,4.363636363636364]
[3,66.95454545454545,0,4.363636363636364]
[1,67.0909090909091,0,4.363636363636364]
[2,67.0909090909091,0,4.363636363636364]
[0,67.22727272727273,0,4.363636363636364]
[5,67.36363636363636,0,4.363636363636364]
[4,67.5,0,4.363636363636364]
[7,67.63636363636364,0,0.27272727272727276]
[6,67.63636363636364,0,0.27272727272727276]
[8,67.77272727272728,0,4.363636363636364]
[3,67.9090909090909,0,4.363636363636364]
[5,68.04545454545455,0,4.363636363636364]
[1,68.18181818181819,0,0.27272727272727276]
[0,68.18181818181819,0,0.27272727272727276]
[2,68.31818181818183,0,4.363636363636364]
[3,68.45454545454545,0,4.363636363636364]
[5,68.5909090909091,0,0.27272727272727276]
[4,68.6590909090909,0,0.27272727272727276]
[7,68.72727272727273,0,0.27272727272727276]
[6,68.72727272727273,0,0.27272727272727276]
[8,68.86363636363636,0,4.363636363636364]
[3,69,0,4.363636363636364]
[5,69.13636363636364,0,4.363636363636364]
[1,69.27272727272728,0,0.27272727272727276]
[0,69.27272727272728,0,0.27272727272727276]
[2,69.4090909090909,0,4.363636363636364]
[3,69.54545454545455,0,4.363636363636364]
[4,69.68181818181819,0,4.363636363636364]
[7,69.81818181818183,0,4.363636363636364]
[8,69.81818181818183,0,4.363636363636364]
[6,69.95454545454545,0,4.363636363636364]
[5,70.0909090909091,0,4.363636363636364]
[3,70.22727272727273,0,4.363636363636364]
[1,70.36363636363636,0,4.363636363636364]
[2,70.36363636363636,0,4.363636363636364]
[0,70.5,0,4.363636363636364]
[5,70.63636363636364,0,4.363636363636364]
[3,70.77272727272728,0,0.27272727272727276]
[4,70.8409090909091,0,0.27272727272727276]
[8,70.9090909090909,0,0.27272727272727276]
[7,70.97727272727273,0,0.27272727272727276]
[6,71.04545454545455,0,0.27272727272727276]
[7,71.11363636363636,0,0.27272727272727276]
[5,71.18181818181819,0,4.363636363636364]
[3,71.31818181818183,0,4.363636363636364]
[2,71.45454545454545,0,0.27272727272727276]
[1,71.52272727272728,0,0.27272727272727276]
[0,71.5909090909091,0,0.27272727272727276]
[1,71.6590909090909,0,0.27272727272727276]
[5,71.72727272727273,0,4.363636363636364]
[3,71.86363636363636,0,4.363636363636364]
[8,72,0,0.27272727272727276]
[7,72.06818181818183,0,0.27272727272727276]
[6,72.13636363636364,0,0.27272727272727276]
[7,72.20454545454545,0,0.27272727272727276]
[5,72.27272727272728,0,4.363636363636364]
[3,72.4090909090909,0,4.363636363636364]
[2,72.54545454545455,0,0.27272727272727276]
[1,72.61363636363636,0,0.27272727272727276]
[0,72.68181818181819,0,0.27272727272727276]
[1,72.75,0,0.27272727272727276]
[5,72.81818181818183,0,4.363636363636364]
[3,72.95454545454545,0,4.363636363636364]
[8,73.0909090909091,0,0.27272727272727276]
[7,73.1590909090909,0,0.27272727272727276]
[6,73.22727272727273,0,0.27272727272727276]
[7,73.29545454545455,0,0.27272727272727276]
[5,73.36363636363636,0,0.27272727272727276]
[4,73.43181818181819,0,0.27272727272727276]
[3,73.5,0,0.27272727272727276]
[4,73.56818181818183,0,0.27272727272727276]
[2,73.63636363636364,0,0.27272727272727276]
[1,73.70454545454545,0,0.27272727272727276]
[0,73.77272727272728,0,0.27272727272727276]
[1,73.8409090909091,0,0.27272727272727276]
[5,73.9090909090909,0,0.27272727272727276]
[4,73.97727272727273,0,0.27272727272727276]
[3,74.04545454545455,0,0.27272727272727276]
[4,74.11363636363636,0,0.27272727272727276]
[8,74.18181818181819,0,0.27272727272727276]
[7,74.25,0,0.27272727272727276]
[3,74.31818181818183,0,0.27272727272727276]
[4,74.38636363636364,0,0.27272727272727276]
[2,74.45454545454545,0,0.27272727272727276]
[1,74.52272727272728,0,0.27272727272727276]
[3,74.5909090909091,0,0.27272727272727276]
[4,74.6590909090909,0,0.27272727272727276]
[7,74.72727272727273,0,4.363636363636364]
[8,74.72727272727273,0,4.363636363636364]
[0,74.93181818181819,0,0.27272727272727276]
[2,75,0,0.27272727272727276]
[3,75.06818181818183,0,0.27272727272727276]
[5,75.13636363636364,0,0.27272727272727276]
[6,75.20454545454545,0,0.27272727272727276]
[7,75.27272727272728,0,4.363636363636364]
[8,75.27272727272728,0,4.363636363636364]
[0,75.47727272727273,0,0.27272727272727276]
[1,75.54545454545455,0,4.363636363636364]
[2,75.54545454545455,0,4.363636363636364]
[3,75.68181818181819,0,0.27272727272727276]
[7,75.81818181818183,0,4.363636363636364]
[8,75.81818181818183,0,4.363636363636364]
[3,75.95454545454545,0,0.27272727272727276]
[1,76.0909090909091,0,4.363636363636364]
[2,76.0909090909091,0,4.363636363636364]
[3,76.22727272727273,0,0.27272727272727276]
[7,76.36363636363636,0,4.363636363636364]
[8,76.36363636363636,0,4.363636363636364]
[0,76.56818181818183,0,0.27272727272727276]
[1,76.63636363636364,0,4.363636363636364]
[2,76.63636363636364,0,4.363636363636364]
[3,76.77272727272728,0,0.27272727272727276]
[7,76.9090909090909,0,4.363636363636364]
[8,76.9090909090909,0,4.363636363636364]
[3,77.04545454545455,0,0.27272727272727276]
[4,77.18181818181819,1,0.27272727272727276]
[5,77.18181818181819,1,0.27272727272727276]
[7,77.45454545454545,0,0.27272727272727276]
[6,77.45454545454545,0,0.27272727272727276]
[2,77.6590909090909,0,0.27272727272727276]
[1,77.72727272727273,0,0.27272727272727276]
[0,77.72727272727273,0,0.27272727272727276]
[5,77.86363636363636,0,0.27272727272727276]
[7,78,0,0.27272727272727276]
[6,78,0,0.27272727272727276]
[5,78.13636363636364,0,0.27272727272727276]
[1,78.27272727272728,0,0.27272727272727276]
[0,78.27272727272728,0,0.27272727272727276]
[5,78.4090909090909,0,0.27272727272727276]
[7,78.54545454545455,0,0.27272727272727276]
[6,78.54545454545455,0,0.27272727272727276]
[2,78.75,0,0.27272727272727276]
[1,78.81818181818183,0,0.27272727272727276]
[0,78.81818181818183,0,0.27272727272727276]
[5,78.95454545454545,0,0.27272727272727276]
[7,79.0909090909091,0,0.27272727272727276]
[6,79.0909090909091,0,0.27272727272727276]
[5,79.22727272727273,0,0.27272727272727276]
[1,79.36363636363636,1,0.27272727272727276]
[3,79.36363636363636,1,0.27272727272727276]
[7,79.63636363636364,0,0.27272727272727276]
[6,79.63636363636364,0,0.27272727272727276]
[0,79.8409090909091,0,0.27272727272727276]
[1,79.9090909090909,0,0.27272727272727276]
[2,79.9090909090909,0,0.27272727272727276]
[3,80.04545454545455,0,0.27272727272727276]
[7,80.18181818181819,0,0.27272727272727276]
[6,80.18181818181819,0,0.27272727272727276]
[3,80.31818181818183,0,0.27272727272727276]
[1,80.45454545454545,0,0.27272727272727276]
[2,80.45454545454545,0,0.27272727272727276]
[3,80.5909090909091,0,0.27272727272727276]
[6,80.72727272727273,0,0.27272727272727276]
[7,80.72727272727273,0,0.27272727272727276]
[0,80.93181818181819,0,0.27272727272727276]
[1,81,0,0.27272727272727276]
[2,81,0,0.27272727272727276]
[3,81.13636363636364,0,0.27272727272727276]
[7,81.27272727272728,0,0.27272727272727276]
[6,81.27272727272728,0,0.27272727272727276]
[3,81.4090909090909,0,0.27272727272727276]
[5,81.54545454545455,1,0.27272727272727276]
[4,81.54545454545455,1,0.27272727272727276]
[8,81.81818181818183,0,0.27272727272727276]
[7,81.81818181818183,0,0.27272727272727276]
[2,82.02272727272728,0,0.27272727272727276]
[1,82.0909090909091,0,0.27272727272727276]
[0,82.0909090909091,0,0.27272727272727276]
[5,82.22727272727273,0,0.27272727272727276]
[7,82.36363636363637,0,0.27272727272727276]
[8,82.36363636363637,0,0.27272727272727276]
[5,82.5,0,0.27272727272727276]
[1,82.63636363636364,0,0.27272727272727276]
[0,82.63636363636364,0,0.27272727272727276]
[5,82.77272727272728,0,0.27272727272727276]
[7,82.9090909090909,0,0.27272727272727276]
[8,82.9090909090909,0,0.27272727272727276]
[2,83.11363636363637,0,0.27272727272727276]
[1,83.18181818181819,0,0.27272727272727276]
[0,83.18181818181819,0,0.27272727272727276]
[5,83.31818181818183,0,0.27272727272727276]
[4,83.45454545454545,0,0.27272727272727276]
[3,83.45454545454545,0,0.27272727272727276]
[2,83.72727272727273,0,0.27272727272727276]
[0,83.86363636363637,0,0.27272727272727276]
[3,84,0,0.27272727272727276]
[5,84,0,0.27272727272727276]
[8,84.27272727272728,0,0.27272727272727276]
[1,84.54545454545455,0,0.27272727272727276]
[0,84.54545454545455,0,0.27272727272727276]
[2,84.81818181818183,0,0.27272727272727276]
[0,84.95454545454545,0,0.27272727272727276]
[8,85.0909090909091,0,0.27272727272727276]
[6,85.22727272727273,0,0.27272727272727276]
[5,85.36363636363637,0,0.27272727272727276]
[4,85.43181818181819,0,0.27272727272727276]
[3,85.5,0,0.27272727272727276]
[4,85.56818181818183,0,0.27272727272727276]
[2,85.63636363636364,0,0.27272727272727276]
[1,85.63636363636364,0,0.27272727272727276]
[6,85.9090909090909,0,0.27272727272727276]
[7,85.97727272727273,0,0.27272727272727276]
[5,86.04545454545455,0,0.27272727272727276]
[4,86.11363636363637,0,0.27272727272727276]
[0,86.18181818181819,0,0.27272727272727276]
[3,86.18181818181819,0,0.27272727272727276]
[8,86.38636363636364,0,0.27272727272727276]
[2,86.45454545454545,0,0.27272727272727276]
[5,86.45454545454545,0,0.27272727272727276]
[7,86.5909090909091,0,0.27272727272727276]
[0,86.72727272727273,0,0.27272727272727276]
[3,86.72727272727273,0,0.27272727272727276]
[7,86.86363636363637,0,0.27272727272727276]
[2,87,0,0.27272727272727276]
[5,87,0,0.27272727272727276]
[7,87.13636363636364,0,0.27272727272727276]
[0,87.27272727272728,0,0.27272727272727276]
[3,87.27272727272728,0,0.27272727272727276]
[8,87.47727272727273,0,0.27272727272727276]
[2,87.54545454545455,0,0.27272727272727276]
[5,87.54545454545455,0,0.27272727272727276]
[7,87.68181818181819,0,0.27272727272727276]
[0,87.81818181818183,0,0.27272727272727276]
[3,87.81818181818183,0,0.27272727272727276]
[7,87.95454545454545,0,0.27272727272727276]
[1,88.0909090909091,1,0.27272727272727276]
[4,88.0909090909091,1,0.27272727272727276]
[5,88.36363636363637,0,0.27272727272727276]
[8,88.36363636363637,0,0.27272727272727276]
[0,88.56818181818183,0,0.27272727272727276]
[3,88.63636363636364,0,0.27272727272727276]
[6,88.63636363636364,0,0.27272727272727276]
[1,88.77272727272728,0,0.27272727272727276]
[5,88.9090909090909,0,0.27272727272727276]
[8,88.9090909090909,0,0.27272727272727276]
[1,89.04545454545455,0,0.27272727272727276]
[3,89.18181818181819,0,0.27272727272727276]
[6,89.18181818181819,0,0.27272727272727276]
[1,89.31818181818183,0,0.27272727272727276]
[5,89.45454545454545,0,0.27272727272727276]
[8,89.45454545454545,0,0.27272727272727276]
[0,89.6590909090909,0,0.27272727272727276]
[3,89.72727272727273,0,0.27272727272727276]
[6,89.72727272727273,0,0.27272727272727276]
[1,89.86363636363637,0,0.27272727272727276]
[5,90,0,0.27272727272727276]
[8,90,0,0.27272727272727276]
[1,90.13636363636364,0,0.27272727272727276]
[4,90.27272727272728,1,0.27272727272727276]
[7,90.27272727272728,1,0.27272727272727276]
[0,90.54545454545455,0,0.27272727272727276]
[3,90.54545454545455,0,0.27272727272727276]
[8,90.75,0,0.27272727272727276]
[2,90.81818181818183,0,0.27272727272727276]
[5,90.81818181818183,0,0.27272727272727276]
[7,90.95454545454545,0,0.27272727272727276]
[0,91.0909090909091,0,0.27272727272727276]
[3,91.0909090909091,0,0.27272727272727276]
[7,91.22727272727273,0,0.27272727272727276]
[2,91.36363636363637,0,0.27272727272727276]
[5,91.36363636363637,0,0.27272727272727276]
[7,91.5,0,0.27272727272727276]
[0,91.63636363636364,0,0.27272727272727276]
[3,91.63636363636364,0,0.27272727272727276]
[8,91.8409090909091,0,0.27272727272727276]
[2,91.9090909090909,0,0.27272727272727276]
[5,91.9090909090909,0,0.27272727272727276]
[7,92.04545454545455,0,0.27272727272727276]
[0,92.18181818181819,0,0.27272727272727276]
[4,92.18181818181819,0,0.27272727272727276]
[8,92.45454545454545,0,0.27272727272727276]
[6,92.5909090909091,0,0.27272727272727276]
[3,92.72727272727273,0,0.27272727272727276]
[7,92.72727272727273,0,0.27272727272727276]
[5,92.72727272727273,0,0.27272727272727276]
[1,93,0,0.27272727272727276]
[4,93.27272727272728,0,0.27272727272727276]
[4,93.54545454545455,0,0.27272727272727276]
[4,93.81818181818183,0,0.27272727272727276]
[6,93.81818181818183,0,0.27272727272727276]
[8,93.81818181818183,0,0.27272727272727276]
[4,94.0909090909091,0,0.27272727272727276]
[4,94.36363636363637,0,0.27272727272727276]
[0,94.54545454545455,0,0.27272727272727276]
[2,94.63636363636364,0,0.27272727272727276]
[3,94.9090909090909,0,0.27272727272727276]
[4,94.9090909090909,0,0.27272727272727276]
[5,94.9090909090909,0,0.27272727272727276]
[1,95.18181818181819,0,0.27272727272727276]
[4,95.45454545454545,0,0.27272727272727276]
[4,95.72727272727273,0,0.27272727272727276]
[0,96,0,0.27272727272727276]
[4,96,0,0.27272727272727276]
[2,96,0,0.27272727272727276]
[4,96.27272727272727,0,0.27272727272727276]
[5,96.45454545454545,0,0.27272727272727276]
[0,96.72727272727273,0,0.27272727272727276]
[2,96.81818181818181,0,0.27272727272727276]
[5,97.0909090909091,1,0.27272727272727276]
[7,97.0909090909091,1,0.27272727272727276]
[1,97.36363636363637,0,0.27272727272727276]
[3,97.36363636363637,0,0.27272727272727276]
[4,97.63636363636364,0,0.27272727272727276]
[4,97.9090909090909,0,0.27272727272727276]
[6,98.18181818181819,0,0.27272727272727276]
[4,98.18181818181819,0,0.27272727272727276]
[8,98.18181818181819,0,0.27272727272727276]
[4,98.45454545454545,0,0.27272727272727276]
[2,98.72727272727273,0,0.27272727272727276]
[1,98.81818181818181,0,0.27272727272727276]
[3,98.9090909090909,0,0.27272727272727276]
[5,99,0,0.27272727272727276]
[4,99.0909090909091,0,0.27272727272727276]
[6,99.18181818181819,0,0.27272727272727276]
[7,99.27272727272728,0,0.27272727272727276]
[8,99.27272727272728,0,0.27272727272727276]
[1,99.54545454545455,0,0.27272727272727276]
[4,99.81818181818181,0,0.27272727272727276]
[4,100.0909090909091,0,0.27272727272727276]
[0,100.36363636363637,0,0.27272727272727276]
[4,100.36363636363637,0,0.27272727272727276]
[2,100.36363636363637,0,0.27272727272727276]
[4,100.63636363636364,0,0.27272727272727276]
[1,100.81818181818181,0,0.27272727272727276]
[7,101.0909090909091,0,0.27272727272727276]
[1,101.18181818181819,0,0.27272727272727276]
[4,101.45454545454545,0,0.27272727272727276]
[3,101.45454545454545,0,0.27272727272727276]
[5,101.45454545454545,0,0.27272727272727276]
[0,101.72727272727273,0,0.27272727272727276]
[1,102,0,0.27272727272727276]
[2,102.27272727272728,0,0.27272727272727276]
[1,102.4090909090909,0,0.27272727272727276]
[3,102.54545454545455,0,0.27272727272727276]
[4,102.68181818181819,0,0.27272727272727276]
[8,102.81818181818183,0,0.27272727272727276]
[7,102.88636363636364,0,0.27272727272727276]
[3,102.95454545454545,0,0.27272727272727276]
[4,103.02272727272728,0,0.27272727272727276]
[1,103.0909090909091,0,0.27272727272727276]
[2,103.0909090909091,0,0.27272727272727276]
[0,103.36363636363637,0,0.27272727272727276]
[5,103.43181818181819,0,0.27272727272727276]
[3,103.5,0,0.27272727272727276]
[8,103.56818181818183,0,0.27272727272727276]
[7,103.63636363636364,0,0.27272727272727276]
[6,103.63636363636364,0,0.27272727272727276]
[4,103.9090909090909,0,0.27272727272727276]
[0,104.18181818181819,0,0.27272727272727276]
[2,104.18181818181819,0,0.27272727272727276]
[3,104.36363636363636,0,0.27272727272727276]
[5,104.45454545454545,0,0.27272727272727276]
[4,104.72727272727273,0,0.27272727272727276]
[4,105,0,0.27272727272727276]
[8,105.18181818181819,0,0.27272727272727276]
[7,105.27272727272728,0,0.27272727272727276]
[6,105.27272727272728,0,0.27272727272727276]
[2,105.45454545454545,0,0.27272727272727276]
[0,105.54545454545455,0,0.27272727272727276]
[5,105.81818181818183,1,0.27272727272727276]
[7,105.81818181818183,1,0.27272727272727276]
[1,106.0909090909091,0,0.27272727272727276]
[3,106.0909090909091,0,0.27272727272727276]
[6,106.36363636363637,0,0.27272727272727276]
[8,106.36363636363637,0,0.27272727272727276]
[4,106.63636363636364,0,0.27272727272727276]
[4,106.9090909090909,0,0.27272727272727276]
[4,107.18181818181819,0,0.27272727272727276]
[0,107.36363636363636,0,0.27272727272727276]
[2,107.45454545454545,0,0.27272727272727276]
[1,107.54545454545455,0,0.27272727272727276]
[3,107.63636363636364,0,0.27272727272727276]
[5,107.72727272727273,0,0.27272727272727276]
[4,107.81818181818181,0,0.27272727272727276]
[6,107.9090909090909,0,0.27272727272727276]
[7,108,0,0.27272727272727276]
[8,108,0,0.27272727272727276]
[6,108.27272727272727,0,0.27272727272727276]
[8,108.4090909090909,0,0.27272727272727276]
[4,108.54545454545455,0,0.27272727272727276]
[3,108.54545454545455,0,0.27272727272727276]
[5,108.68181818181819,0,0.27272727272727276]
[7,108.81818181818183,0,0.27272727272727276]
[1,108.95454545454545,0,0.27272727272727276]
[2,108.95454545454545,0,0.27272727272727276]
[0,109.0909090909091,0,0.27272727272727276]
[5,109.5,0,0.27272727272727276]
[3,109.63636363636364,0,0.27272727272727276]
[4,109.9090909090909,0,0.27272727272727276]
[7,110.18181818181819,0,0.27272727272727276]
[8,110.18181818181819,0,0.27272727272727276]
[3,110.31818181818183,0,0.27272727272727276]
[4,110.45454545454545,0,0.27272727272727276]
[2,110.5909090909091,0,0.27272727272727276]
[1,110.72727272727273,0,0.27272727272727276]
[0,110.86363636363637,0,0.27272727272727276]
[1,111,0,0.27272727272727276]
[5,111.13636363636364,0,0.27272727272727276]
[4,111.27272727272728,0,0.27272727272727276]
[6,111.4090909090909,0,0.27272727272727276]
[7,111.54545454545455,0,0.27272727272727276]
[8,111.68181818181819,0,0.27272727272727276]
[7,111.81818181818183,0,0.27272727272727276]
[3,111.95454545454545,0,0.27272727272727276]
[4,112.0909090909091,0,0.27272727272727276]
[2,112.22727272727273,0,0.27272727272727276]
[1,112.29545454545455,0,0.27272727272727276]
[0,112.36363636363637,0,0.27272727272727276]
[1,112.43181818181819,0,0.27272727272727276]
[5,112.5,0,0.27272727272727276]
[4,112.56818181818183,0,0.27272727272727276]
[6,112.63636363636364,0,0.27272727272727276]
[7,112.70454545454545,0,0.27272727272727276]
[8,112.77272727272728,0,0.27272727272727276]
[7,112.8409090909091,0,0.27272727272727276]
[3,112.90909090909092,0,0.27272727272727276]
[4,112.97727272727273,0,0.27272727272727276]
[2,113.04545454545455,0,0.27272727272727276]
[1,113.11363636363637,0,0.27272727272727276]
[0,113.18181818181819,0,0.27272727272727276]
[1,113.25,0,0.27272727272727276]
[5,113.31818181818183,0,0.27272727272727276]
[4,113.38636363636364,0,0.27272727272727276]
[3,113.45454545454545,0,0.27272727272727276]
[1,113.5909090909091,0,0.27272727272727276]
[5,113.72727272727273,0,0.27272727272727276]
[7,113.86363636363637,0,0.27272727272727276]
[0,114,0,0.27272727272727276]
[2,114.13636363636364,0,0.27272727272727276]
[8,114.27272727272728,0,0.27272727272727276]
[6,114.40909090909092,0,0.27272727272727276]
[3,114.54545454545455,0,0.27272727272727276]
[7,114.54545454545455,0,0.27272727272727276]
[5,114.54545454545455,0,0.27272727272727276]