[4,0,1,0.3515625]
[2,0.46875,0,0.3515625]
[0,0.5859375,0,0.3515625]
[7,0.8203125,0,0.234375]
[4,1.171875,0,0.234375]
[1,1.40625,0,0.234375]
[5,1.5234375,0,0.234375]
[7,1.640625,0,0.234375]
[3,1.7578125,0,0.234375]
[4,1.875,1,0.3515625]
[8,2.34375,0,0.234375]
[6,2.4609375,0,0.234375]
[1,2.6953125,0,0.234375]
[4,3.046875,0,0.234375]
[1,3.28125,0,0.234375]
[2,3.28125,0,0.234375]
[0,3.3984375,0,0.234375]
[1,3.515625,0,0.234375]
[2,3.515625,0,0.234375]
[0,3.6328125,0,0.234375]
[4,3.75,1,0.3515625]
[7,4.21875,0,0.234375]
[6,4.21875,0,0.234375]
[8,4.3359375,0,0.234375]
[1,4.5703125,0,0.234375]
[4,4.921875,0,0.234375]
[7,5.15625,0,0.3515625]
[8,5.15625,0,0.234375]
[3,5.2734375,0,0.3515625]
[1,5.390625,0,0.3515625]
[5,5.5078125,0,0.3515625]
[4,5.625,1,0.3515625]
[0,6.09375,0,0.3515625]
[1,6.09375,0,0.234375]
[2,6.2109375,0,0.234375]
[7,6.4453125,0,0.234375]
[4,6.796875,0,0.234375]
[3,7.03125,1,0.234375]
[5,7.265625,1,0.234375]
[0,7.5,0,0.1171875]
[1,7.6171875,0,0.1171875]
[0,7.734375,0,0.1171875]
[1,7.8515625,0,0.1171875]
[5,7.96875,0,0.1171875]
[4,8.0859375,0,0.1171875]
[5,8.203125,0,0.1171875]
[4,8.3203125,0,0.1171875]
[6,8.4375,0,0.1171875]
[7,8.5546875,0,0.1171875]
[6,8.671875,0,0.1171875]
[7,8.7890625,0,0.1171875]
[5,8.90625,0,0.1171875]
[4,9.0234375,0,0.1171875]
[3,9.140625,0,0.1171875]
[4,9.2578125,0,0.1171875]
[5,9.375,0,0.1171875]
[1,9.4921875,0,0.1171875]
[5,9.609375,0,0.1171875]
[1,9.7265625,0,0.1171875]
[3,9.84375,0,0.1171875]
[7,9.9609375,0,0.1171875]
[3,10.078125,0,0.1171875]
[7,10.1953125,0,0.1171875]
[6,10.3125,0,0.234375]
[4,10.4296875,0,0.1171875]
[2,10.546875,0,0.234375]
[4,10.6640625,0,0.1171875]
[8,10.78125,1,0.234375]
[0,11.015625,1,0.234375]
[5,11.25,0,0.234375]
[3,11.3671875,0,0.234375]
[5,11.484375,0,0.234375]
[3,11.6015625,0,0.234375]
[5,11.71875,0,0.234375]
[0,11.8359375,0,0.1171875]
[1,11.89453125,0,0.1171875]
[2,11.953125,0,0.234375]
[3,12.0703125,0,0.234375]
[5,12.1875,0,0.234375]
[3,12.3046875,0,0.234375]
[5,12.421875,0,0.234375]
[3,12.5390625,0,0.234375]
[5,12.65625,0,0.234375]
[6,12.7734375,0,0.1171875]
[7,12.83203125,0,0.1171875]
[8,12.890625,0,0.1171875]
[4,13.0078125,0,0.234375]
[0,13.125,0,0.1171875]
[2,13.2421875,0,0.1171875]
[3,13.359375,0,0.1171875]
[4,13.41796875,0,0.1171875]
[5,13.4765625,0,0.1171875]
[6,13.59375,0,0.234375]
[8,13.7109375,0,0.1171875]
[3,13.828125,0,0.1171875]
[4,13.88671875,0,0.1171875]
[5,13.9453125,0,0.234375]
[1,14.0625,1,0.234375]
[3,14.296875,1,0.234375]
[7,14.53125,1,0.234375]
[5,14.765625,1,0.234375]
[0,15,0,0.234375]
[4,15.1171875,0,0.1171875]
[6,15.234375,0,0.234375]
[7,15.3515625,0,0.1171875]
[3,15.46875,0,0.1171875]
[4,15.5859375,0,0.1171875]
[2,15.703125,0,0.1171875]
[0,15.8203125,0,0.1171875]
[8,15.9375,0,0.1171875]
[6,16.0546875,0,0.1171875]
[2,16.171875,0,0.1171875]
[1,16.2890625,0,0.1171875]
[3,16.40625,0,0.234375]
[4,16.640625,0,0.234375]
[4,16.7578125,0,0.234375]
[2,16.875,0,0.1171875]
[1,16.9921875,0,0.1171875]
[6,17.109375,0,0.1171875]
[7,17.2265625,0,0.1171875]
[8,17.34375,0,0.1171875]
[0,17.4609375,0,0.1171875]
[5,17.578125,0,0.1171875]
[3,17.6953125,0,0.1171875]
[4,17.8125,1,0.234375]
[2,18.046875,0,0.234375]
[1,18.1640625,0,0.234375]
[0,18.28125,1,0.234375]
[8,18.515625,1,0.234375]
[6,18.75,0,0.234375]
[4,18.8671875,0,0.1171875]
[0,18.984375,0,0.234375]
[1,19.1015625,0,0.234375]
[3,19.21875,0,0.1171875]
[4,19.3359375,0,0.1171875]
[8,19.453125,0,0.234375]
[6,19.5703125,0,0.234375]
[2,19.6875,0,0.234375]
[0,19.8046875,0,0.234375]
[8,19.921875,0,0.234375]
[7,20.0390625,0,0.234375]
[3,20.15625,0,0.234375]
[1,20.390625,0,0.234375]
[0,20.5078125,1,0.46875]
[2,20.9765625,0,0.234375]
[4,21.09375,0,0.234375]
[6,21.2109375,0,0.234375]
[8,21.328125,0,0.234375]
[1,21.5625,1,0.234375]
[3,21.796875,1,0.234375]
[7,22.03125,1,0.234375]
[5,22.265625,1,0.234375]
[4,22.5,0,0.234375]
[0,22.8515625,0,0.234375]
[2,22.96875,0,0.234375]
[7,23.203125,0,0.234375]
[2,23.4375,0,0.234375]
[4,23.5546875,0,0.234375]
[0,23.671875,0,0.234375]
[5,23.7890625,0,0.234375]
[1,23.90625,0,0.234375]
[3,24.0234375,0,0.234375]
[7,24.140625,1,0.234375]
[2,24.375,0,0.1171875]
[1,24.4921875,0,0.1171875]
[6,24.609375,0,0.1171875]
[7,24.7265625,0,0.1171875]
[8,24.84375,0,0.1171875]
[0,24.9609375,0,0.1171875]
[5,25.078125,0,0.1171875]
[3,25.1953125,0,0.1171875]
[4,25.3125,1,0.234375]
[2,25.546875,0,0.1171875]
[1,25.6640625,0,0.1171875]
[6,25.78125,1,0.234375]
[8,26.015625,1,0.234375]
[0,26.25,0,0.234375]
[4,26.3671875,0,0.1171875]
[6,26.484375,0,0.234375]
[7,26.6015625,0,0.1171875]
[3,26.71875,0,0.1171875]
[4,26.8359375,0,0.1171875]
[2,26.953125,0,0.1171875]
[0,27.0703125,0,0.1171875]
[8,27.1875,0,0.1171875]
[6,27.3046875,0,0.1171875]
[2,27.421875,0,0.1171875]
[1,27.5390625,0,0.1171875]
[3,27.65625,0,0.1171875]
[5,27.890625,0,0.1171875]
[1,28.125,0,0.1171875]
[3,28.2421875,0,0.1171875]
[4,28.359375,0,0.1171875]
[5,28.4765625,0,0.1171875]
[7,28.59375,0,0.1171875]
[3,28.7109375,0,0.1171875]
[4,28.828125,0,0.1171875]
[5,28.9453125,0,0.1171875]
[6,29.0625,0,0.1171875]
[8,29.1796875,0,0.1171875]
[0,29.296875,0,0.1171875]
[2,29.4140625,0,0.1171875]
[7,29.53125,0,0.1171875]
[3,29.6484375,0,0.1171875]
[1,29.765625,0,0.1171875]
[5,29.8828125,0,0.1171875]
[6,30,1,0.234375]
[8,30.234375,1,0.234375]
[4,30.46875,1,0.234375]
[0,30.703125,1,0.234375]
[1,30.9375,0,0.1171875]
[2,31.171875,0,0.234375]
[3,31.23046875,0,0.234375]
[4,31.2890625,0,0.234375]
[5,31.34765625,0,0.234375]
[6,31.40625,0,0.234375]
[2,31.640625,0,0.1171875]
[4,31.7578125,0,0.1171875]
[8,31.875,0,0.1171875]
[6,32.109375,1,0.234375]
[4,32.34375,1,0.234375]
[2,32.578125,1,0.234375]
[1,32.8125,0,0.1171875]
[0,33.046875,0,0.234375]
[4,33.1640625,0,0.234375]
[6,33.28125,0,0.234375]
[2,33.515625,0,0.234375]
[4,33.6328125,0,0.1171875]
[8,33.75,0,0.234375]
[0,33.984375,1,0.234375]
[4,34.21875,1,0.234375]
[8,34.453125,1,0.234375]
[7,34.6875,0,0.1171875]
[6,34.921875,0,0.234375]
[4,35.0390625,0,0.234375]
[8,35.15625,0,0.234375]
[1,35.390625,0,0.234375]
[0,35.5078125,1,0.46875]
[2,35.9765625,0,0.46875]
[4,36.09375,0,0.234375]
[8,36.2109375,0,0.46875]
[6,36.328125,0,0.46875]
[1,36.5625,1,0.234375]
[3,36.796875,1,0.234375]
[7,37.03125,1,0.234375]
[5,37.265625,1,0.234375]
[1,37.5,0,0.1171875]
[6,37.734375,1,0.234375]
[4,37.96875,1,0.234375]
[2,38.203125,1,0.234375]
[1,38.4375,0,0.1171875]
[0,38.671875,0,0.234375]
[5,38.73046875,0,0.234375]
[4,38.7890625,0,0.234375]
[3,38.84765625,0,0.234375]
[8,38.90625,0,0.234375]
[0,39.140625,0,0.234375]
[4,39.2578125,0,0.234375]
[6,39.375,0,0.234375]
[8,39.609375,1,0.234375]
[4,39.84375,1,0.234375]
[0,40.078125,1,0.234375]
[1,40.3125,0,0.1171875]
[2,40.546875,0,0.234375]
[4,40.6640625,0,0.234375]
[8,40.78125,0,0.234375]
[0,41.015625,0,0.234375]
[4,41.1328125,0,0.234375]
[6,41.25,0,0.234375]
[4,41.484375,1,0.234375]
[0,41.71875,0,0.1171875]
[2,41.8359375,0,0.1171875]
[6,41.953125,0,0.1171875]
[8,42.0703125,0,0.1171875]
[4,42.421875,1,0.234375]
[0,42.65625,0,0.1171875]
[1,42.71484375,0,0.1171875]
[2,42.7734375,0,0.1171875]
[6,42.890625,0,0.1171875]
[8,43.0078125,0,0.1171875]
[4,43.125,1,0.234375]
[1,43.4765625,0,0.234375]
[2,43.4765625,0,0.234375]
[5,43.7109375,0,0.234375]
[3,43.7109375,0,0.234375]
[7,43.9453125,1,0.3515625]
[8,43.9453125,1,0.3515625]
[3,44.53125,1,0.234375]
[1,44.765625,1,0.234375]
[2,45,1,0.3515625]
[4,45.3515625,1,0.3515625]
[3,45.703125,1,0.46875]
[8,46.171875,1,0.234375]
[0,46.40625,1,0.234375]
[5,46.640625,1,0.234375]
[4,46.875,1,0.3515625]
[6,47.2265625,1,0.3515625]
[1,47.578125,1,0.46875]
[2,48.046875,1,0.234375]
[3,48.28125,1,0.234375]
[8,48.515625,1,0.234375]
[7,48.75,1,0.3515625]
[0,49.1015625,1,0.3515625]
[4,49.453125,1,0.46875]
[6,49.921875,1,0.234375]
[8,50.15625,1,0.234375]
[3,50.390625,1,0.234375]
[2,50.625,1,0.3515625]
[1,50.9765625,1,0.3515625]
[6,51.328125,1,0.46875]
[5,51.796875,1,0.234375]
[0,52.03125,1,0.234375]
[8,52.265625,1,0.234375]
[1,52.5,0,0.234375]
[4,52.8515625,0,0.234375]
[7,53.203125,0,0.46875]
[1,53.4375,0,0.46875]
[2,53.4375,0,0.46875]
[4,53.7890625,0,0.46875]
[5,53.7890625,0,0.46875]
[7,54.140625,0,0.46875]
[8,54.140625,0,0.46875]
[3,54.375,0,0.3515625]
[2,54.609375,0,0.234375]
[4,54.84375,0,0.234375]
[8,55.078125,0,0.234375]
[0,55.3125,0,0.46875]
[1,55.3125,0,0.46875]
[3,55.6640625,0,0.46875]
[4,55.6640625,0,0.46875]
[6,56.015625,0,0.46875]
[7,56.015625,0,0.46875]
[5,56.25,0,0.3515625]
[7,56.484375,0,0.234375]
[3,56.71875,0,0.234375]
[0,56.953125,0,0.3515625]
[1,57.03125,0,0.3515625]
[2,57.109375,0,0.3515625]
[4,57.1875,0,0.3515625]
[6,57.421875,0,0.234375]
[8,57.65625,0,0.234375]
[3,57.890625,0,0.234375]
[4,57.96875,0,0.234375]
[5,58.046875,0,0.234375]
[0,58.125,0,0.234375]
[2,58.359375,0,0.234375]
[1,58.59375,0,0.234375]
[3,58.7109375,0,0.234375]
[7,58.828125,0,0.234375]
[5,58.9453125,0,0.234375]
[4,59.0625,1,0.234375]
[0,59.296875,1,0.234375]
[2,59.53125,1,0.234375]
[6,59.765625,1,0.234375]
[8,60,0,0.234375]
[3,60.1171875,0,0.234375]
[2,60.234375,0,0.234375]
[1,60.234375,0,0.234375]
[0,60.3515625,0,0.234375]
[4,60.46875,0,0.234375]
[8,60.5859375,0,0.234375]
[6,60.703125,0,0.234375]
[7,60.703125,0,0.234375]
[5,60.8203125,0,0.234375]
[4,60.9375,0,0.234375]
[0,61.0546875,0,0.234375]
[1,61.171875,0,0.234375]
[2,61.171875,0,0.234375]
[3,61.2890625,0,0.234375]
[4,61.40625,0,0.234375]
[5,61.40625,0,0.234375]
[6,61.5234375,0,0.234375]
[7,61.640625,0,0.234375]
[8,61.640625,0,0.234375]
[3,61.7578125,0,0.234375]
[4,61.875,0,0.234375]
[5,61.9921875,0,0.234375]
[1,62.109375,0,0.234375]
[0,62.109375,0,0.234375]
[2,62.2265625,0,0.234375]
[4,62.34375,0,0.234375]
[6,62.4609375,0,0.234375]
[7,62.578125,0,0.234375]
[8,62.578125,0,0.234375]
[3,62.6953125,0,0.234375]
[4,62.8125,0,0.234375]
[2,62.9296875,0,0.234375]
[0,63.046875,0,0.234375]
[1,63.046875,0,0.234375]
[5,63.1640625,0,0.234375]
[3,63.28125,0,0.234375]
[4,63.28125,0,0.234375]
[8,63.3984375,0,0.234375]
[6,63.515625,0,0.234375]
[7,63.515625,0,0.234375]
[5,63.6328125,0,0.234375]
[4,63.75,0,0.234375]
[3,63.8671875,0,0.234375]
[2,63.984375,0,0.234375]
[1,63.984375,0,0.234375]
[0,64.1015625,0,0.234375]
[4,64.21875,0,0.234375]
[8,64.3359375,0,0.234375]
[6,64.453125,0,0.234375]
[7,64.453125,0,0.234375]
[5,64.5703125,0,0.234375]
[4,64.6875,0,0.234375]
[0,64.8046875,0,0.234375]
[1,64.921875,0,0.234375]
[2,64.921875,0,0.234375]
[3,65.0390625,0,0.234375]
[4,65.15625,0,0.234375]
[5,65.15625,0,0.234375]
[6,65.2734375,0,0.234375]
[7,65.390625,0,0.234375]
[8,65.390625,0,0.234375]
[3,65.5078125,0,0.234375]
[4,65.625,0,0.234375]
[5,65.7421875,0,0.234375]
[0,65.859375,0,0.234375]
[1,65.859375,0,0.234375]
[2,65.9765625,0,0.234375]
[4,66.09375,0,0.234375]
[6,66.2109375,0,0.234375]
[8,66.328125,0,0.234375]
[7,66.328125,0,0.234375]
[3,66.4453125,0,0.234375]
[5,66.5625,1,0.234375]
[1,66.796875,1,0.234375]
[3,67.03125,1,0.234375]
[7,67.265625,1,0.234375]
[2,67.5,0,0.234375]
[6,67.6171875,0,0.234375]
[5,67.734375,0,0.234375]
[4,67.734375,0,0.234375]
[3,67.8515625,0,0.234375]
[1,67.96875,0,0.234375]
[2,68.0859375,0,0.234375]
[3,68.203125,0,0.234375]
[4,68.203125,0,0.234375]
[5,68.3203125,0,0.234375]
[7,68.4375,0,0.234375]
[6,68.5546875,0,0.234375]
[2,68.671875,0,0.234375]
[1,68.671875,0,0.234375]
[0,68.7890625,0,0.234375]
[4,68.90625,0,0.234375]
[5,68.90625,0,0.234375]
[3,69.0234375,0,0.234375]
[7,69.140625,0,0.234375]
[8,69.140625,0,0.234375]
[6,69.2578125,0,0.234375]
[5,69.375,0,0.234375]
[0,69.4921875,0,0.234375]
[4,69.609375,0,0.234375]
[5,69.609375,0,0.234375]
[3,69.7265625,0,0.234375]
[7,69.84375,0,0.234375]
[8,69.9609375,0,0.234375]
[3,70.078125,0,0.234375]
[4,70.078125,0,0.234375]
[5,70.1953125,0,0.234375]
[1,70.3125,0,0.234375]
[0,70.4296875,0,0.234375]
[7,70.546875,0,0.234375]
[8,70.546875,0,0.234375]
[6,70.6640625,0,0.234375]
[4,70.78125,0,0.234375]
[5,70.78125,0,0.234375]
[3,70.8984375,0,0.234375]
[1,71.015625,0,0.234375]
[2,71.015625,0,0.234375]
[0,71.1328125,0,0.234375]
[5,71.25,0,0.234375]
[6,71.3671875,0,0.234375]
[4,71.484375,0,0.234375]
[5,71.484375,0,0.234375]
[3,71.6015625,0,0.234375]
[1,71.71875,0,0.234375]
[2,71.8359375,0,0.234375]
[3,71.953125,0,0.234375]
[4,71.953125,0,0.234375]
[5,72.0703125,0,0.234375]
[7,72.1875,0,0.234375]
[6,72.3046875,0,0.234375]
[1,72.421875,0,0.234375]
[2,72.421875,0,0.234375]
[0,72.5390625,0,0.234375]
[4,72.65625,0,0.234375]
[5,72.65625,0,0.234375]
[3,72.7734375,0,0.234375]
[7,72.890625,0,0.234375]
[8,72.890625,0,0.234375]
[6,73.0078125,0,0.234375]
[2,73.125,0,0.234375]
[2,73.2421875,0,0.234375]
[7,73.4765625,0,0.234375]
[3,73.7109375,0,0.234375]
[5,73.9453125,0,0.234375]
[0,74.1796875,0,0.234375]
[1,74.4140625,0,0.234375]
[4,74.53125,0,0.234375]
[7,74.765625,0,0.234375]
[0,75,1,0.46875]
[2,75,1,0.46875]
[4,75.46875,0,1.171875]
[6,75.5859375,0,0.46875]
[7,75.8203125,1,0.5859375]
[8,75.8203125,1,0.5859375]
[3,76.40625,0,0.5859375]
[4,76.5234375,0,0.5859375]
[5,76.640625,0,0.5859375]
[6,76.7578125,0,0.5859375]
[1,76.875,1,0.46875]
[2,76.875,1,0.46875]
[3,77.34375,0,0.46875]
[4,77.4609375,0,0.46875]
[6,77.6953125,1,0.5859375]
[8,77.6953125,1,0.5859375]
[4,78.28125,0,0.5859375]
[1,78.515625,0,0.5859375]
[0,78.75,1,0.46875]
[2,78.75,1,0.46875]
[4,79.21875,0,1.171875]
[8,79.3359375,0,0.46875]
[7,79.5703125,1,0.5859375]
[6,79.5703125,1,0.5859375]
[5,80.15625,0,0.5859375]
[4,80.2734375,0,0.5859375]
[3,80.390625,0,0.5859375]
[8,80.5078125,0,0.5859375]
[1,80.625,1,0.46875]
[0,80.625,1,0.46875]
[5,81.09375,0,0.46875]
[4,81.2109375,0,0.46875]
[6,81.4453125,1,0.5859375]
[8,81.4453125,1,0.5859375]
[4,82.03125,0,0.5859375]
[1,82.265625,0,0.5859375]
[2,82.5,0,0.234375]
[2,82.734375,0,0.234375]
[6,82.96875,0,0.234375]
[7,83.0859375,0,0.234375]
[3,83.203125,0,0.234375]
[4,83.3203125,0,0.234375]
[2,83.4375,0,0.234375]
[0,83.671875,0,0.234375]
[1,83.7890625,0,0.234375]
[2,83.90625,0,0.234375]
[7,84.140625,0,0.234375]
[0,84.375,0,0.234375]
[8,84.609375,0,0.234375]
[7,84.7265625,0,0.234375]
[5,84.84375,0,0.234375]
[4,84.9609375,0,0.234375]
[2,85.078125,0,0.234375]
[1,85.1953125,0,0.234375]
[0,85.3125,0,0.234375]
[8,85.546875,0,0.234375]
[4,85.6640625,0,0.234375]
[5,85.78125,0,0.234375]
[1,85.8984375,0,0.234375]
[6,86.1328125,0,0.234375]
[4,86.25,0,0.234375]
[1,86.484375,0,0.234375]
[6,86.71875,0,0.234375]
[8,86.8359375,0,0.234375]
[3,86.953125,0,0.234375]
[5,87.0703125,0,0.234375]
[1,87.1875,0,0.234375]
[0,87.421875,0,0.234375]
[4,87.5390625,0,0.234375]
[2,87.65625,0,0.234375]
[6,87.890625,0,0.234375]
[8,88.0078125,0,0.234375]
[1,88.2421875,0,0.234375]
[5,88.359375,0,0.234375]
[7,88.4765625,0,0.234375]
[3,88.59375,0,0.234375]
[2,88.7109375,0,0.234375]
[6,88.828125,0,0.234375]
[8,88.9453125,0,0.234375]
[0,89.0625,1,0.234375]
[2,89.296875,1,0.234375]
[6,89.53125,1,0.46875]
[2,90,0,0.46875]
[1,90,0,0.234375]
[5,90.234375,0,0.46875]
[4,90.234375,0,0.46875]
[6,90.46875,0,0.46875]
[7,90.46875,0,0.46875]
[5,90.5859375,0,0.46875]
[3,90.703125,0,0.46875]
[4,90.703125,0,0.46875]
[2,90.8203125,0,0.46875]
[0,90.9375,0,0.46875]
[1,90.9375,0,0.46875]
[7,91.171875,0,0.46875]
[8,91.171875,0,0.46875]
[3,91.2890625,0,0.46875]
[1,91.40625,0,0.46875]
[2,91.40625,0,0.46875]
[4,91.640625,0,0.46875]
[5,91.640625,0,0.46875]
[0,91.875,0,0.46875]
[3,91.875,0,0.46875]
[8,92.109375,0,0.46875]
[7,92.109375,0,0.234375]
[3,92.2265625,0,0.46875]
[4,92.34375,0,0.46875]
[5,92.34375,0,0.46875]
[0,92.4609375,0,0.46875]
[1,92.578125,0,0.46875]
[2,92.578125,0,0.46875]
[3,92.6953125,0,0.46875]
[7,92.8125,0,0.46875]
[8,92.8125,0,0.46875]
[0,93.046875,0,0.46875]
[1,93.046875,0,0.46875]
[5,93.1640625,0,0.46875]
[6,93.28125,0,0.46875]
[7,93.28125,0,0.46875]
[2,93.515625,0,0.234375]
[5,93.515625,0,0.234375]
[0,93.75,0,0.234375]
[1,93.75,0,0.234375]
[4,93.984375,0,0.234375]
[5,93.984375,0,0.234375]
[6,94.21875,0,0.234375]
[7,94.21875,0,0.234375]
[5,94.3359375,0,0.234375]
[3,94.453125,0,0.234375]
[4,94.453125,0,0.234375]
[2,94.5703125,0,0.234375]
[0,94.6875,0,0.234375]
[1,94.6875,0,0.234375]
[7,94.921875,0,0.234375]
[8,94.921875,0,0.234375]
[3,95.0390625,0,0.234375]
[1,95.15625,0,0.234375]
[2,95.15625,0,0.234375]
[3,95.390625,0,0.234375]
[6,95.390625,0,0.1171875]
[7,95.5078125,0,0.234375]
[8,95.5078125,0,0.234375]
[2,95.7421875,0,0.234375]
[4,95.859375,0,0.234375]
[5,95.9765625,0,0.234375]
[1,96.09375,0,0.234375]
[3,96.2109375,0,0.234375]
[7,96.328125,0,0.234375]
[6,96.4453125,0,0.234375]
[4,96.5625,0,0.234375]
[8,96.796875,0,0.234375]
[7,97.03125,0,0.234375]
[6,97.265625,0,0.234375]
[1,97.5,0,0.234375]
[2,97.5,0,0.46875]
[4,97.734375,0,0.46875]
[5,97.734375,0,0.46875]
[7,97.96875,0,0.46875]
[6,97.96875,0,0.46875]
[5,98.0859375,0,0.46875]
[3,98.203125,0,0.46875]
[4,98.203125,0,0.46875]
[2,98.3203125,0,0.46875]
[0,98.4375,0,0.46875]
[1,98.4375,0,0.46875]
[7,98.671875,0,0.46875]
[8,98.671875,0,0.46875]
[3,98.7890625,0,0.46875]
[1,98.90625,0,0.46875]
[2,98.90625,0,0.46875]
[4,99.140625,0,0.46875]
[5,99.140625,0,0.46875]
[0,99.375,0,0.46875]
[3,99.375,0,0.46875]
[8,99.609375,0,0.46875]
[7,99.609375,0,0.234375]
[3,99.7265625,0,0.46875]
[4,99.84375,0,0.46875]
[5,99.84375,0,0.46875]
[0,99.9609375,0,0.46875]
[1,100.078125,0,0.46875]
[2,100.078125,0,0.46875]
[3,100.1953125,0,0.46875]
[7,100.3125,0,0.46875]
[8,100.3125,0,0.46875]
[1,100.546875,0,0.234375]
[2,100.546875,0,0.234375]
[3,100.6640625,0,0.234375]
[7,100.78125,0,0.234375]
[8,100.78125,0,0.234375]
[6,100.8984375,0,0.234375]
[0,101.1328125,0,0.1171875]
[1,101.25,0,0.234375]
[2,101.25,0,0.234375]
[4,101.484375,0,0.234375]
[5,101.484375,0,0.234375]
[6,101.71875,0,0.234375]
[7,101.71875,0,0.234375]
[5,101.8359375,0,0.234375]
[3,101.953125,0,0.234375]
[4,101.953125,0,0.234375]
[2,102.0703125,0,0.234375]
[0,102.1875,0,0.234375]
[1,102.1875,0,0.234375]
[7,102.421875,0,0.234375]
[8,102.421875,0,0.234375]
[3,102.5390625,0,0.234375]
[1,102.65625,0,0.234375]
[2,102.65625,0,0.234375]
[4,102.890625,0,0.234375]
[6,103.0078125,0,0.234375]
[8,103.0078125,0,0.1171875]
[0,103.2421875,0,0.234375]
[4,103.359375,0,0.234375]
[3,103.4765625,0,0.234375]
[1,103.59375,0,0.234375]
[5,103.7109375,0,0.234375]
[7,103.828125,0,0.234375]
[8,103.9453125,0,0.234375]
[4,104.0625,1,0.234375]
[2,104.296875,1,0.234375]
[0,104.53125,1,0.46875]
[2,105,0,0.234375]
[2,105.1171875,0,0.234375]
[6,105.234375,0,0.234375]
[4,105.3515625,0,0.234375]
[4,105.46875,0,0.234375]
[3,105.5859375,0,0.234375]
[8,105.703125,0,0.234375]
[8,105.8203125,0,0.234375]
[0,105.9375,0,0.234375]
[5,106.0546875,0,0.234375]
[5,106.171875,0,0.234375]
[3,106.2890625,0,0.234375]
[1,106.40625,0,0.234375]
[1,106.5234375,0,0.234375]
[6,106.640625,0,0.234375]
[7,106.875,0,0.234375]
[7,106.9921875,0,0.234375]
[0,107.109375,0,0.234375]
[5,107.2265625,0,0.234375]
[5,107.34375,0,0.234375]
[3,107.4609375,0,0.234375]
[1,107.578125,0,0.234375]
[1,107.6953125,0,0.234375]
[6,107.8125,0,0.234375]
[4,107.9296875,0,0.234375]
[4,108.046875,0,0.234375]
[3,108.1640625,0,0.234375]
[7,108.28125,0,0.234375]
[7,108.3984375,0,0.234375]
[0,108.515625,0,0.234375]
[2,108.75,0,0.234375]
[2,108.8671875,0,0.234375]
[6,108.984375,0,0.234375]
[7,109.1015625,0,0.234375]
[7,109.21875,0,0.234375]
[0,109.3359375,0,0.234375]
[1,109.453125,0,0.234375]
[1,109.5703125,0,0.234375]
[6,109.6875,0,0.234375]
[8,109.8046875,0,0.234375]
[8,109.921875,0,0.234375]
[0,110.0390625,0,0.234375]
[4,110.15625,0,0.234375]
[4,110.2734375,0,0.234375]
[3,110.390625,0,0.234375]
[7,110.625,0,0.234375]
[7,110.7421875,0,0.234375]
[0,110.859375,0,0.234375]
[2,110.9765625,0,0.234375]
[2,111.09375,0,0.234375]
[6,111.2109375,0,0.234375]
[8,111.328125,0,0.234375]
[8,111.4453125,0,0.234375]
[0,111.5625,0,0.234375]
[1,111.6796875,0,0.234375]
[1,111.796875,0,0.234375]
[6,111.9140625,0,0.234375]
[5,112.03125,0,0.234375]
[5,112.1484375,0,0.234375]
[3,112.265625,0,0.234375]
[1,112.5,0,0.234375]
[2,112.5,0,0.1171875]
[1,112.6171875,0,0.234375]
[2,112.6171875,0,0.1171875]
[6,112.734375,0,0.234375]
[5,112.8515625,0,0.234375]
[4,112.8515625,0,0.1171875]
[5,112.96875,0,0.234375]
[4,112.96875,0,0.1171875]
[3,113.0859375,0,0.234375]
[7,113.203125,0,0.234375]
[8,113.203125,0,0.1171875]
[7,113.3203125,0,0.234375]
[8,113.3203125,0,0.1171875]
[0,113.4375,0,0.234375]
[4,113.5546875,0,0.234375]
[5,113.5546875,0,0.1171875]
[4,113.671875,0,0.234375]
[5,113.671875,0,0.1171875]
[3,113.7890625,0,0.234375]
[2,113.90625,0,0.234375]
[1,113.90625,0,0.1171875]
[2,114.0234375,0,0.234375]
[1,114.0234375,0,0.1171875]
[6,114.140625,0,0.234375]
[8,114.375,0,0.234375]
[7,114.375,0,0.1171875]
[8,114.4921875,0,0.234375]
[7,114.4921875,0,0.1171875]
[0,114.609375,0,0.234375]
[4,114.7265625,0,0.234375]
[5,114.7265625,0,0.1171875]
[4,114.84375,0,0.234375]
[5,114.84375,0,0.1171875]
[3,114.9609375,0,0.234375]
[2,115.078125,0,0.234375]
[1,115.078125,0,0.1171875]
[2,115.1953125,0,0.234375]
[1,115.1953125,0,0.1171875]
[6,115.3125,0,0.234375]
[5,115.4296875,0,0.234375]
[4,115.4296875,0,0.1171875]
[5,115.546875,0,0.234375]
[4,115.546875,0,0.1171875]
[3,115.6640625,0,0.234375]
[8,115.78125,0,0.234375]
[7,115.78125,0,0.1171875]
[8,115.8984375,0,0.234375]
[7,115.8984375,0,0.1171875]
[0,116.015625,0,0.234375]
[1,116.25,0,0.3515625]
[2,116.25,0,0.3515625]
[1,116.3671875,0,0.3515625]
[2,116.3671875,0,0.3515625]
[6,116.484375,0,0.3515625]
[7,116.484375,0,0.3515625]
[4,116.6015625,0,0.234375]
[5,116.6015625,0,0.234375]
[4,116.71875,0,0.234375]
[5,116.71875,0,0.234375]
[7,116.8359375,0,0.3515625]
[6,116.8359375,0,0.3515625]
[1,116.953125,0,0.3515625]
[2,116.953125,0,0.3515625]
[1,117.0703125,0,0.3515625]
[2,117.0703125,0,0.3515625]
[6,117.1875,0,0.3515625]
[7,117.1875,0,0.3515625]
[5,117.421875,0,0.3515625]
[8,117.421875,0,0.3515625]
[0,117.65625,0,0.3515625]
[3,117.65625,0,0.3515625]
[1,117.890625,0,0.3515625]
[2,117.890625,0,0.3515625]
[4,118.0078125,0,0.3515625]
[2,118.2421875,0,0.3515625]
[1,118.359375,0,0.3515625]
[3,118.4765625,0,0.3515625]
[4,118.59375,0,0.3515625]
[5,118.7109375,0,0.3515625]
[7,118.828125,0,0.3515625]
[6,118.9453125,0,0.3515625]
[1,119.0625,1,0.234375]
[5,119.296875,1,0.234375]
[7,119.53125,1,0.234375]
[3,119.765625,1,0.234375]
[4,120,0,0.234375]