[0,0,1,2.8125]
[4,0,1,0.9375]
[2,0.9375,1,1.875]
[7,2.8125,0,0.9375]
[4,3.125,0,0.9375]
[2,3.4375,0,0.9375]
[3,3.75,1,2.8125]
[7,3.75,1,0.9375]
[2,4.6875,1,1.875]
[7,6.5625,0,0.9375]
[4,6.875,0,0.9375]
[2,7.1875,0,0.9375]
[6,7.5,1,2.8125]
[4,7.5,0,0.9375]
[2,7.8125,0,0.9375]
[4,8.125,0,0.9375]
[5,8.28125,1,2.03125]
[7,10.3125,0,0.9375]
[4,10.625,0,0.9375]
[2,10.9375,0,0.9375]
[3,11.25,1,3.75]
[8,11.25,1,1.875]
[7,13.125,1,1.875]
[6,15,0,0.9375]
[4,15,1,0.9375]
[3,15.3125,0,0.9375]
[0,15.625,0,0.9375]
[6,15.9375,0,0.9375]
[2,15.9375,1,1.875]
[3,16.25,0,0.9375]
[0,16.5625,0,0.9375]
[6,16.875,0,0.9375]
[3,17.1875,0,0.9375]
[0,17.5,0,0.9375]
[6,17.8125,0,0.9375]
[7,17.8125,0,0.9375]
[3,18.125,0,0.9375]
[4,18.125,0,0.9375]
[0,18.4375,0,0.9375]
[2,18.4375,0,0.9375]
[6,18.75,0,0.9375]
[7,18.75,1,0.9375]
[3,19.0625,0,0.9375]
[0,19.375,0,0.9375]
[6,19.6875,0,0.9375]
[2,19.6875,1,1.875]
[3,20,0,0.9375]
[0,20.3125,0,0.9375]
[6,20.625,0,0.9375]
[3,20.9375,0,0.9375]
[0,21.25,0,0.9375]
[6,21.5625,0,0.9375]
[7,21.5625,0,0.9375]
[3,21.875,0,0.9375]
[4,21.875,0,0.9375]
[0,22.1875,0,0.9375]
[2,22.1875,0,0.9375]
[6,22.5,0,0.9375]
[4,22.5,0,0.9375]
[3,22.8125,0,0.9375]
[2,22.8125,0,0.9375]
[0,23.125,0,0.9375]
[4,23.125,0,0.9375]
[5,23.28125,1,2.03125]
[6,23.4375,0,0.9375]
[3,23.75,0,0.9375]
[0,24.0625,0,0.9375]
[6,24.375,0,0.9375]
[3,24.6875,0,0.9375]
[0,25,0,0.9375]
[6,25.3125,0,0.9375]
[7,25.3125,0,0.9375]
[3,25.625,0,0.9375]
[4,25.625,0,0.9375]
[0,25.9375,0,0.9375]
[2,25.9375,0,0.9375]
[6,26.25,0,0.9375]
[8,26.25,1,1.875]
[3,26.5625,0,0.9375]
[0,26.875,0,0.9375]
[6,27.1875,0,0.9375]
[3,27.5,0,0.9375]
[0,27.8125,0,0.9375]
[6,28.125,0,0.9375]
[7,28.125,1,1.875]
[3,28.4375,0,0.9375]
[0,28.75,0,0.9375]
[6,29.0625,0,0.9375]
[3,29.375,0,0.9375]
[0,29.6875,0,0.9375]
[6,30,0,0.9375]
[4,30,1,0.9375]
[3,30.3125,0,0.9375]
[0,30.625,0,0.9375]
[6,30.9375,0,0.9375]
[1,30.9375,1,1.875]
[3,31.25,0,0.9375]
[0,31.5625,0,0.9375]
[6,31.875,0,0.9375]
[3,32.1875,0,0.9375]
[0,32.5,0,0.9375]
[6,32.8125,0,0.9375]
[7,32.8125,0,0.9375]
[3,33.125,0,0.9375]
[4,33.125,0,0.9375]
[0,33.4375,0,0.9375]
[1,33.4375,0,0.9375]
[6,33.75,0,0.9375]
[7,33.75,1,0.9375]
[3,34.0625,0,0.9375]
[0,34.375,0,0.9375]
[6,34.6875,0,0.9375]
[1,34.6875,1,1.875]
[3,35,0,0.9375]
[0,35.3125,0,0.9375]
[6,35.625,0,0.9375]
[3,35.9375,0,0.9375]
[0,36.25,0,0.9375]
[6,36.5625,0,0.9375]
[7,36.5625,0,0.9375]
[3,36.875,0,0.9375]
[4,36.875,0,0.9375]
[0,37.1875,0,0.9375]
[1,37.1875,0,0.9375]
[6,37.5,0,0.9375]
[7,37.5,0,0.9375]
[3,37.8125,0,0.9375]
[1,37.8125,0,0.9375]
[0,38.125,0,0.9375]
[4,38.125,0,0.9375]
[1,38.28125,1,2.03125]
[6,38.4375,0,0.9375]
[3,38.75,0,0.9375]
[0,39.0625,0,0.9375]
[6,39.375,0,0.9375]
[3,39.6875,0,0.9375]
[0,40,0,0.9375]
[6,40.3125,0,0.9375]
[7,40.3125,0,0.9375]
[3,40.625,0,0.9375]
[4,40.625,0,0.9375]
[0,40.9375,0,0.9375]
[1,40.9375,0,0.9375]
[6,41.25,0,0.9375]
[4,41.25,1,1.875]
[3,41.5625,0,0.9375]
[0,41.875,0,0.9375]
[6,42.1875,0,0.9375]
[3,42.5,0,0.9375]
[0,42.8125,0,0.9375]
[6,43.125,0,0.9375]
[7,43.125,1,1.875]
[3,43.4375,0,0.9375]
[0,43.75,0,0.9375]
[6,44.0625,0,0.9375]
[3,44.375,0,0.9375]
[0,44.6875,0,0.9375]
[2,45,1,2.8125]
[6,45,0,0.9375]
[4,45,1,0.9375]
[3,45.3125,0,0.9375]
[0,45.625,0,0.9375]
[6,45.9375,0,0.9375]
[1,45.9375,1,1.875]
[3,46.25,0,0.9375]
[0,46.5625,0,0.9375]
[6,46.875,0,0.9375]
[3,47.1875,0,0.9375]
[0,47.5,0,0.9375]
[6,47.8125,0,0.9375]
[7,47.8125,0,0.9375]
[3,48.125,0,0.9375]
[4,48.125,0,0.9375]
[0,48.4375,0,0.9375]
[1,48.4375,0,0.9375]
[5,48.75,1,2.8125]
[6,48.75,0,0.9375]
[7,48.75,1,0.9375]
[3,49.0625,0,0.9375]
[0,49.375,0,0.9375]
[6,49.6875,0,0.9375]
[1,49.6875,1,1.875]
[3,50,0,0.9375]
[0,50.3125,0,0.9375]
[6,50.625,0,0.9375]
[3,50.9375,0,0.9375]
[0,51.25,0,0.9375]
[6,51.5625,0,0.9375]
[7,51.5625,0,0.9375]
[3,51.875,0,0.9375]
[4,51.875,0,0.9375]
[0,52.1875,0,0.9375]
[1,52.1875,0,0.9375]
[8,52.5,1,3.75]
[6,52.5,0,0.9375]
[7,52.5,0,0.9375]
[3,52.8125,0,0.9375]
[4,52.8125,0,0.9375]
[0,53.125,0,0.9375]
[7,53.125,0,0.9375]
[5,53.28125,0,0.9375]
[6,53.4375,0,0.9375]
[3,53.75,0,0.9375]
[0,54.0625,0,0.9375]
[6,54.375,0,0.9375]
[3,54.6875,0,0.9375]
[0,55,0,0.9375]
[6,55.3125,0,0.9375]
[3,55.625,0,0.9375]
[0,55.9375,0,0.9375]
[6,56.25,0,0.9375]
[4,56.25,1,3.75]
[3,56.5625,0,0.9375]
[0,56.875,0,0.9375]
[6,57.1875,0,0.9375]
[3,57.5,0,0.9375]
[0,57.8125,0,0.9375]
[6,58.125,0,0.9375]
[3,58.4375,0,0.9375]
[0,58.75,0,0.9375]
[6,59.0625,0,0.9375]
[3,59.375,0,0.9375]
[0,59.6875,0,0.9375]
[6,60,0,0.9375]
[2,60.15625,0,0.9375]
[3,60.3125,0,0.9375]
[2,60.46875,0,0.9375]
[0,60.625,0,0.9375]
[2,60.78125,0,0.9375]
[6,60.9375,0,0.9375]
[2,61.09375,0,0.9375]
[3,61.25,0,0.9375]
[2,61.40625,0,0.9375]
[0,61.5625,0,0.9375]
[2,61.71875,0,0.9375]
[6,61.875,0,0.9375]
[2,62.03125,0,0.9375]
[3,62.1875,0,0.9375]
[2,62.34375,0,0.9375]
[0,62.5,0,0.9375]
[2,62.65625,0,0.9375]
[6,62.8125,0,0.9375]
[2,62.96875,0,0.9375]
[3,63.125,0,0.9375]
[2,63.28125,0,0.9375]
[0,63.4375,0,0.9375]
[2,63.59375,0,0.9375]
[6,63.74999999999999,0,0.9375]
[5,63.90625,0,0.9375]
[3,64.0625,0,0.9375]
[5,64.21875,0,0.9375]
[0,64.375,0,0.9375]
[5,64.53125,0,0.9375]
[6,64.6875,0,0.9375]
[5,64.84375,0,0.9375]
[3,65,0,0.9375]
[5,65.15625,0,0.9375]
[0,65.3125,0,0.9375]
[5,65.46875,0,0.9375]
[6,65.625,0,0.9375]
[5,65.78125,0,0.9375]
[3,65.9375,0,0.9375]
[5,66.09375,0,0.9375]
[0,66.25,0,0.9375]
[5,66.40625,0,0.9375]
[6,66.5625,0,0.9375]
[5,66.71875,0,0.9375]
[3,66.875,0,0.9375]
[5,67.03125,0,0.9375]
[0,67.1875,0,0.9375]
[5,67.34375,0,0.9375]
[6,67.5,0,0.9375]
[8,67.65625,0,0.9375]
[3,67.8125,0,0.9375]
[8,67.96875,0,0.9375]
[0,68.125,0,0.9375]
[8,68.28125,0,0.9375]
[6,68.4375,0,0.9375]
[8,68.59375,0,0.9375]
[3,68.75,0,0.9375]
[8,68.90625,0,0.9375]
[0,69.0625,0,0.9375]
[8,69.21875,0,0.9375]
[6,69.375,0,0.9375]
[8,69.53125,0,0.9375]
[3,69.6875,0,0.9375]
[8,69.84375,0,0.9375]
[0,70,0,0.9375]
[8,70.15625,0,0.9375]
[6,70.3125,0,0.9375]
[8,70.46875,0,0.9375]
[3,70.625,0,0.9375]
[8,70.78125,0,0.9375]
[0,70.9375,0,0.9375]
[8,71.09375,0,0.9375]
[6,71.25,0,0.9375]
[5,71.40625,0,0.9375]
[3,71.5625,0,0.9375]
[5,71.71875,0,0.9375]
[0,71.875,0,0.9375]
[5,72.03125,0,0.9375]
[6,72.1875,0,0.9375]
[5,72.34375,0,0.9375]
[3,72.5,0,0.9375]
[5,72.65625,0,0.9375]
[0,72.8125,0,0.9375]
[5,72.96875,0,0.9375]
[6,73.125,0,0.9375]
[5,73.28125,0,0.9375]
[3,73.4375,0,0.9375]
[5,73.59375,0,0.9375]
[0,73.75,0,0.9375]
[5,73.90625,0,0.9375]
[6,74.0625,0,0.9375]
[5,74.21875,0,0.9375]
[3,74.375,0,0.9375]
[5,74.53125,0,0.9375]
[0,74.6875,0,0.9375]
[1,75,1,1.5625]
[6,75,0,0.9375]
[2,75.15624999999999,0,0.9375]
[3,75.31249999999999,0,0.9375]
[2,75.46874999999999,0,0.9375]
[0,75.62499999999999,0,0.9375]
[2,75.78124999999999,0,0.9375]
[6,75.93749999999999,0,0.9375]
[2,76.09374999999999,0,0.9375]
[3,76.24999999999999,0,0.9375]
[2,76.40624999999999,0,0.9375]
[0,76.56249999999999,0,0.9375]
[2,76.71874999999999,0,0.9375]
[4,76.875,1,1.5625]
[6,76.875,0,0.9375]
[2,77.03124999999999,0,0.9375]
[3,77.18749999999999,0,0.9375]
[2,77.34374999999999,0,0.9375]
[0,77.49999999999999,0,0.9375]
[2,77.65624999999999,0,0.9375]
[6,77.81249999999999,0,0.9375]
[2,77.96874999999999,0,0.9375]
[3,78.12499999999999,0,0.9375]
[2,78.28124999999999,0,0.9375]
[0,78.43749999999999,0,0.9375]
[2,78.59374999999999,0,0.9375]
[4,78.75,1,1.5625]
[6,78.75,0,0.9375]
[5,78.90625,0,0.9375]
[3,79.06249999999999,0,0.9375]
[5,79.21875,0,0.9375]
[0,79.37499999999999,0,0.9375]
[5,79.53125,0,0.9375]
[6,79.68749999999999,0,0.9375]
[5,79.84375,0,0.9375]
[3,79.99999999999999,0,0.9375]
[5,80.15625,0,0.9375]
[0,80.31249999999999,0,0.9375]
[5,80.46875,0,0.9375]
[7,80.625,1,1.5625]
[6,80.625,0,0.9375]
[5,80.78125,0,0.9375]
[3,80.93749999999999,0,0.9375]
[5,81.09375,0,0.9375]
[0,81.24999999999999,0,0.9375]
[5,81.40625,0,0.9375]
[6,81.56249999999999,0,0.9375]
[5,81.71875,0,0.9375]
[3,81.87499999999999,0,0.9375]
[5,82.03125,0,0.9375]
[0,82.18749999999999,0,0.9375]
[5,82.34375,0,0.9375]
[4,82.5,1,1.5625]
[6,82.5,0,0.9375]
[8,82.65625,0,0.9375]
[3,82.81249999999999,0,0.9375]
[8,82.96875,0,0.9375]
[0,83.12499999999999,0,0.9375]
[8,83.28125,0,0.9375]
[6,83.43749999999999,0,0.9375]
[8,83.59375,0,0.9375]
[3,83.74999999999999,0,0.9375]
[8,83.90625,0,0.9375]
[0,84.06249999999999,0,0.9375]
[8,84.21875,0,0.9375]
[4,84.375,1,1.5625]
[6,84.375,0,0.9375]
[8,84.53125,0,0.9375]
[3,84.68749999999999,0,0.9375]
[8,84.84375,0,0.9375]
[0,84.99999999999999,0,0.9375]
[8,85.15625,0,0.9375]
[6,85.31249999999999,0,0.9375]
[8,85.46875,0,0.9375]
[3,85.62499999999999,0,0.9375]
[8,85.78125,0,0.9375]
[0,85.93749999999999,0,0.9375]
[8,86.09375,0,0.9375]
[7,86.25,1,1.5625]
[6,86.25,0,0.9375]
[5,86.40625,0,0.9375]
[3,86.56249999999999,0,0.9375]
[5,86.71875,0,0.9375]
[0,86.87499999999999,0,0.9375]
[5,87.03125,0,0.9375]
[6,87.18749999999999,0,0.9375]
[5,87.34375,0,0.9375]
[3,87.49999999999999,0,0.9375]
[5,87.65625,0,0.9375]
[0,87.81249999999999,0,0.9375]
[5,87.96875,0,0.9375]
[7,88.125,1,0.625]
[6,88.125,0,0.9375]
[5,88.28125,0,0.9375]
[3,88.43749999999999,0,0.9375]
[5,88.59375,0,0.9375]
[0,88.74999999999999,0,0.9375]
[5,88.90625,0,0.9375]
[4,89.0625,1,0.625]
[6,89.0625,0,0.9375]
[5,89.21875,0,0.9375]
[3,89.37499999999999,0,0.9375]
[5,89.53125,0,0.9375]
[0,89.68749999999999,0,0.9375]
[1,90,1,1.5625]
[6,90,0,0.9375]
[2,90.15624999999999,0,0.9375]
[3,90.31249999999999,0,0.9375]
[2,90.46874999999999,0,0.9375]
[0,90.62499999999999,0,0.9375]
[2,90.78124999999999,0,0.9375]
[6,90.93749999999999,0,0.9375]
[2,91.09374999999999,0,0.9375]
[3,91.24999999999999,0,0.9375]
[2,91.40624999999999,0,0.9375]
[0,91.56249999999999,0,0.9375]
[2,91.71874999999999,0,0.9375]
[4,91.875,1,1.5625]
[6,91.875,0,0.9375]
[2,92.03124999999999,0,0.9375]
[3,92.18749999999999,0,0.9375]
[2,92.34374999999999,0,0.9375]
[0,92.49999999999999,0,0.9375]
[2,92.65624999999999,0,0.9375]
[6,92.81249999999999,0,0.9375]
[2,92.96874999999999,0,0.9375]
[3,93.12499999999999,0,0.9375]
[2,93.28124999999999,0,0.9375]
[0,93.43749999999999,0,0.9375]
[2,93.59374999999999,0,0.9375]
[4,93.75,1,1.5625]
[6,93.75,0,0.9375]
[5,93.90625,0,0.9375]
[3,94.06249999999999,0,0.9375]
[5,94.21875,0,0.9375]
[0,94.37499999999999,0,0.9375]
[5,94.53125,0,0.9375]
[6,94.68749999999999,0,0.9375]
[5,94.84375,0,0.9375]
[3,94.99999999999999,0,0.9375]
[5,95.15625,0,0.9375]
[0,95.31249999999999,0,0.9375]
[5,95.46875,0,0.9375]
[7,95.625,1,1.5625]
[6,95.625,0,0.9375]
[5,95.78125,0,0.9375]
[3,95.93749999999999,0,0.9375]
[5,96.09375,0,0.9375]
[0,96.24999999999999,0,0.9375]
[5,96.40625,0,0.9375]
[6,96.56249999999999,0,0.9375]
[5,96.71875,0,0.9375]
[3,96.87499999999999,0,0.9375]
[5,97.03125,0,0.9375]
[0,97.18749999999999,0,0.9375]
[5,97.34375,0,0.9375]
[4,97.5,1,1.5625]
[6,97.5,0,0.9375]
[8,97.65625,0,0.9375]
[3,97.81249999999999,0,0.9375]
[8,97.96875,0,0.9375]
[0,98.12499999999999,0,0.9375]
[8,98.28125,0,0.9375]
[6,98.43749999999999,0,0.9375]
[8,98.59375,0,0.9375]
[3,98.74999999999999,0,0.9375]
[8,98.90625,0,0.9375]
[0,99.06249999999999,0,0.9375]
[8,99.21875,0,0.9375]
[4,99.375,1,1.5625]
[6,99.375,0,0.9375]
[8,99.53125,0,0.9375]
[3,99.68749999999999,0,0.9375]
[8,99.84375,0,0.9375]
[0,99.99999999999999,0,0.9375]
[8,100.15625,0,0.9375]
[6,100.31249999999999,0,0.9375]
[8,100.46875,0,0.9375]
[3,100.62499999999999,0,0.9375]
[8,100.78125,0,0.9375]
[0,100.93749999999999,0,0.9375]
[8,101.09375,0,0.9375]
[7,101.25,1,1.5625]
[6,101.25,0,0.9375]
[5,101.40625,0,0.9375]
[3,101.56249999999999,0,0.9375]
[5,101.71875,0,0.9375]
[0,101.87499999999999,0,0.9375]
[5,102.03125,0,0.9375]
[6,102.18749999999999,0,0.9375]
[5,102.34375,0,0.9375]
[3,102.49999999999999,0,0.9375]
[5,102.65625,0,0.9375]
[0,102.81249999999999,0,0.9375]
[4,103.125,0,0.9375]
[5,103.125,0,0.9375]
[3,103.59375,0,0.9375]
[6,103.59375,0,0.9375]
[2,104.0625,0,0.9375]
[4,104.21875,0,0.9375]
[6,104.375,0,0.9375]
[8,104.53125,1,0.46875]
[4,105,1,0.9375]
[0,105,1,1.875]
[2,105.9375,1,1.40625]
[7,107.8125,0,0.9375]
[4,108.125,0,0.9375]
[2,108.4375,0,0.9375]
[7,108.75,1,0.9375]
[3,108.75,1,1.875]
[2,109.6875,1,1.40625]
[7,111.5625,0,0.9375]
[4,111.875,0,0.9375]
[2,112.1875,0,0.9375]
[4,112.5,0,0.9375]
[6,112.5,1,1.875]
[2,112.8125,0,0.9375]
[4,113.125,0,0.9375]
[5,113.28125,1,1.09375]
[7,115.3125,0,0.9375]
[4,115.625,0,0.9375]
[2,115.9375,0,0.9375]
[8,116.25,1,1.40625]
[3,116.25,1,1.875]
[7,118.125,1,0.9375]
[8,119.375,0,0.9375]
[5,119.6875,0,0.9375]
[0,120,1,0.9375]
[4,120,1,0.9375]
[6,120.9375,1,0.9375]
[2,120.9375,1,1.40625]
[0,121.875,1,0.9375]
[6,122.8125,1,0.9375]
[4,122.8125,0,0.9375]
[5,123.125,0,0.9375]
[2,123.4375,0,0.9375]
[3,123.75,1,0.9375]
[4,123.75,1,0.9375]
[0,124.6875,1,0.9375]
[8,124.6875,1,0.9375]
[3,125.625,1,0.9375]
[1,125.9375,0,0.9375]
[2,126.25,0,0.9375]
[0,126.5625,1,0.9375]
[4,126.5625,0,0.9375]
[5,126.875,0,0.9375]
[7,127.1875,0,0.9375]
[3,127.5,1,0.9375]
[8,127.5,1,1.875]
[6,128.4375,1,0.9375]
[3,129.375,1,0.9375]
[6,130.3125,1,0.9375]
[4,130.625,0,0.9375]
[5,130.9375,0,0.9375]
[0,131.25,1,0.9375]
[7,131.25,1,1.875]
[6,132.1875,1,0.9375]
[0,133.125,1,0.9375]
[6,134.0625,1,0.9375]
[0,135,1,0.9375]
[4,135,1,0.9375]
[6,135.9375,1,0.9375]
[2,135.9375,1,1.40625]
[0,136.875,1,0.9375]
[6,137.8125,1,0.9375]
[7,137.8125,0,0.9375]
[4,138.125,0,0.9375]
[2,138.4375,0,0.9375]
[3,138.75,1,0.9375]
[7,138.75,1,0.9375]
[0,139.6875,1,0.9375]
[2,139.6875,1,1.40625]
[3,140.625,1,0.9375]
[0,141.5625,1,0.9375]
[7,141.5625,0,0.9375]
[4,141.875,0,0.9375]
[2,142.1875,0,0.9375]
[3,142.5,1,0.9375]
[4,142.5,0,0.9375]
[2,142.8125,0,0.9375]
[4,143.125,0,0.9375]
[5,143.28125,1,1.09375]
[6,143.4375,1,0.9375]
[3,144.375,1,0.9375]
[6,145.3125,1,0.9375]
[7,145.3125,0,0.9375]
[4,145.625,0,0.9375]
[2,145.9375,0,0.9375]
[0,146.25,1,0.9375]
[7,146.25,1,1.40625]
[6,147.1875,1,0.9375]
[0,148.125,1,0.9375]
[6,149.0625,1,0.9375]
[8,149.375,0,0.9375]
[5,149.6875,0,0.9375]
[0,150,1,0.9375]
[4,150,1,0.9375]
[6,150.9375,1,0.9375]
[2,150.9375,1,1.40625]
[0,151.875,1,0.9375]
[6,152.8125,1,0.9375]
[4,152.8125,0,0.9375]
[5,153.125,0,0.9375]
[2,153.4375,0,0.9375]
[3,153.75,1,0.9375]
[4,153.75,1,0.9375]
[0,154.6875,1,0.9375]
[8,154.6875,1,0.9375]
[3,155.625,1,0.9375]
[1,155.9375,0,0.9375]
[2,156.25,0,0.9375]
[0,156.5625,1,0.9375]
[4,156.5625,0,0.9375]
[5,156.875,0,0.9375]
[7,157.1875,0,0.9375]
[3,157.5,1,0.9375]
[8,157.5,1,1.875]
[6,158.4375,1,0.9375]
[3,159.375,1,0.9375]
[6,160.3125,1,0.9375]
[4,160.625,0,0.9375]
[5,160.9375,0,0.9375]
[0,161.25,1,1.875]
[7,161.25,1,1.875]
[2,163.125,1,0.625]
[1,163.75,1,0.78125]
[5,164.53125,1,0.46875]
[6,165,0,0.9375]
[4,165,1,0.9375]
[0,165.3125,0,0.9375]
[3,165.625,0,0.9375]
[0,165.9375,0,0.9375]
[2,165.9375,1,0.9375]
[6,166.25,0,0.9375]
[3,166.5625,0,0.9375]
[6,166.875,0,0.9375]
[4,166.875,1,0.9375]
[0,167.1875,0,0.9375]
[3,167.5,0,0.9375]
[0,167.8125,0,0.9375]
[2,167.8125,1,0.9375]
[6,168.125,0,0.9375]
[3,168.4375,0,0.9375]
[6,168.75,0,0.9375]
[7,168.75,1,0.9375]
[0,169.0625,0,0.9375]
[3,169.375,0,0.9375]
[0,169.6875,0,0.9375]
[2,169.6875,1,0.3125]
[6,170,0,0.9375]
[4,170,1,0.3125]
[3,170.3125,0,0.9375]
[5,170.3125,1,0.3125]
[6,170.625,0,0.9375]
[7,170.625,1,1.40625]
[0,170.9375,0,0.9375]
[3,171.25,0,0.9375]
[0,171.5625,0,0.9375]
[6,171.875,0,0.9375]
[8,172.03125,0,0.9375]
[3,172.1875,0,0.9375]
[6,172.5,0,0.9375]
[5,172.5,1,0.9375]
[0,172.8125,0,0.9375]
[3,173.125,0,0.9375]
[0,173.4375,0,0.9375]
[4,173.4375,1,0.9375]
[6,173.75,0,0.9375]
[3,174.0625,0,0.9375]
[6,174.375,0,0.9375]
[8,174.375,1,0.9375]
[0,174.6875,0,0.9375]
[3,175,0,0.9375]
[0,175.3125,0,0.9375]
[7,175.3125,1,0.3125]
[6,175.625,0,0.9375]
[5,175.625,1,0.3125]
[3,175.9375,0,0.9375]
[4,175.9375,1,0.3125]
[6,176.25,0,0.9375]
[2,176.25,1,1.40625]
[0,176.5625,0,0.9375]
[3,176.875,0,0.9375]
[0,177.1875,0,0.9375]
[6,177.5,0,0.9375]
[1,177.65625,1,0.46875]
[3,177.8125,0,0.9375]
[6,178.125,0,0.9375]
[5,178.125,1,1.875]
[0,178.4375,0,0.9375]
[3,178.75,0,0.9375]
[6,179.0625,0,0.9375]
[0,179.375,0,0.9375]
[3,179.6875,0,0.9375]
[4,180,1,0.9375]
[6,180,0,0.9375]
[0,180.31249999999997,0,0.9375]
[3,180.62499999999997,0,0.9375]
[2,180.9375,1,0.9375]
[0,180.9375,0,0.9375]
[6,181.24999999999997,0,0.9375]
[3,181.56249999999997,0,0.9375]
[4,181.875,1,0.9375]
[6,181.875,0,0.9375]
[0,182.18749999999997,0,0.9375]
[3,182.49999999999997,0,0.9375]
[2,182.8125,1,0.9375]
[0,182.8125,0,0.9375]
[6,183.12499999999997,0,0.9375]
[3,183.43749999999997,0,0.9375]
[7,183.75,1,0.9375]
[6,183.75,0,0.9375]
[0,184.06249999999997,0,0.9375]
[3,184.37499999999997,0,0.9375]
[2,184.6875,1,0.3125]
[0,184.6875,0,0.9375]
[4,185,1,0.3125]
[6,185,0,0.9375]
[5,185.3125,1,0.3125]
[3,185.3125,0,0.9375]
[7,185.625,1,1.875]
[6,185.625,0,0.9375]
[0,185.93749999999997,0,0.9375]
[3,186.24999999999997,0,0.9375]
[0,186.56249999999997,0,0.9375]
[6,186.87499999999997,0,0.9375]
[3,187.18749999999997,0,0.9375]
[5,187.5,1,0.9375]
[6,187.5,0,0.9375]
[0,187.81249999999997,0,0.9375]
[3,188.12499999999997,0,0.9375]
[4,188.4375,1,0.9375]
[0,188.4375,0,0.9375]
[6,188.74999999999997,0,0.9375]
[3,189.06249999999997,0,0.9375]
[8,189.375,1,0.9375]
[6,189.375,0,0.9375]
[0,189.68749999999997,0,0.9375]
[3,189.99999999999997,0,0.9375]
[7,190.3125,1,0.3125]
[0,190.3125,0,0.9375]
[5,190.625,1,0.3125]
[6,190.625,0,0.9375]
[4,190.9375,1,0.3125]
[3,190.9375,0,0.9375]
[2,191.25,1,1.40625]
[6,191.25,0,0.9375]
[0,191.56249999999997,0,0.9375]
[3,191.87499999999997,0,0.9375]
[0,192.18749999999997,0,0.9375]
[6,192.49999999999997,0,0.9375]
[1,192.65625,1,0.46875]
[3,192.81249999999997,0,0.9375]
[5,193.125,1,0.9375]
[6,193.125,0,0.9375]
[0,193.43749999999997,0,0.9375]
[3,193.74999999999997,0,0.9375]
[4,194.0625,0,0.9375]
[6,194.0625,0,0.9375]
[0,194.37499999999997,0,0.9375]
[4,194.53125,0,0.9375]
[3,194.68749999999997,0,0.9375]
[6,195,0,0.9375]
[2,195.15625,0,0.9375]
[3,195.3125,0,0.9375]
[2,195.46875,0,0.9375]
[4,195.46875,0,0.9375]
[0,195.625,0,0.9375]
[2,195.78125,0,0.9375]
[6,195.93749999999997,0,0.9375]
[2,196.09375,0,0.9375]
[3,196.24999999999997,0,0.9375]
[2,196.40625,0,0.9375]
[4,196.40625,0,0.9375]
[0,196.56249999999997,0,0.9375]
[2,196.71875,0,0.9375]
[6,196.87499999999997,0,0.9375]
[2,197.03125,0,0.9375]
[3,197.18749999999997,0,0.9375]
[2,197.34375,0,0.9375]
[4,197.34375,0,0.9375]
[0,197.49999999999997,0,0.9375]
[2,197.65625,0,0.9375]
[6,197.81249999999997,0,0.9375]
[2,197.96875,0,0.9375]
[3,198.12499999999997,0,0.9375]
[2,198.28125,0,0.9375]
[4,198.28125,0,0.9375]
[0,198.43749999999997,0,0.9375]
[2,198.59375,0,0.9375]
[6,198.74999999999997,0,0.9375]
[5,198.90625,0,0.9375]
[3,199.06249999999997,0,0.9375]
[4,199.21875,0,0.9375]
[5,199.21875,0,0.9375]
[0,199.37499999999997,0,0.9375]
[5,199.53125,0,0.9375]
[6,199.68749999999994,0,0.9375]
[5,199.84375,0,0.9375]
[3,199.99999999999994,0,0.9375]
[4,200.15625,0,0.9375]
[5,200.15625,0,0.9375]
[0,200.31249999999994,0,0.9375]
[5,200.46875,0,0.9375]
[6,200.62499999999994,0,0.9375]
[5,200.78125,0,0.9375]
[3,200.93749999999994,0,0.9375]
[4,201.09375,0,0.9375]
[5,201.09375,0,0.9375]
[0,201.24999999999994,0,0.9375]
[5,201.40625,0,0.9375]
[6,201.56249999999994,0,0.9375]
[5,201.71875,0,0.9375]
[3,201.87499999999994,0,0.9375]
[4,202.03125,0,0.9375]
[5,202.03125,0,0.9375]
[0,202.18749999999994,0,0.9375]
[5,202.34375,0,0.9375]
[6,202.49999999999997,0,0.9375]
[8,202.65625,0,0.9375]
[3,202.81249999999997,0,0.9375]
[4,202.96875,0,0.9375]
[8,202.96875,0,0.9375]
[0,203.12499999999997,0,0.9375]
[8,203.28125,0,0.9375]
[6,203.43749999999994,0,0.9375]
[8,203.59375,0,0.9375]
[3,203.74999999999994,0,0.9375]
[4,203.90625,0,0.9375]
[8,203.90625,0,0.9375]
[0,204.06249999999994,0,0.9375]
[8,204.21875,0,0.9375]
[6,204.37499999999994,0,0.9375]
[8,204.53125,0,0.9375]
[3,204.68749999999994,0,0.9375]
[4,204.84375,0,0.9375]
[8,204.84375,0,0.9375]
[0,204.99999999999994,0,0.9375]
[8,205.15625,0,0.9375]
[6,205.31249999999994,0,0.9375]
[8,205.46875,0,0.9375]
[3,205.62499999999994,0,0.9375]
[4,205.78125,0,0.9375]
[8,205.78125,0,0.9375]
[0,205.93749999999994,0,0.9375]
[8,206.09375,0,0.9375]
[6,206.24999999999997,0,0.9375]
[5,206.40625,0,0.9375]
[3,206.56249999999997,0,0.9375]
[5,206.71875,0,0.9375]
[4,206.71875,0,0.9375]
[0,206.87499999999997,0,0.9375]
[5,207.03125,0,0.9375]
[6,207.18749999999994,0,0.9375]
[5,207.34375,0,0.9375]
[3,207.49999999999994,0,0.9375]
[4,207.65625,0,0.9375]
[5,207.65625,0,0.9375]
[0,207.81249999999994,0,0.9375]
[5,207.96875,0,0.9375]
[4,208.125,0,0.9375]
[6,208.125,0,0.9375]
[5,208.28125,0,0.9375]
[3,208.43749999999994,0,0.9375]
[5,208.59375,0,0.9375]
[0,208.74999999999994,0,0.9375]
[5,208.90625,0,0.9375]
[4,208.90625,0,0.9375]
[6,209.06249999999994,0,0.9375]
[5,209.21875,0,0.9375]
[3,209.37499999999994,0,0.9375]
[5,209.53125,0,0.9375]
[4,209.53125,0,0.9375]
[0,209.68749999999994,0,0.9375]
[5,209.84375,0,0.9375]
[6,210,0,0.9375]
[2,210.15625,0,0.9375]
[3,210.3125,0,0.9375]
[4,210.46875,0,0.9375]
[2,210.46875,0,0.9375]
[0,210.625,0,0.9375]
[2,210.78125,0,0.9375]
[6,210.93749999999997,0,0.9375]
[2,211.09375,0,0.9375]
[3,211.24999999999997,0,0.9375]
[4,211.40625,0,0.9375]
[2,211.40625,0,0.9375]
[0,211.56249999999997,0,0.9375]
[2,211.71875,0,0.9375]
[6,211.87499999999997,0,0.9375]
[2,212.03125,0,0.9375]
[3,212.18749999999997,0,0.9375]
[4,212.34375,0,0.9375]
[2,212.34375,0,0.9375]
[0,212.49999999999997,0,0.9375]
[2,212.65625,0,0.9375]
[6,212.81249999999997,0,0.9375]
[2,212.96875,0,0.9375]
[3,213.12499999999997,0,0.9375]
[4,213.28125,0,0.9375]
[2,213.28125,0,0.9375]
[0,213.43749999999997,0,0.9375]
[2,213.59375,0,0.9375]
[6,213.75,0,0.9375]
[5,213.90625,0,0.9375]
[3,214.0625,0,0.9375]
[4,214.21875,0,0.9375]
[5,214.21875,0,0.9375]
[0,214.375,0,0.9375]
[5,214.53125,0,0.9375]
[6,214.68749999999997,0,0.9375]
[5,214.84375,0,0.9375]
[3,214.99999999999997,0,0.9375]
[4,215.15625,0,0.9375]
[5,215.15625,0,0.9375]
[0,215.31249999999997,0,0.9375]
[5,215.46875,0,0.9375]
[6,215.62499999999997,0,0.9375]
[5,215.78125,0,0.9375]
[3,215.93749999999997,0,0.9375]
[4,216.09375,0,0.9375]
[5,216.09375,0,0.9375]
[0,216.24999999999997,0,0.9375]
[5,216.40625,0,0.9375]
[6,216.56249999999997,0,0.9375]
[5,216.71875,0,0.9375]
[3,216.87499999999997,0,0.9375]
[5,217.03125,0,0.9375]
[0,217.18749999999997,0,0.9375]
[6,217.5,0,0.9375]
[4,217.5,0,0.9375]
[3,217.8125,0,0.9375]
[8,217.96875,0,0.9375]
[4,217.96875,0,0.9375]
[0,218.125,0,0.9375]
[6,218.43749999999997,0,0.9375]
[4,218.43749999999997,0,0.9375]
[3,218.74999999999997,0,0.9375]
[8,218.90625,0,0.9375]
[4,218.90625,0,0.9375]
[0,219.06249999999997,0,0.9375]
[6,219.37499999999997,0,0.9375]
[4,219.37499999999997,0,0.9375]
[3,219.68749999999997,0,0.9375]
[5,219.84375,0,0.9375]
[4,219.84375,0,0.9375]
[0,219.99999999999997,0,0.9375]
[6,220.31249999999997,0,0.9375]
[4,220.31249999999997,0,0.9375]
[3,220.62499999999997,0,0.9375]
[5,220.78125,0,0.9375]
[4,220.78125,0,0.9375]
[0,220.93749999999997,0,0.9375]
[6,221.25,0,0.9375]
[4,221.25,0,0.9375]
[3,221.5625,0,0.9375]
[2,221.71875,0,0.9375]
[4,221.71875,0,0.9375]
[0,221.875,0,0.9375]
[6,222.18749999999997,0,0.9375]
[4,222.18749999999997,0,0.9375]
[3,222.49999999999997,0,0.9375]
[2,222.65625,0,0.9375]
[4,222.65625,0,0.9375]
[0,222.81249999999997,0,0.9375]
[3,223.125,1,1.875]
[2,224.53125,0,0.9375]
[1,224.6875,0,0.9375]
[5,224.84375,0,0.9375]
[6,225,1,0.46875]
[4,225,1,0.46875]
[8,225.46875,0,0.9375]
[0,225.9375,1,0.46875]
[4,225.9375,1,0.46875]
[2,226.40625,0,0.9375]
[6,226.875,0,0.9375]
[8,226.875,0,0.9375]
[7,226.875,1,0.46875]
[0,227.1875,0,0.9375]
[8,227.34375,0,0.9375]
[3,227.5,0,0.9375]
[0,227.8125,0,0.9375]
[2,227.8125,0,0.9375]
[1,227.8125,1,0.46875]
[6,228.125,0,0.9375]
[2,228.28125,0,0.9375]
[3,228.4375,0,0.9375]
[6,228.75,0,0.9375]
[5,228.75,0,0.9375]
[4,228.75,1,0.46875]
[0,229.0625,0,0.9375]
[5,229.21875,0,0.9375]
[3,229.375,0,0.9375]
[0,229.6875,0,0.9375]
[1,229.6875,0,0.9375]
[2,229.6875,0,0.9375]
[6,230,0,0.9375]
[4,230,0,0.9375]
[2,230.15625,0,0.9375]
[3,230.3125,0,0.9375]
[1,230.3125,0,0.9375]
[6,230.625,0,0.9375]
[8,230.625,0,0.9375]
[7,230.625,1,1.40625]
[0,230.9375,0,0.9375]
[8,231.09375,0,0.9375]
[3,231.25,0,0.9375]
[0,231.5625,0,0.9375]
[8,231.5625,0,0.9375]
[6,231.875,0,0.9375]
[8,232.03125,0,0.9375]
[3,232.1875,0,0.9375]
[6,232.5,0,0.9375]
[5,232.5,0,0.9375]
[4,232.5,1,0.46875]
[0,232.8125,0,0.9375]
[5,232.96875,0,0.9375]
[3,233.125,0,0.9375]
[0,233.4375,0,0.9375]
[2,233.4375,0,0.9375]
[1,233.4375,1,0.46875]
[6,233.75,0,0.9375]
[2,233.90625,0,0.9375]
[3,234.0625,0,0.9375]
[6,234.375,0,0.9375]
[5,234.375,0,0.9375]
[7,234.375,1,0.46875]
[0,234.6875,0,0.9375]
[5,234.84375,0,0.9375]
[3,235,0,0.9375]
[0,235.3125,0,0.9375]
[8,235.3125,0,0.9375]
[4,235.3125,0,0.9375]
[6,235.625,0,0.9375]
[7,235.625,0,0.9375]
[8,235.78125,0,0.9375]
[3,235.9375,0,0.9375]
[4,235.9375,0,0.9375]
[6,236.25,0,0.9375]
[2,236.25,0,0.9375]
[1,236.25,1,1.40625]
[3,236.5625,0,0.9375]
[2,236.71875,0,0.9375]
[0,236.875,0,0.9375]
[2,237.1875,0,0.9375]
[6,237.1875,0,0.9375]
[3,237.5,0,0.9375]
[5,237.65625,0,0.9375]
[0,237.8125,0,0.9375]
[6,238.125,0,0.9375]
[8,238.125,0,0.9375]
[7,238.125,1,0.9375]
[3,238.4375,0,0.9375]
[8,238.59375,0,0.9375]
[0,238.75,0,0.9375]
[6,239.0625,0,0.9375]
[8,239.0625,0,0.9375]
[3,239.375,0,0.9375]
[7,239.53125,0,0.9375]
[5,239.6875,0,0.9375]
[2,239.84375,0,0.9375]
[4,240,1,0.46875]
[6,240,1,0.46875]
[8,240.46875,0,0.9375]
[4,240.9375,1,0.46875]
[0,240.9375,1,0.46875]
[2,241.40625,0,0.9375]
[4,241.875,1,0.46875]
[6,241.875,1,0.46875]
[8,242.34375,0,0.9375]
[0,242.8125,0,0.9375]
[1,242.8125,1,0.46875]
[2,242.8125,0,0.9375]
[6,243.125,0,0.9375]
[2,243.28125,0,0.9375]
[3,243.4375,0,0.9375]
[6,243.75,0,0.9375]
[4,243.75,1,0.46875]
[5,243.75,0,0.9375]
[0,244.0625,0,0.9375]
[5,244.21875,0,0.9375]
[3,244.375,0,0.9375]
[0,244.6875,0,0.9375]
[1,244.6875,0,0.9375]
[2,244.6875,0,0.9375]
[6,245,0,0.9375]
[4,245,0,0.9375]
[2,245.15625,0,0.9375]
[3,245.3125,0,0.9375]
[1,245.3125,0,0.9375]
[6,245.625,0,0.9375]
[7,245.625,1,1.40625]
[8,245.625,0,0.9375]
[0,245.9375,0,0.9375]
[8,246.09375,0,0.9375]
[3,246.25,0,0.9375]
[0,246.5625,0,0.9375]
[8,246.5625,0,0.9375]
[6,246.875,0,0.9375]
[8,247.03125,0,0.9375]
[6,247.5,0,0.9375]
[4,247.5,1,0.46875]
[5,247.5,0,0.9375]
[0,247.8125,0,0.9375]
[5,247.96875,0,0.9375]
[3,248.125,0,0.9375]
[0,248.4375,0,0.9375]
[1,248.4375,1,0.46875]
[2,248.4375,0,0.9375]
[6,248.75,0,0.9375]
[2,248.90625,0,0.9375]
[3,249.0625,0,0.9375]
[6,249.375,0,0.9375]
[5,249.375,0,0.9375]
[7,249.375,1,0.46875]
[0,249.6875,0,0.9375]
[5,249.84375,0,0.9375]
[3,250,0,0.9375]
[0,250.3125,0,0.9375]
[8,250.3125,0,0.9375]
[4,250.3125,0,0.9375]
[6,250.625,0,0.9375]
[7,250.625,0,0.9375]
[8,250.78125,0,0.9375]
[3,250.9375,0,0.9375]
[4,250.9375,0,0.9375]
[6,251.25,0,0.9375]
[1,251.25,1,1.40625]
[2,251.25,0,0.9375]
[3,251.5625,0,0.9375]
[2,251.71875,0,0.9375]
[0,251.875,0,0.9375]
[2,252.1875,0,0.9375]
[6,252.1875,0,0.9375]
[3,252.5,0,0.9375]
[5,252.65625,0,0.9375]
[0,252.8125,0,0.9375]
[6,253.125,0,0.9375]
[7,253.125,1,0.9375]
[8,253.125,0,0.9375]
[3,253.4375,0,0.9375]
[8,253.59375,0,0.9375]
[0,253.75,0,0.9375]
[6,254.0625,0,0.9375]
[8,254.0625,0,0.9375]
[3,254.375,0,0.9375]
[1,254.53125,0,0.9375]
[2,254.6875,0,0.9375]
[4,254.84375,0,0.9375]
[6,255,0,0.9375]
[0,255.3125,0,0.9375]
[1,255.3125,0,0.9375]
[3,255.625,0,0.9375]
[2,255.625,0,0.9375]
[0,255.9375,0,0.9375]
[6,256.25,0,0.9375]
[1,256.25,0,0.9375]
[3,256.5625,0,0.9375]
[2,256.5625,0,0.9375]
[6,256.875,0,0.9375]
[0,257.1875,0,0.9375]
[1,257.1875,0,0.9375]
[3,257.5,0,0.9375]
[2,257.5,0,0.9375]
[0,257.8125,0,0.9375]
[6,258.125,0,0.9375]
[1,258.125,0,0.9375]
[3,258.4375,0,0.9375]
[2,258.4375,0,0.9375]
[6,258.75,0,0.9375]
[0,259.0625,0,0.9375]
[4,259.0625,0,0.9375]
[3,259.375,0,0.9375]
[5,259.375,0,0.9375]
[0,259.6875,0,0.9375]
[6,260,0,0.9375]
[4,260,0,0.9375]
[3,260.3125,0,0.9375]
[5,260.3125,0,0.9375]
[6,260.625,0,0.9375]
[0,260.9375,0,0.9375]
[4,260.9375,0,0.9375]
[3,261.25,0,0.9375]
[5,261.25,0,0.9375]
[0,261.5625,0,0.9375]
[6,261.875,0,0.9375]
[4,261.875,0,0.9375]
[3,262.1875,0,0.9375]
[5,262.1875,0,0.9375]
[6,262.5,0,0.9375]
[0,262.8125,0,0.9375]
[7,262.8125,0,0.9375]
[3,263.125,0,0.9375]
[8,263.125,0,0.9375]
[0,263.4375,0,0.9375]
[6,263.75,0,0.9375]
[7,263.75,0,0.9375]
[3,264.0625,0,0.9375]
[8,264.0625,0,0.9375]
[6,264.375,0,0.9375]
[0,264.6875,0,0.9375]
[7,264.6875,0,0.9375]
[3,265,0,0.9375]
[8,265,0,0.9375]
[0,265.3125,0,0.9375]
[6,265.625,0,0.9375]
[7,265.625,0,0.9375]
[3,265.9375,0,0.9375]
[8,265.9375,0,0.9375]
[6,266.25,0,0.9375]
[3,266.5625,0,0.9375]
[4,266.5625,0,0.9375]
[0,266.875,0,0.9375]
[5,266.875,0,0.9375]
[6,267.1875,0,0.9375]
[3,267.5,0,0.9375]
[4,267.5,0,0.9375]
[0,267.8125,0,0.9375]
[5,267.8125,0,0.9375]
[6,268.125,0,0.9375]
[3,268.4375,0,0.9375]
[4,268.4375,0,0.9375]
[0,268.75,0,0.9375]
[5,268.75,0,0.9375]
[6,269.0625,0,0.9375]
[3,269.375,0,0.9375]
[4,269.375,0,0.9375]
[0,269.6875,0,0.9375]
[5,269.6875,0,0.9375]
[6,270,0,0.9375]
[4,270,1,0.9375]
[0,270.3125,0,0.9375]
[3,270.625,0,0.9375]
[0,270.9375,0,0.9375]
[2,270.9375,1,1.875]
[6,271.25,0,0.9375]
[3,271.5625,0,0.9375]
[6,271.875,0,0.9375]
[0,272.1875,0,0.9375]
[3,272.5,0,0.9375]
[0,272.8125,0,0.9375]
[7,272.8125,0,0.9375]
[6,273.125,0,0.9375]
[4,273.125,0,0.9375]
[3,273.4375,0,0.9375]
[2,273.4375,0,0.9375]
[6,273.75,0,0.9375]
[7,273.75,1,0.9375]
[0,274.0625,0,0.9375]
[3,274.375,0,0.9375]
[0,274.6875,0,0.9375]
[2,274.6875,1,1.875]
[6,275,0,0.9375]
[3,275.3125,0,0.9375]
[6,275.625,0,0.9375]
[0,275.9375,0,0.9375]
[3,276.25,0,0.9375]
[0,276.5625,0,0.9375]
[7,276.5625,0,0.9375]
[6,276.875,0,0.9375]
[4,276.875,0,0.9375]
[3,277.1875,0,0.9375]
[2,277.1875,0,0.9375]
[6,277.5,0,0.9375]
[4,277.5,0,0.9375]
[0,277.8125,0,0.9375]
[2,277.8125,0,0.9375]
[3,278.125,0,0.9375]
[4,278.125,0,0.9375]
[5,278.28124999999994,1,2.03125]
[0,278.4375,0,0.9375]
[6,278.75,0,0.9375]
[3,279.0625,0,0.9375]
[6,279.375,0,0.9375]
[0,279.6875,0,0.9375]
[3,280,0,0.9375]
[0,280.3125,0,0.9375]
[7,280.3125,0,0.9375]
[6,280.625,0,0.9375]
[4,280.625,0,0.9375]
[3,280.9375,0,0.9375]
[2,280.9375,0,0.9375]
[6,281.25,0,0.9375]
[8,281.25,1,1.875]
[3,281.5625,0,0.9375]
[0,281.875,0,0.9375]
[6,282.1875,0,0.9375]
[3,282.5,0,0.9375]
[0,282.8125,0,0.9375]
[6,283.125,0,0.9375]
[7,283.125,1,0.9375]
[3,283.4375,0,0.9375]
[0,283.75,0,0.9375]
[6,284.0625,0,0.9375]
[3,284.375,0,0.9375]
[1,284.53125,0,0.9375]
[5,284.6875,0,0.9375]
[7,284.84375,0,0.9375]
[0,285,1,3.75]
[4,285,1,0.9375]
[2,285.9375,1,1.40625]
[4,287.81249999999994,0,0.9375]
[5,288.12499999999994,0,0.9375]
[2,288.43749999999994,0,0.9375]
[3,288.75,1,3.75]
[4,288.75,1,0.9375]
[8,289.68749999999994,1,0.9375]
[1,290.93749999999994,0,0.9375]
[2,291.24999999999994,0,0.9375]
[4,291.56249999999994,0,0.9375]
[5,291.87499999999994,0,0.9375]
[7,292.18749999999994,0,0.9375]
[6,292.5,1,3.75]
[8,292.5,1,1.875]
[4,295.62499999999994,0,0.9375]
[5,295.93749999999994,0,0.9375]
[3,296.25,1,3.90625]
[7,296.25,1,1.40625]
[4,300.15625,1,0.46875]
[2,301.171875,1,1.40625]
[4,303.125,0,0.9375]
[2,303.4375,0,0.9375]
[7,303.75,1,0.9375]
[2,304.6875,1,1.40625]
[7,306.5625,0,0.9375]
[4,306.875,0,0.9375]
[2,307.1875,0,0.9375]
[4,307.5,0,0.9375]
[2,307.8125,0,0.9375]
[4,308.125,0,0.9375]
[5,308.28125,1,1.09375]
[7,310.3125,0,0.9375]
[4,310.625,0,0.9375]
[2,310.9375,0,0.9375]
[8,311.25,1,1.40625]
[7,313.125,1,0.9375]
[3,314.375,0,0.9375]
[6,314.6875,0,0.9375]
[3,315,1,0.9375]
[0,315.9375,1,1.40625]
[0,317.8125,0,0.9375]
[3,318.125,0,0.9375]
[0,318.4375,0,0.9375]
[3,318.75,1,1.09375]
[6,319.84375,1,0.703125]
[3,320.546875,1,5.78125]
[6,326.328125,1,0.9375]