[0,0.18094089264173702,0,0.36188178528347403]
[1,0.18094089264173702,0,0.36188178528347403]
[5,0.36188178528347403,0,0.36188178528347403]
[6,0.542822677925211,0,0.36188178528347403]
[7,0.542822677925211,0,0.36188178528347403]
[8,0.7237635705669481,0,0.36188178528347403]
[3,0.904704463208685,0,0.36188178528347403]
[2,1.085645355850422,0,0.36188178528347403]
[7,1.266586248492159,0,0.36188178528347403]
[0,1.4475271411338961,0,0.36188178528347403]
[5,1.6284680337756332,0,0.36188178528347403]
[4,1.6284680337756332,0,0.36188178528347403]
[6,1.80940892641737,0,0.36188178528347403]
[8,1.9903498190591071,0,0.36188178528347403]
[7,1.9903498190591071,0,0.36188178528347403]
[3,2.171290711700844,0,0.36188178528347403]
[2,2.352231604342581,0,0.36188178528347403]
[8,2.533172496984318,0,0.36188178528347403]
[0,2.714113389626055,0,0.36188178528347403]
[6,2.8950542822677923,0,0.36188178528347403]
[5,3.0759951749095293,0,0.36188178528347403]
[8,3.0759951749095293,0,0.36188178528347403]
[4,3.2569360675512664,0,0.36188178528347403]
[6,3.437876960193003,0,0.36188178528347403]
[7,3.437876960193003,0,0.36188178528347403]
[3,3.61881785283474,0,0.36188178528347403]
[2,3.799758745476477,0,0.36188178528347403]
[1,3.9806996381182143,0,0.36188178528347403]
[3,4.161640530759951,0,0.36188178528347403]
[5,4.342581423401688,0,0.36188178528347403]
[6,4.523522316043425,0,0.36188178528347403]
[7,4.523522316043425,0,0.36188178528347403]
[5,4.704463208685162,0,0.36188178528347403]
[1,4.885404101326899,0,0.36188178528347403]
[0,4.885404101326899,0,0.36188178528347403]
[5,5.066344993968636,0,0.36188178528347403]
[2,5.247285886610373,0,0.36188178528347403]
[0,5.42822677925211,0,0.36188178528347403]
[5,5.609167671893848,0,0.7237635705669481]
[4,5.699638118214716,0,0.36188178528347403]
[3,5.790108564535585,0,0.7237635705669481]
[7,5.8805790108564535,0,0.36188178528347403]
[8,5.971049457177322,1,1.085645355850422]
[4,6.332931242460796,0,1.085645355850422]
[6,6.69481302774427,0,1.085645355850422]
[7,7.056694813027743,1,0.36188178528347403]
[3,7.418576598311217,1,1.085645355850422]
[1,7.780458383594691,0,1.085645355850422]
[5,8.142340168878166,0,1.085645355850422]
[4,8.50422195416164,0,1.085645355850422]
[0,8.866103739445114,1,0.542822677925211]
[1,9.408926417370324,1,0.542822677925211]
[5,9.951749095295536,1,0.36188178528347403]
[6,10.31363088057901,1,1.085645355850422]
[8,10.675512665862485,0,1.085645355850422]
[4,11.037394451145957,0,1.085645355850422]
[7,11.399276236429431,0,1.085645355850422]
[5,11.580217129071169,0,1.085645355850422]
[0,11.761158021712905,1,1.085645355850422]
[4,12.12303980699638,0,0.7237635705669481]
[4,12.484921592279854,0,0.7237635705669481]
[5,12.846803377563328,1,0.36188178528347403]
[2,13.208685162846802,1,0.7237635705669481]
[1,13.570566948130276,0,0.7237635705669481]
[3,13.93244873341375,1,0.7237635705669481]
[7,14.294330518697224,0,0.36188178528347403]
[8,14.656212303980698,1,0.7237635705669481]
[7,15.018094089264173,0,0.36188178528347403]
[5,15.379975874547647,1,0.7237635705669481]
[4,15.74185765983112,0,0.36188178528347403]
[1,16.103739445114595,1,0.7237635705669481]
[4,16.827503015681543,1,0.7237635705669481]
[3,17.55126658624849,0,0.7237635705669481]
[8,17.732207478890228,0,0.7237635705669481]
[6,17.913148371531964,0,0.36188178528347403]
[5,18.0940892641737,0,0.36188178528347403]
[3,18.27503015681544,1,0.36188178528347403]
[0,18.636911942098912,1,0.36188178528347403]
[2,18.998793727382385,1,0.36188178528347403]
[5,19.36067551266586,1,0.36188178528347403]
[8,19.722557297949333,1,0.36188178528347403]
[7,20.08443908323281,1,0.36188178528347403]
[3,20.44632086851628,0,0.36188178528347403]
[2,20.62726176115802,0,0.36188178528347403]
[0,20.808202653799757,0,0.36188178528347403]
[5,20.989143546441493,0,0.36188178528347403]
[6,21.17008443908323,1,0.36188178528347403]
[7,21.531966224366705,1,0.36188178528347403]
[5,21.893848009650178,1,0.36188178528347403]
[1,22.255729794933654,1,0.36188178528347403]
[0,22.617611580217126,1,0.36188178528347403]
[4,22.979493365500602,1,0.36188178528347403]
[6,23.341375150784074,0,0.36188178528347403]
[8,23.52231604342581,0,0.36188178528347403]
[3,23.70325693606755,0,0.36188178528347403]
[5,23.884197828709286,0,0.36188178528347403]
[0,24.065138721351023,1,0.36188178528347403]
[1,24.427020506634495,1,0.36188178528347403]
[3,24.78890229191797,1,0.36188178528347403]
[4,25.150784077201443,1,0.36188178528347403]
[8,25.51266586248492,1,0.36188178528347403]
[5,25.87454764776839,1,0.36188178528347403]
[6,26.236429433051867,0,0.36188178528347403]
[4,26.417370325693604,0,0.36188178528347403]
[0,26.59831121833534,1,0.36188178528347403]
[2,26.960193003618816,1,0.36188178528347403]
[1,27.322074788902288,1,0.36188178528347403]
[8,27.683956574185764,0,0.36188178528347403]
[4,27.8648974668275,0,0.36188178528347403]
[2,28.045838359469236,1,0.36188178528347403]
[0,28.407720144752712,1,0.36188178528347403]
[1,28.769601930036185,1,0.36188178528347403]
[3,29.13148371531966,0,0.36188178528347403]
[8,29.312424607961397,0,0.36188178528347403]
[6,29.493365500603133,0,0.36188178528347403]
[5,29.67430639324487,0,0.36188178528347403]
[1,29.855247285886605,0,0.36188178528347403]
[3,30.036188178528345,0,0.36188178528347403]
[5,30.21712907117008,0,0.36188178528347403]
[6,30.398069963811817,0,0.36188178528347403]
[7,30.579010856453554,0,0.36188178528347403]
[5,30.759951749095293,0,0.36188178528347403]
[0,30.94089264173703,0,0.36188178528347403]
[0,31.121833534378766,0,0.36188178528347403]
[2,31.302774427020502,1,0.36188178528347403]
[1,31.664656212303978,0,0.7237635705669481]
[5,32.026537997587454,0,0.36188178528347403]
[6,32.388419782870926,1,0.36188178528347403]
[3,32.7503015681544,1,0.36188178528347403]
[5,33.11218335343787,1,0.36188178528347403]
[6,33.47406513872135,0,0.36188178528347403]
[7,33.47406513872135,0,0.36188178528347403]
[5,33.65500603136309,0,0.36188178528347403]
[3,33.83594692400482,0,0.36188178528347403]
[2,34.01688781664656,0,0.36188178528347403]
[0,34.197828709288295,0,0.36188178528347403]
[1,34.197828709288295,0,0.36188178528347403]
[5,34.37876960193003,0,0.36188178528347403]
[4,34.55971049457177,0,0.36188178528347403]
[6,34.740651387213504,0,0.36188178528347403]
[7,34.92159227985525,0,0.36188178528347403]
[8,34.92159227985525,0,0.36188178528347403]
[3,35.10253317249698,0,0.36188178528347403]
[1,35.28347406513872,0,0.36188178528347403]
[5,35.464414957780455,0,0.36188178528347403]
[2,35.64535585042219,0,0.36188178528347403]
[1,35.64535585042219,0,0.36188178528347403]
[3,35.82629674306393,0,0.36188178528347403]
[8,36.007237635705664,0,0.36188178528347403]
[0,36.369119420989136,0,0.36188178528347403]
[1,36.55006031363088,0,0.36188178528347403]
[5,36.731001206272616,0,0.36188178528347403]
[4,36.91194209891435,0,0.36188178528347403]
[3,37.09288299155609,0,0.36188178528347403]
[4,37.273823884197824,0,0.36188178528347403]
[8,37.45476477683956,0,0.36188178528347403]
[7,37.6357056694813,0,0.36188178528347403]
[6,37.81664656212303,1,0.7237635705669481]
[7,38.540410132689985,0,0.7237635705669481]