[7,10.54945054945055,0,0.32967032967032966]
[2,10.714285714285715,0,0.32967032967032966]
[1,10.796703296703297,0,0.32967032967032966]
[3,10.87912087912088,0,0.32967032967032966]
[5,11.043956043956044,0,0.32967032967032966]
[4,11.126373626373626,0,0.32967032967032966]
[6,11.20879120879121,0,0.32967032967032966]
[7,11.291208791208792,0,0.32967032967032966]
[5,11.373626373626374,0,0.32967032967032966]
[4,11.456043956043956,0,0.32967032967032966]
[6,11.538461538461538,0,0.32967032967032966]
[1,11.703296703296704,0,0.32967032967032966]
[8,11.868131868131869,0,0.32967032967032966]
[5,12.032967032967033,0,0.32967032967032966]
[4,12.115384615384615,0,0.32967032967032966]
[3,12.197802197802199,0,0.32967032967032966]
[2,12.362637362637363,0,0.32967032967032966]
[1,12.445054945054945,0,0.32967032967032966]
[3,12.527472527472527,0,0.32967032967032966]
[8,12.692307692307693,0,0.32967032967032966]
[5,12.857142857142858,0,0.32967032967032966]
[6,13.186813186813188,0,0.32967032967032966]
[7,13.26923076923077,0,0.32967032967032966]
[5,13.351648351648352,0,0.32967032967032966]
[4,13.434065934065934,0,0.32967032967032966]
[0,13.516483516483516,0,0.32967032967032966]
[2,13.681318681318682,0,0.32967032967032966]
[1,13.763736263736265,0,0.32967032967032966]
[3,13.846153846153847,0,0.32967032967032966]
[4,13.928571428571429,0,0.32967032967032966]
[8,14.010989010989011,0,0.32967032967032966]
[7,14.093406593406593,0,0.32967032967032966]
[6,14.175824175824177,0,0.32967032967032966]
[2,14.340659340659341,0,0.32967032967032966]
[5,14.505494505494505,0,0.32967032967032966]
[6,14.670329670329672,0,0.32967032967032966]
[7,14.711538461538462,0,0.32967032967032966]
[8,14.752747252747254,0,0.32967032967032966]
[3,14.793956043956044,0,0.32967032967032966]
[4,14.835164835164836,0,0.32967032967032966]
[0,15,0,0.32967032967032966]
[4,15.164835164835166,0,0.32967032967032966]
[2,15.32967032967033,0,0.32967032967032966]
[4,15.494505494505495,0,0.32967032967032966]
[7,15.824175824175825,0,0.32967032967032966]
[2,15.98901098901099,0,0.32967032967032966]
[1,16.071428571428573,0,0.32967032967032966]
[3,16.153846153846153,0,0.32967032967032966]
[5,16.31868131868132,0,0.32967032967032966]
[4,16.4010989010989,0,0.32967032967032966]
[6,16.483516483516485,0,0.32967032967032966]
[7,16.565934065934066,0,0.32967032967032966]
[5,16.64835164835165,0,0.32967032967032966]
[4,16.730769230769234,0,0.32967032967032966]
[6,16.813186813186814,0,0.32967032967032966]
[1,16.978021978021978,0,0.32967032967032966]
[8,17.142857142857146,0,0.32967032967032966]
[7,17.225274725274726,0,0.32967032967032966]
[5,17.307692307692307,0,0.32967032967032966]
[4,17.39010989010989,0,0.32967032967032966]
[3,17.472527472527474,0,0.32967032967032966]
[2,17.63736263736264,0,0.32967032967032966]
[1,17.71978021978022,0,0.32967032967032966]
[3,17.802197802197803,0,0.32967032967032966]
[8,17.96703296703297,0,0.32967032967032966]
[5,18.13186813186813,0,0.32967032967032966]
[6,18.461538461538463,0,0.32967032967032966]
[7,18.543956043956044,0,0.32967032967032966]
[5,18.626373626373628,0,0.32967032967032966]
[4,18.70879120879121,0,0.32967032967032966]
[0,18.791208791208792,0,0.32967032967032966]
[1,18.873626373626376,0,0.32967032967032966]
[2,18.956043956043956,0,0.32967032967032966]
[1,19.03846153846154,0,0.32967032967032966]
[3,19.120879120879124,0,0.32967032967032966]
[4,19.203296703296704,0,0.32967032967032966]
[8,19.285714285714285,0,0.32967032967032966]
[7,19.36813186813187,0,0.32967032967032966]
[6,19.450549450549453,0,0.32967032967032966]
[2,19.615384615384617,0,0.32967032967032966]
[5,19.78021978021978,0,0.32967032967032966]
[6,19.94505494505495,0,0.32967032967032966]
[7,19.986263736263737,0,0.32967032967032966]
[8,20.02747252747253,0,0.32967032967032966]
[3,20.06868131868132,0,0.32967032967032966]
[4,20.10989010989011,0,0.32967032967032966]
[0,20.274725274725277,0,0.32967032967032966]
[4,20.43956043956044,0,0.32967032967032966]
[2,20.604395604395606,0,0.32967032967032966]
[4,20.76923076923077,0,0.32967032967032966]
[6,21.0989010989011,0,0.32967032967032966]
[5,21.263736263736263,0,0.32967032967032966]
[0,21.42857142857143,0,0.32967032967032966]
[2,21.593406593406595,0,0.32967032967032966]
[3,21.75824175824176,0,0.32967032967032966]
[8,21.923076923076923,0,0.32967032967032966]
[1,22.087912087912088,0,0.32967032967032966]
[6,22.252747252747252,0,0.32967032967032966]
[5,22.41758241758242,0,0.32967032967032966]
[4,22.5,0,0.32967032967032966]
[3,22.582417582417584,0,0.32967032967032966]
[2,22.664835164835164,0,0.32967032967032966]
[1,22.747252747252748,0,0.32967032967032966]
[8,22.912087912087912,0,0.32967032967032966]
[1,23.076923076923077,0,0.32967032967032966]
[6,23.24175824175824,0,0.32967032967032966]
[0,23.40659340659341,1,0.32967032967032966]
[1,23.736263736263737,0,0.32967032967032966]
[5,23.9010989010989,0,0.32967032967032966]
[4,23.983516483516485,0,0.32967032967032966]
[3,24.065934065934066,0,0.32967032967032966]
[8,24.23076923076923,0,0.32967032967032966]
[3,24.395604395604398,0,0.32967032967032966]
[4,24.478021978021978,0,0.32967032967032966]
[5,24.560439560439562,0,0.32967032967032966]
[0,24.642857142857142,0,0.32967032967032966]
[1,24.725274725274726,0,0.32967032967032966]
[6,24.89010989010989,0,0.32967032967032966]
[2,25.054945054945055,0,0.32967032967032966]
[1,25.13736263736264,0,0.32967032967032966]
[3,25.21978021978022,0,0.32967032967032966]
[4,25.302197802197803,0,0.32967032967032966]
[5,25.384615384615387,0,0.32967032967032966]
[4,25.467032967032967,0,0.32967032967032966]
[6,25.54945054945055,0,0.32967032967032966]
[7,25.63186813186813,0,0.32967032967032966]
[8,25.714285714285715,0,0.32967032967032966]
[3,25.87912087912088,0,0.32967032967032966]
[2,26.043956043956044,0,0.32967032967032966]
[6,26.373626373626372,0,0.32967032967032966]
[5,26.538461538461537,0,0.32967032967032966]
[0,26.703296703296704,0,0.32967032967032966]
[2,26.86813186813187,0,0.32967032967032966]
[3,27.032967032967033,0,0.32967032967032966]
[8,27.197802197802197,0,0.32967032967032966]
[1,27.36263736263736,0,0.32967032967032966]
[6,27.527472527472526,0,0.32967032967032966]
[5,27.692307692307693,0,0.32967032967032966]
[4,27.774725274725274,0,0.32967032967032966]
[3,27.857142857142858,0,0.32967032967032966]
[2,27.939560439560438,0,0.32967032967032966]
[1,28.021978021978022,0,0.32967032967032966]
[8,28.186813186813186,0,0.32967032967032966]
[1,28.35164835164835,0,0.32967032967032966]
[6,28.516483516483515,0,0.32967032967032966]
[0,28.681318681318682,1,0.32967032967032966]
[1,29.01098901098901,0,0.32967032967032966]
[5,29.175824175824175,0,0.32967032967032966]
[4,29.25824175824176,0,0.32967032967032966]
[3,29.34065934065934,0,0.32967032967032966]
[8,29.505494505494504,0,0.32967032967032966]
[3,29.67032967032967,0,0.32967032967032966]
[4,29.752747252747252,0,0.32967032967032966]
[5,29.835164835164836,0,0.32967032967032966]
[0,29.917582417582416,0,0.32967032967032966]
[1,30,0,0.32967032967032966]
[6,30.164835164835164,0,0.32967032967032966]
[2,30.32967032967033,0,0.32967032967032966]
[1,30.412087912087912,0,0.32967032967032966]
[3,30.494505494505493,0,0.32967032967032966]
[4,30.576923076923077,0,0.32967032967032966]
[5,30.65934065934066,0,0.32967032967032966]
[4,30.74175824175824,0,0.32967032967032966]
[6,30.824175824175825,0,0.32967032967032966]
[7,30.906593406593405,0,0.32967032967032966]
[8,30.98901098901099,0,0.32967032967032966]
[3,31.153846153846153,0,0.32967032967032966]
[2,31.318681318681318,0,0.32967032967032966]
[3,31.64835164835165,0,0.32967032967032966]
[0,31.813186813186814,0,0.32967032967032966]
[1,31.895604395604398,0,0.32967032967032966]
[5,31.978021978021978,0,0.32967032967032966]
[4,32.06043956043956,0,0.32967032967032966]
[6,32.142857142857146,0,0.32967032967032966]
[7,32.22527472527473,0,0.32967032967032966]
[8,32.30769230769231,0,0.32967032967032966]
[3,32.637362637362635,0,0.32967032967032966]
[3,32.8021978021978,0,0.32967032967032966]
[2,32.96703296703297,0,0.32967032967032966]
[2,33.13186813186813,0,0.32967032967032966]
[0,33.2967032967033,0,0.32967032967032966]
[4,33.46153846153846,0,0.32967032967032966]
[6,33.62637362637363,0,0.32967032967032966]
[4,33.791208791208796,0,0.32967032967032966]
[8,33.956043956043956,0,0.32967032967032966]
[2,34.285714285714285,0,0.32967032967032966]
[5,34.45054945054945,0,0.32967032967032966]
[4,34.532967032967036,0,0.32967032967032966]
[3,34.61538461538461,0,0.32967032967032966]
[8,34.78021978021978,0,0.32967032967032966]
[7,34.862637362637365,0,0.32967032967032966]
[6,34.94505494505495,0,0.32967032967032966]
[5,35.10989010989011,0,0.32967032967032966]
[4,35.19230769230769,0,0.32967032967032966]
[3,35.27472527472528,0,0.32967032967032966]
[3,35.43956043956044,0,0.32967032967032966]
[0,35.604395604395606,0,0.32967032967032966]
[1,35.68681318681319,0,0.32967032967032966]
[2,35.769230769230774,0,0.32967032967032966]
[8,35.934065934065934,0,0.32967032967032966]
[7,36.01648351648352,0,0.32967032967032966]
[6,36.0989010989011,0,0.32967032967032966]
[5,36.181318681318686,0,0.32967032967032966]
[4,36.26373626373626,0,0.32967032967032966]
[0,36.42857142857143,0,0.32967032967032966]
[2,36.59340659340659,0,0.32967032967032966]
[0,36.75824175824176,0,0.32967032967032966]
[1,36.84065934065934,0,0.32967032967032966]
[5,36.92307692307693,0,0.32967032967032966]
[6,37.08791208791209,0,0.32967032967032966]
[7,37.17032967032967,0,0.32967032967032966]
[5,37.252747252747255,0,0.32967032967032966]
[4,37.33516483516484,0,0.32967032967032966]
[0,37.417582417582416,0,0.32967032967032966]
[1,37.5,0,0.32967032967032966]
[2,37.582417582417584,0,0.32967032967032966]
[3,37.91208791208791,0,0.32967032967032966]
[3,38.07692307692308,0,0.32967032967032966]
[2,38.24175824175825,0,0.32967032967032966]
[2,38.40659340659341,0,0.32967032967032966]
[0,38.57142857142858,0,0.32967032967032966]
[4,38.73626373626374,0,0.32967032967032966]
[6,38.901098901098905,0,0.32967032967032966]
[4,39.06593406593407,0,0.32967032967032966]
[8,39.23076923076923,0,0.32967032967032966]
[2,39.56043956043956,0,0.32967032967032966]
[5,39.72527472527473,0,0.32967032967032966]
[4,39.807692307692314,0,0.32967032967032966]
[3,39.89010989010989,0,0.32967032967032966]
[8,40.05494505494506,0,0.32967032967032966]
[7,40.13736263736264,0,0.32967032967032966]
[6,40.219780219780226,0,0.32967032967032966]
[5,40.38461538461539,0,0.32967032967032966]
[4,40.46703296703297,0,0.32967032967032966]
[3,40.549450549450555,0,0.32967032967032966]
[2,40.714285714285715,0,0.32967032967032966]
[1,40.7967032967033,0,0.32967032967032966]
[0,40.87912087912088,0,0.32967032967032966]
[5,40.96153846153846,0,0.32967032967032966]
[4,41.043956043956044,0,0.32967032967032966]
[8,41.20879120879121,0,0.32967032967032966]
[2,41.37362637362637,0,0.32967032967032966]
[0,41.53846153846154,0,0.32967032967032966]
[6,41.70329670329671,0,0.32967032967032966]
[4,41.86813186813187,0,0.32967032967032966]
[6,42.1978021978022,0,0.32967032967032966]
[7,42.28021978021978,0,0.32967032967032966]
[8,42.362637362637365,0,0.32967032967032966]
[3,42.44505494505495,0,0.32967032967032966]
[4,42.527472527472526,0,0.32967032967032966]
[0,42.69230769230769,0,0.32967032967032966]
[2,42.85714285714286,0,0.32967032967032966]
[1,42.93956043956044,0,0.32967032967032966]
[3,43.02197802197802,0,0.32967032967032966]
[4,43.104395604395606,0,0.32967032967032966]
[5,43.18681318681319,0,0.32967032967032966]
[4,43.269230769230774,0,0.32967032967032966]
[6,43.35164835164835,0,0.32967032967032966]
[7,43.434065934065934,0,0.32967032967032966]
[8,43.51648351648352,0,0.32967032967032966]
[3,43.681318681318686,0,0.32967032967032966]
[5,43.84615384615385,0,0.32967032967032966]
[4,43.92857142857143,0,0.32967032967032966]
[0,44.010989010989015,0,0.32967032967032966]
[1,44.0934065934066,0,0.32967032967032966]
[2,44.175824175824175,0,0.32967032967032966]
[1,44.25824175824176,0,0.32967032967032966]
[3,44.34065934065934,0,0.32967032967032966]
[4,44.42307692307693,0,0.32967032967032966]
[5,44.505494505494504,0,0.32967032967032966]
[4,44.58791208791209,0,0.32967032967032966]
[6,44.67032967032967,0,0.32967032967032966]
[7,44.752747252747255,0,0.32967032967032966]
[2,44.83516483516484,0,0.32967032967032966]
[1,44.917582417582416,0,0.32967032967032966]
[3,45,0,0.32967032967032966]
[4,45.082417582417584,0,0.32967032967032966]
[5,45.16483516483517,0,0.32967032967032966]
[0,45.32967032967033,0,0.32967032967032966]
[2,45.494505494505496,0,0.32967032967032966]
[1,45.57692307692307,0,0.32967032967032966]
[3,45.65934065934066,0,0.32967032967032966]
[4,45.74175824175824,0,0.32967032967032966]
[5,45.824175824175825,0,0.32967032967032966]
[4,45.90659340659341,0,0.32967032967032966]
[6,45.989010989010985,0,0.32967032967032966]
[7,46.07142857142857,0,0.32967032967032966]
[8,46.15384615384615,0,0.32967032967032966]
[3,46.31868131868132,0,0.32967032967032966]
[5,46.48351648351648,0,0.32967032967032966]
[4,46.565934065934066,0,0.32967032967032966]
[0,46.64835164835165,0,0.32967032967032966]
[1,46.73076923076923,0,0.32967032967032966]
[2,46.81318681318682,0,0.32967032967032966]
[1,46.895604395604394,0,0.32967032967032966]
[3,46.97802197802198,0,0.32967032967032966]
[4,47.06043956043956,0,0.32967032967032966]
[5,47.142857142857146,0,0.32967032967032966]
[4,47.22527472527472,0,0.32967032967032966]
[6,47.30769230769231,0,0.32967032967032966]
[7,47.39010989010989,0,0.32967032967032966]
[2,47.472527472527474,0,0.32967032967032966]
[1,47.55494505494506,0,0.32967032967032966]
[3,47.63736263736264,0,0.32967032967032966]
[4,47.71978021978022,0,0.32967032967032966]
[5,47.8021978021978,0,0.32967032967032966]
[0,47.96703296703297,0,0.32967032967032966]
[2,48.13186813186814,0,0.32967032967032966]
[1,48.214285714285715,0,0.32967032967032966]
[3,48.2967032967033,0,0.32967032967032966]
[4,48.37912087912088,0,0.32967032967032966]
[5,48.46153846153847,0,0.32967032967032966]
[4,48.54395604395605,0,0.32967032967032966]
[6,48.62637362637363,0,0.32967032967032966]
[7,48.70879120879121,0,0.32967032967032966]
[8,48.791208791208796,0,0.32967032967032966]
[3,48.95604395604396,0,0.32967032967032966]
[5,49.120879120879124,0,0.32967032967032966]
[4,49.20329670329671,0,0.32967032967032966]
[0,49.28571428571429,0,0.32967032967032966]
[1,49.368131868131876,0,0.32967032967032966]
[2,49.45054945054945,0,0.32967032967032966]
[1,49.532967032967036,0,0.32967032967032966]
[3,49.61538461538462,0,0.32967032967032966]
[4,49.697802197802204,0,0.32967032967032966]
[5,49.78021978021978,0,0.32967032967032966]
[4,49.862637362637365,0,0.32967032967032966]
[6,49.94505494505495,0,0.32967032967032966]
[7,50.02747252747253,0,0.32967032967032966]
[2,50.10989010989011,0,0.32967032967032966]
[1,50.19230769230769,0,0.32967032967032966]
[3,50.27472527472528,0,0.32967032967032966]
[4,50.35714285714286,0,0.32967032967032966]
[5,50.43956043956044,0,0.32967032967032966]
[0,50.604395604395606,0,0.32967032967032966]
[2,50.769230769230774,0,0.32967032967032966]
[1,50.85164835164835,0,0.32967032967032966]
[3,50.934065934065934,0,0.32967032967032966]
[4,51.01648351648352,0,0.32967032967032966]
[5,51.0989010989011,0,0.32967032967032966]
[4,51.181318681318686,0,0.32967032967032966]
[6,51.26373626373626,0,0.32967032967032966]
[7,51.34615384615385,0,0.32967032967032966]
[8,51.42857142857143,0,0.32967032967032966]
[3,51.5934065934066,0,0.32967032967032966]
[5,51.75824175824176,0,0.32967032967032966]
[4,51.84065934065934,0,0.32967032967032966]
[0,51.92307692307693,0,0.32967032967032966]
[1,52.00549450549451,0,0.32967032967032966]
[2,52.087912087912095,0,0.32967032967032966]
[1,52.17032967032967,0,0.32967032967032966]
[3,52.252747252747255,0,0.32967032967032966]
[4,52.33516483516484,0,0.32967032967032966]
[5,52.41758241758242,0,0.32967032967032966]
[4,52.5,0,0.32967032967032966]
[6,52.582417582417584,0,0.32967032967032966]
[7,52.66483516483517,0,0.32967032967032966]
[8,52.74725274725275,0,0.32967032967032966]
[3,52.91208791208791,0,0.32967032967032966]
[2,53.07692307692308,0,0.32967032967032966]
[1,53.159340659340664,0,0.32967032967032966]
[5,53.324175824175825,0,0.32967032967032966]
[4,53.40659340659341,0,0.32967032967032966]
[6,53.48901098901099,0,0.32967032967032966]
[7,53.57142857142858,0,0.32967032967032966]
[2,53.73626373626374,0,0.32967032967032966]
[1,53.81868131868132,0,0.32967032967032966]
[3,53.901098901098905,0,0.32967032967032966]
[4,53.98351648351649,0,0.32967032967032966]
[5,54.065934065934066,0,0.32967032967032966]
[8,54.23076923076923,0,0.32967032967032966]
[7,54.31318681318682,0,0.32967032967032966]
[6,54.395604395604394,0,0.32967032967032966]
[5,54.47802197802198,0,0.32967032967032966]
[4,54.56043956043956,0,0.32967032967032966]
[2,54.72527472527473,0,0.32967032967032966]
[1,54.80769230769231,0,0.32967032967032966]
[3,54.89010989010989,0,0.32967032967032966]
[4,54.972527472527474,0,0.32967032967032966]
[5,55.05494505494506,0,0.32967032967032966]
[4,55.13736263736264,0,0.32967032967032966]
[6,55.21978021978022,0,0.32967032967032966]
[7,55.3021978021978,0,0.32967032967032966]
[8,55.38461538461539,0,0.32967032967032966]
[2,55.549450549450555,0,0.32967032967032966]
[1,55.63186813186813,0,0.32967032967032966]
[3,55.714285714285715,0,0.32967032967032966]
[4,55.7967032967033,0,0.32967032967032966]
[8,55.96153846153847,0,0.32967032967032966]
[7,56.043956043956044,0,0.32967032967032966]
[5,56.20879120879121,0,0.32967032967032966]
[2,56.37362637362637,0,0.32967032967032966]
[1,56.456043956043956,0,0.32967032967032966]
[3,56.53846153846154,0,0.32967032967032966]
[4,56.620879120879124,0,0.32967032967032966]
[5,56.7032967032967,0,0.32967032967032966]
[8,56.86813186813187,0,0.32967032967032966]
[7,56.95054945054945,0,0.32967032967032966]
[3,57.032967032967036,0,0.32967032967032966]
[4,57.11538461538462,0,0.32967032967032966]
[5,57.1978021978022,0,0.32967032967032966]
[2,57.362637362637365,0,0.32967032967032966]
[1,57.44505494505495,0,0.32967032967032966]
[0,57.52747252747253,0,0.32967032967032966]
[5,57.69230769230769,0,0.32967032967032966]
[3,57.85714285714286,0,0.32967032967032966]
[4,57.939560439560445,0,0.32967032967032966]
[8,58.02197802197802,0,0.32967032967032966]
[7,58.104395604395606,0,0.32967032967032966]
[3,58.18681318681319,0,0.32967032967032966]
[4,58.269230769230774,0,0.32967032967032966]
[8,58.35164835164835,0,0.32967032967032966]
[7,58.434065934065934,0,0.32967032967032966]
[0,58.5989010989011,0,0.32967032967032966]
[1,58.681318681318686,0,0.32967032967032966]
[5,58.76373626373626,0,0.32967032967032966]
[4,58.84615384615385,0,0.32967032967032966]
[8,59.010989010989015,0,0.32967032967032966]
[7,59.0934065934066,0,0.32967032967032966]
[3,59.175824175824175,0,0.32967032967032966]
[4,59.25824175824176,0,0.32967032967032966]
[5,59.34065934065934,0,0.32967032967032966]
[2,59.50549450549451,0,0.32967032967032966]
[1,59.58791208791209,0,0.32967032967032966]
[3,59.67032967032967,0,0.32967032967032966]
[4,59.752747252747255,0,0.32967032967032966]
[8,59.83516483516484,0,0.32967032967032966]
[7,59.91758241758242,0,0.32967032967032966]
[6,60,0,0.32967032967032966]
[5,60.082417582417584,0,0.32967032967032966]
[4,60.16483516483517,0,0.32967032967032966]
[0,60.24725274725275,0,0.32967032967032966]
[1,60.32967032967033,0,0.32967032967032966]
[5,60.41208791208791,0,0.32967032967032966]
[4,60.494505494505496,0,0.32967032967032966]
[6,60.57692307692308,0,0.32967032967032966]
[7,60.659340659340664,0,0.32967032967032966]
[2,60.824175824175825,0,0.32967032967032966]
[1,60.90659340659341,0,0.32967032967032966]
[3,60.98901098901099,0,0.32967032967032966]
[4,61.07142857142858,0,0.32967032967032966]
[0,61.23626373626374,0,0.32967032967032966]
[8,61.401098901098905,0,0.32967032967032966]
[7,61.48351648351649,0,0.32967032967032966]
[3,61.64835164835165,0,0.32967032967032966]
[4,61.73076923076923,0,0.32967032967032966]
[2,61.81318681318682,0,0.32967032967032966]
[1,61.8956043956044,0,0.32967032967032966]
[0,61.97802197802198,0,0.32967032967032966]
[5,62.142857142857146,0,0.32967032967032966]
[4,62.22527472527473,0,0.32967032967032966]
[6,62.30769230769231,0,0.32967032967032966]
[7,62.39010989010989,0,0.32967032967032966]
[3,62.55494505494506,0,0.32967032967032966]
[4,62.63736263736264,0,0.32967032967032966]
[2,62.71978021978022,0,0.32967032967032966]
[1,62.8021978021978,0,0.32967032967032966]
[5,62.96703296703297,0,0.32967032967032966]
[8,63.13186813186813,0,0.32967032967032966]
[0,63.2967032967033,0,0.32967032967032966]
[1,63.37912087912088,0,0.32967032967032966]
[0,63.46153846153847,0,0.32967032967032966]
[1,63.543956043956044,0,0.32967032967032966]
[5,63.62637362637363,0,0.32967032967032966]
[2,63.791208791208796,0,0.32967032967032966]
[3,63.956043956043956,0,0.32967032967032966]
[7,64.12087912087912,0,0.32967032967032966]
[5,64.28571428571429,0,0.32967032967032966]
[2,64.45054945054946,0,0.32967032967032966]
[1,64.53296703296704,0,0.32967032967032966]
[3,64.61538461538461,0,0.32967032967032966]
[4,64.6978021978022,0,0.32967032967032966]
[3,64.78021978021978,0,0.32967032967032966]
[4,64.86263736263737,0,0.32967032967032966]
[8,64.94505494505495,0,0.32967032967032966]
[0,65.10989010989012,0,0.32967032967032966]
[4,65.27472527472527,0,0.32967032967032966]
[8,65.43956043956044,0,0.32967032967032966]
[2,65.6043956043956,0,0.32967032967032966]
[1,65.68681318681318,0,0.32967032967032966]
[3,65.76923076923077,0,0.32967032967032966]
[4,65.85164835164835,0,0.32967032967032966]
[5,65.93406593406594,0,0.32967032967032966]
[4,66.01648351648352,0,0.32967032967032966]
[6,66.0989010989011,0,0.32967032967032966]
[7,66.18131868131869,0,0.32967032967032966]
[8,66.26373626373626,0,0.32967032967032966]
[7,66.34615384615385,0,0.32967032967032966]
[8,66.42857142857143,0,0.32967032967032966]
[7,66.51098901098901,0,0.32967032967032966]
[6,66.5934065934066,0,0.32967032967032966]
[3,66.75824175824177,0,0.32967032967032966]
[4,66.84065934065934,0,0.32967032967032966]
[5,66.92307692307692,0,0.32967032967032966]
[2,67.08791208791209,0,0.32967032967032966]
[0,67.25274725274726,0,0.32967032967032966]
[1,67.33516483516483,0,0.32967032967032966]
[5,67.41758241758242,0,0.32967032967032966]
[4,67.5,0,0.32967032967032966]
[6,67.58241758241759,0,0.32967032967032966]
[7,67.66483516483517,0,0.32967032967032966]
[6,67.74725274725274,0,0.32967032967032966]
[7,67.82967032967034,0,0.32967032967032966]
[6,67.91208791208791,0,0.32967032967032966]
[7,67.9945054945055,0,0.32967032967032966]
[6,68.07692307692308,0,0.32967032967032966]
[3,68.24175824175825,0,0.32967032967032966]
[4,68.32417582417582,0,0.32967032967032966]
[8,68.40659340659342,0,0.32967032967032966]
[7,68.48901098901099,0,0.32967032967032966]
[6,68.57142857142857,0,0.32967032967032966]
[7,68.65384615384613,0,0.32967032967032966]
[6,68.73626373626372,0,0.32967032967032966]
[7,68.8186813186813,0,0.32967032967032966]
[5,68.90109890109889,0,0.32967032967032966]
[1,69.06593406593404,0,0.32967032967032966]
[3,69.23076923076921,0,0.32967032967032966]
[7,69.39560439560438,0,0.32967032967032966]
[5,69.56043956043955,0,0.32967032967032966]
[2,69.72527472527472,0,0.32967032967032966]
[1,69.80769230769229,0,0.32967032967032966]
[0,69.89010989010987,0,0.32967032967032966]
[1,69.97252747252746,0,0.32967032967032966]
[0,70.05494505494504,0,0.32967032967032966]
[1,70.13736263736263,0,0.32967032967032966]
[5,70.2197802197802,0,0.32967032967032966]
[6,70.38461538461537,0,0.32967032967032966]
[4,70.54945054945053,0,0.32967032967032966]
[8,70.7142857142857,0,0.32967032967032966]
[2,70.87912087912086,0,0.32967032967032966]
[1,70.96153846153844,0,0.32967032967032966]
[3,71.04395604395603,0,0.32967032967032966]
[4,71.1263736263736,0,0.32967032967032966]
[5,71.2087912087912,0,0.32967032967032966]
[4,71.29120879120877,0,0.32967032967032966]
[6,71.37362637362635,0,0.32967032967032966]
[7,71.45604395604394,0,0.32967032967032966]
[8,71.53846153846152,0,0.32967032967032966]
[7,71.62087912087911,0,0.32967032967032966]
[8,71.70329670329669,0,0.32967032967032966]
[7,71.78571428571429,0,0.32967032967032966]
[6,71.86813186813187,0,0.32967032967032966]
[3,72.03296703296702,0,0.32967032967032966]
[5,72.19780219780218,0,0.32967032967032966]
[2,72.36263736263734,0,0.32967032967032966]
[0,72.52747252747251,0,0.32967032967032966]
[1,72.60989010989009,0,0.32967032967032966]
[5,72.69230769230768,0,0.32967032967032966]
[4,72.77472527472526,0,0.32967032967032966]
[6,72.85714285714285,0,0.32967032967032966]
[7,72.93956043956042,0,0.32967032967032966]
[6,73.021978021978,0,0.32967032967032966]
[7,73.10439560439559,0,0.32967032967032966]
[6,73.18681318681317,0,0.32967032967032966]
[7,73.26923076923076,0,0.32967032967032966]
[6,73.35164835164834,0,0.32967032967032966]
[3,73.5164835164835,0,0.32967032967032966]
[4,73.59890109890108,0,0.32967032967032966]
[8,73.68131868131867,0,0.32967032967032966]
[7,73.76373626373625,0,0.32967032967032966]
[6,73.84615384615385,0,0.32967032967032966]
[2,74.01098901098902,0,0.32967032967032966]
[1,74.0934065934066,0,0.32967032967032966]
[3,74.17582417582419,0,0.32967032967032966]
[5,74.34065934065936,0,0.32967032967032966]
[4,74.42307692307693,0,0.32967032967032966]
[6,74.50549450549451,0,0.32967032967032966]
[7,74.5879120879121,0,0.32967032967032966]
[5,74.67032967032968,0,0.32967032967032966]
[4,74.75274725274727,0,0.32967032967032966]
[6,74.83516483516483,0,0.32967032967032966]
[1,75,0,0.32967032967032966]
[8,75.16483516483518,0,0.32967032967032966]
[5,75.32967032967034,0,0.32967032967032966]
[4,75.41208791208793,0,0.32967032967032966]
[3,75.4945054945055,0,0.32967032967032966]
[2,75.65934065934067,0,0.32967032967032966]
[1,75.74175824175825,0,0.32967032967032966]
[3,75.82417582417584,0,0.32967032967032966]
[8,75.989010989011,0,0.32967032967032966]
[5,76.15384615384616,0,0.32967032967032966]
[4,76.23626373626374,0,0.32967032967032966]
[5,76.31868131868133,0,0.32967032967032966]
[4,76.4010989010989,0,0.32967032967032966]
[6,76.4835164835165,0,0.32967032967032966]
[7,76.56593406593407,0,0.32967032967032966]
[5,76.64835164835166,0,0.32967032967032966]
[4,76.73076923076924,0,0.32967032967032966]
[0,76.81318681318682,0,0.32967032967032966]
[2,76.97802197802199,0,0.32967032967032966]
[1,77.06043956043958,0,0.32967032967032966]
[3,77.14285714285715,0,0.32967032967032966]
[4,77.22527472527473,0,0.32967032967032966]
[8,77.30769230769232,0,0.32967032967032966]
[7,77.3901098901099,0,0.32967032967032966]
[6,77.47252747252747,0,0.32967032967032966]
[2,77.63736263736264,0,0.32967032967032966]
[5,77.80219780219781,0,0.32967032967032966]
[6,77.96703296703298,0,0.32967032967032966]
[7,78.00824175824177,0,0.32967032967032966]
[8,78.04945054945055,0,0.32967032967032966]
[3,78.09065934065936,0,0.32967032967032966]
[4,78.13186813186813,0,0.32967032967032966]
[0,78.2967032967033,0,0.32967032967032966]
[4,78.46153846153847,0,0.32967032967032966]
[2,78.62637362637363,0,0.32967032967032966]
[4,78.79120879120879,0,0.32967032967032966]
[8,78.95604395604396,0,0.32967032967032966]
[7,79.03846153846155,0,0.32967032967032966]
[6,79.12087912087912,0,0.32967032967032966]
[2,79.28571428571429,0,0.32967032967032966]
[1,79.36813186813188,0,0.32967032967032966]
[3,79.45054945054946,0,0.32967032967032966]
[5,79.61538461538463,0,0.32967032967032966]
[4,79.6978021978022,0,0.32967032967032966]
[6,79.7802197802198,0,0.32967032967032966]
[7,79.86263736263737,0,0.32967032967032966]
[5,79.94505494505495,0,0.32967032967032966]
[4,80.02747252747254,0,0.32967032967032966]
[6,80.10989010989012,0,0.32967032967032966]
[1,80.27472527472528,0,0.32967032967032966]
[8,80.43956043956045,0,0.32967032967032966]
[7,80.52197802197803,0,0.32967032967032966]
[5,80.60439560439562,0,0.32967032967032966]
[4,80.6868131868132,0,0.32967032967032966]
[3,80.76923076923077,0,0.32967032967032966]
[2,80.93406593406594,0,0.32967032967032966]
[1,81.01648351648353,0,0.32967032967032966]
[3,81.09890109890111,0,0.32967032967032966]
[8,81.26373626373628,0,0.32967032967032966]
[5,81.42857142857143,0,0.32967032967032966]
[6,81.75824175824177,0,0.32967032967032966]
[7,81.84065934065936,0,0.32967032967032966]
[5,81.92307692307693,0,0.32967032967032966]
[4,82.00549450549451,0,0.32967032967032966]
[0,82.0879120879121,0,0.32967032967032966]
[1,82.17032967032968,0,0.32967032967032966]
[2,82.25274725274727,0,0.32967032967032966]
[1,82.33516483516485,0,0.32967032967032966]
[3,82.41758241758242,0,0.32967032967032966]
[4,82.50000000000001,0,0.32967032967032966]
[8,82.58241758241759,0,0.32967032967032966]
[7,82.66483516483518,0,0.32967032967032966]
[6,82.74725274725274,0,0.32967032967032966]
[2,82.91208791208791,0,0.32967032967032966]
[5,83.0769230769231,0,0.32967032967032966]
[6,83.24175824175825,0,0.32967032967032966]
[7,83.28296703296704,0,0.32967032967032966]
[8,83.32417582417584,0,0.32967032967032966]
[3,83.36538461538463,0,0.32967032967032966]
[4,83.40659340659342,0,0.32967032967032966]
[0,83.57142857142857,0,0.32967032967032966]
[4,83.73626373626374,0,0.32967032967032966]
[2,83.90109890109892,0,0.32967032967032966]
[4,84.06593406593407,0,0.32967032967032966]
[8,84.23076923076924,0,0.32967032967032966]
[7,84.31318681318682,0,0.32967032967032966]
[6,84.39560439560441,0,0.32967032967032966]
[5,84.56043956043956,0,0.32967032967032966]
[0,84.72527472527474,0,0.32967032967032966]
[2,84.8901098901099,0,0.32967032967032966]
[3,85.05494505494507,0,0.32967032967032966]
[8,85.21978021978022,0,0.32967032967032966]
[1,85.38461538461539,0,0.32967032967032966]
[6,85.54945054945055,0,0.32967032967032966]
[5,85.71428571428572,0,0.32967032967032966]
[4,85.7967032967033,0,0.32967032967032966]
[3,85.87912087912089,0,0.32967032967032966]
[2,85.96153846153847,0,0.32967032967032966]
[1,86.04395604395606,0,0.32967032967032966]
[8,86.20879120879121,0,0.32967032967032966]
[1,86.37362637362638,0,0.32967032967032966]
[6,86.53846153846155,0,0.32967032967032966]
[0,86.70329670329672,1,0.32967032967032966]
[2,86.78571428571429,0,0.32967032967032966]
[1,86.86813186813187,0,0.32967032967032966]
[2,86.95054945054946,0,0.32967032967032966]
[1,87.03296703296704,0,0.32967032967032966]
[5,87.1978021978022,0,0.32967032967032966]
[4,87.28021978021978,0,0.32967032967032966]
[6,87.36263736263737,0,0.32967032967032966]
[7,87.44505494505495,0,0.32967032967032966]
[5,87.52747252747253,0,0.32967032967032966]
[4,87.60989010989012,0,0.32967032967032966]
[3,87.6923076923077,0,0.32967032967032966]
[4,87.77472527472528,0,0.32967032967032966]
[5,87.85714285714286,0,0.32967032967032966]
[0,87.93956043956045,0,0.32967032967032966]
[1,88.02197802197803,0,0.32967032967032966]
[6,88.1868131868132,0,0.32967032967032966]
[2,88.35164835164836,0,0.32967032967032966]
[1,88.43406593406594,0,0.32967032967032966]
[3,88.51648351648353,0,0.32967032967032966]
[4,88.59890109890111,0,0.32967032967032966]
[5,88.68131868131869,0,0.32967032967032966]
[4,88.76373626373628,0,0.32967032967032966]
[6,88.84615384615385,0,0.32967032967032966]
[7,88.92857142857144,0,0.32967032967032966]
[8,89.01098901098902,0,0.32967032967032966]
[3,89.17582417582418,0,0.32967032967032966]
[0,89.34065934065934,0,0.32967032967032966]
[1,89.42307692307692,0,0.32967032967032966]
[5,89.50549450549451,0,0.32967032967032966]
[4,89.58791208791209,0,0.32967032967032966]
[6,89.67032967032968,0,0.32967032967032966]
[5,89.83516483516485,0,0.32967032967032966]
[0,90.00000000000001,0,0.32967032967032966]
[2,90.16483516483517,0,0.32967032967032966]
[3,90.32967032967034,0,0.32967032967032966]
[8,90.4945054945055,0,0.32967032967032966]
[1,90.65934065934066,0,0.32967032967032966]
[6,90.82417582417582,0,0.32967032967032966]
[5,90.989010989011,0,0.32967032967032966]
[4,91.07142857142858,0,0.32967032967032966]
[3,91.15384615384616,0,0.32967032967032966]
[2,91.31868131868133,0,0.32967032967032966]
[8,91.48351648351648,0,0.32967032967032966]
[1,91.64835164835165,0,0.32967032967032966]
[6,91.81318681318682,0,0.32967032967032966]
[0,91.97802197802199,1,0.32967032967032966]
[1,91.97802197802199,0,0.32967032967032966]
[2,92.06043956043956,0,0.32967032967032966]
[1,92.14285714285715,0,0.32967032967032966]
[2,92.22527472527473,0,0.32967032967032966]
[1,92.3076923076923,0,0.32967032967032966]
[5,92.47252747252747,0,0.32967032967032966]
[3,92.63736263736264,0,0.32967032967032966]
[4,92.71978021978022,0,0.32967032967032966]
[8,92.80219780219781,0,0.32967032967032966]
[6,92.96703296703296,0,0.32967032967032966]
[5,93.13186813186813,0,0.32967032967032966]
[1,93.2967032967033,0,0.32967032967032966]
[6,93.46153846153847,0,0.32967032967032966]
[2,93.62637362637363,0,0.32967032967032966]
[1,93.70879120879121,0,0.32967032967032966]
[3,93.7912087912088,0,0.32967032967032966]
[5,93.95604395604397,0,0.32967032967032966]
[6,94.12087912087912,0,0.32967032967032966]
[8,94.28571428571429,0,0.32967032967032966]
[3,94.45054945054946,0,0.32967032967032966]
[2,94.61538461538463,0,0.32967032967032966]
[5,95.10989010989012,0,0.32967032967032966]
[4,95.1923076923077,0,0.32967032967032966]
[6,95.27472527472528,0,0.32967032967032966]
[2,95.52197802197803,0,0.32967032967032966]
[0,95.76923076923077,0,0.32967032967032966]
[1,95.85164835164835,0,0.32967032967032966]
[5,95.93406593406594,0,0.32967032967032966]
[6,96.09890109890111,0,0.32967032967032966]
[3,96.26373626373626,0,0.32967032967032966]
[0,96.42857142857143,0,0.32967032967032966]
[5,96.5934065934066,0,0.32967032967032966]
[8,96.75824175824177,0,0.32967032967032966]
[4,96.92307692307692,0,0.32967032967032966]
[2,97.08791208791209,0,0.32967032967032966]
[1,97.17032967032968,0,0.32967032967032966]
[0,97.25274725274726,0,0.32967032967032966]
[4,97.41758241758242,0,0.32967032967032966]
[8,97.74725274725274,0,0.32967032967032966]
[7,97.82967032967034,0,0.32967032967032966]
[6,97.91208791208791,0,0.32967032967032966]
[5,98.07692307692308,0,0.32967032967032966]
[1,98.24175824175825,0,0.32967032967032966]
[0,98.40659340659342,0,0.32967032967032966]
[4,98.57142857142857,0,0.32967032967032966]
[3,98.73626373626374,0,0.32967032967032966]
[8,98.9010989010989,0,0.32967032967032966]
[7,99.06593406593407,0,0.32967032967032966]
[5,99.23076923076924,0,0.32967032967032966]
[4,99.3956043956044,0,0.32967032967032966]
[2,99.56043956043956,0,0.32967032967032966]
[1,99.64285714285715,0,0.32967032967032966]
[2,99.72527472527473,0,0.32967032967032966]
[1,99.8076923076923,0,0.32967032967032966]
[3,99.8901098901099,0,0.32967032967032966]
[4,99.97252747252747,0,0.32967032967032966]
[8,100.05494505494507,0,0.32967032967032966]
[7,100.13736263736264,0,0.32967032967032966]
[6,100.21978021978022,0,0.32967032967032966]
[5,100.3846153846154,0,0.32967032967032966]
[4,100.46703296703298,0,0.32967032967032966]
[6,100.54945054945057,0,0.32967032967032966]
[2,100.79670329670331,0,0.32967032967032966]
[0,101.04395604395606,0,0.32967032967032966]
[1,101.12637362637363,0,0.32967032967032966]
[5,101.20879120879123,0,0.32967032967032966]
[6,101.3736263736264,0,0.32967032967032966]
[3,101.53846153846155,0,0.32967032967032966]
[0,101.70329670329672,0,0.32967032967032966]
[5,101.86813186813188,0,0.32967032967032966]
[8,102.03296703296705,0,0.32967032967032966]
[4,102.1978021978022,0,0.32967032967032966]
[2,102.36263736263737,0,0.32967032967032966]
[1,102.44505494505496,0,0.32967032967032966]
[0,102.52747252747254,0,0.32967032967032966]
[4,102.69230769230771,0,0.32967032967032966]
[8,103.02197802197803,0,0.32967032967032966]
[7,103.10439560439562,0,0.32967032967032966]
[6,103.1868131868132,0,0.32967032967032966]
[5,103.35164835164836,0,0.32967032967032966]
[1,103.51648351648353,0,0.32967032967032966]
[0,103.6813186813187,0,0.32967032967032966]
[4,103.84615384615385,0,0.32967032967032966]
[3,104.01098901098902,0,0.32967032967032966]
[8,104.17582417582419,0,0.32967032967032966]
[7,104.34065934065936,0,0.32967032967032966]
[5,104.50549450549453,0,0.32967032967032966]
[4,104.67032967032968,0,0.32967032967032966]
[2,104.83516483516485,0,0.32967032967032966]
[1,104.91758241758244,0,0.32967032967032966]
[2,105.00000000000001,0,0.32967032967032966]
[1,105.08241758241759,0,0.32967032967032966]
[3,105.16483516483518,0,0.32967032967032966]
[4,105.24725274725276,0,0.32967032967032966]
[8,105.32967032967035,0,0.32967032967032966]
[7,105.41208791208793,0,0.32967032967032966]
[6,105.4945054945055,0,0.32967032967032966]
[5,105.57692307692308,0,0.32967032967032966]
[4,105.65934065934066,0,0.32967032967032966]
[1,105.82417582417582,0,0.32967032967032966]
[0,105.98901098901099,0,0.32967032967032966]
[5,106.23626373626374,0,0.32967032967032966]
[4,106.31868131868133,0,0.32967032967032966]
[8,106.48351648351648,0,0.32967032967032966]
[0,106.81318681318682,0,0.32967032967032966]
[1,106.8956043956044,0,0.32967032967032966]
[5,106.97802197802199,0,0.32967032967032966]
[6,107.14285714285715,0,0.32967032967032966]
[3,107.3076923076923,0,0.32967032967032966]
[2,107.47252747252747,0,0.32967032967032966]
[5,107.63736263736264,0,0.32967032967032966]
[8,107.80219780219781,0,0.32967032967032966]
[3,107.96703296703298,0,0.32967032967032966]
[1,108.04945054945055,0,0.32967032967032966]
[2,108.13186813186813,0,0.32967032967032966]
[0,108.46153846153847,0,0.32967032967032966]
[5,108.62637362637363,0,0.32967032967032966]
[6,108.79120879120879,0,0.32967032967032966]
[8,108.95604395604396,0,0.32967032967032966]
[4,109.03846153846155,0,0.32967032967032966]
[3,109.12087912087912,0,0.32967032967032966]
[2,109.28571428571429,0,0.32967032967032966]
[0,109.45054945054946,0,0.32967032967032966]
[1,109.53296703296704,0,0.32967032967032966]
[5,109.61538461538461,0,0.32967032967032966]
[4,109.6978021978022,0,0.32967032967032966]
[3,109.78021978021978,0,0.32967032967032966]
[4,109.86263736263737,0,0.32967032967032966]
[8,109.94505494505495,0,0.32967032967032966]
[7,110.02747252747253,0,0.32967032967032966]
[6,110.10989010989012,0,0.32967032967032966]
[5,110.27472527472528,0,0.32967032967032966]
[0,110.43956043956044,0,0.32967032967032966]
[2,110.6043956043956,0,0.32967032967032966]
[3,110.76923076923077,0,0.32967032967032966]
[4,110.85164835164835,0,0.32967032967032966]
[5,110.93406593406593,0,0.32967032967032966]
[1,111.0989010989011,0,0.32967032967032966]
[0,111.26373626373626,0,0.32967032967032966]
[5,111.51098901098901,0,0.32967032967032966]
[4,111.5934065934066,0,0.32967032967032966]
[8,111.75824175824175,0,0.32967032967032966]
[0,112.08791208791209,0,0.32967032967032966]
[1,112.17032967032966,0,0.32967032967032966]
[5,112.25274725274726,0,0.32967032967032966]
[6,112.41758241758242,0,0.32967032967032966]
[3,112.58241758241758,0,0.32967032967032966]
[2,112.74725274725274,0,0.32967032967032966]
[5,112.91208791208791,0,0.32967032967032966]
[8,113.07692307692308,0,0.32967032967032966]
[3,113.24175824175825,0,0.32967032967032966]
[1,113.32417582417582,0,0.32967032967032966]
[2,113.4065934065934,0,0.32967032967032966]
[0,113.73626373626374,0,0.32967032967032966]
[5,113.9010989010989,0,0.32967032967032966]
[6,114.06593406593406,0,0.32967032967032966]
[8,114.23076923076923,0,0.32967032967032966]
[4,114.31318681318682,0,0.32967032967032966]
[3,114.3956043956044,0,0.32967032967032966]
[2,114.56043956043956,0,0.32967032967032966]
[0,114.72527472527473,0,0.32967032967032966]
[1,114.8076923076923,0,0.32967032967032966]
[5,114.89010989010988,0,0.32967032967032966]
[4,114.97252747252747,0,0.32967032967032966]
[3,115.05494505494505,0,0.32967032967032966]
[4,115.13736263736264,0,0.32967032967032966]
[8,115.21978021978022,0,0.32967032967032966]
[7,115.3021978021978,0,0.32967032967032966]
[6,115.38461538461539,0,0.32967032967032966]
[5,115.54945054945055,0,0.32967032967032966]
[0,115.71428571428571,0,0.32967032967032966]
[2,115.87912087912088,0,0.32967032967032966]
[3,116.04395604395604,0,0.32967032967032966]
[4,116.12637362637363,0,0.32967032967032966]
[6,116.2912087912088,0,0.32967032967032966]
[7,116.37362637362638,0,0.32967032967032966]
[5,116.53846153846155,0,0.32967032967032966]
[1,116.62087912087912,0,0.32967032967032966]
[0,116.7032967032967,0,0.32967032967032966]
[2,117.03296703296704,0,0.32967032967032966]
[3,117.36263736263737,0,0.32967032967032966]
[6,117.52747252747253,0,0.32967032967032966]
[4,117.6923076923077,0,0.32967032967032966]
[7,117.85714285714286,0,0.32967032967032966]
[5,118.02197802197803,0,0.32967032967032966]
[1,118.1868131868132,0,0.32967032967032966]
[0,118.35164835164835,0,0.32967032967032966]
[2,118.68131868131869,0,0.32967032967032966]
[1,118.76373626373626,0,0.32967032967032966]
[5,118.92857142857143,0,0.32967032967032966]
[4,119.01098901098902,0,0.32967032967032966]
[8,119.17582417582418,0,0.32967032967032966]
[7,119.25824175824177,0,0.32967032967032966]
[6,119.34065934065934,0,0.32967032967032966]
[5,119.50549450549451,0,0.32967032967032966]
[2,119.67032967032968,0,0.32967032967032966]
[0,120,0,0.32967032967032966]
[1,120.16483516483517,0,0.32967032967032966]
[0,120.32967032967034,0,0.32967032967032966]
[1,120.4945054945055,0,0.32967032967032966]
[3,120.65934065934066,0,0.32967032967032966]
[4,120.82417582417582,0,0.32967032967032966]
[8,120.98901098901099,0,0.32967032967032966]
[7,121.15384615384616,0,0.32967032967032966]
[3,121.31868131868134,0,0.32967032967032966]
[4,121.40109890109893,0,0.32967032967032966]
[6,121.5659340659341,0,0.32967032967032966]
[7,121.64835164835168,0,0.32967032967032966]
[5,121.81318681318685,0,0.32967032967032966]
[3,121.97802197802199,0,0.32967032967032966]
[2,122.30769230769234,0,0.32967032967032966]
[3,122.63736263736267,0,0.32967032967032966]
[6,122.80219780219782,0,0.32967032967032966]
[4,122.96703296703299,0,0.32967032967032966]
[7,123.13186813186816,0,0.32967032967032966]
[5,123.29670329670333,0,0.32967032967032966]
[1,123.4615384615385,0,0.32967032967032966]
[0,123.62637362637365,0,0.32967032967032966]
[2,123.95604395604398,0,0.32967032967032966]
[1,124.03846153846156,0,0.32967032967032966]
[5,124.20329670329672,0,0.32967032967032966]
[4,124.28571428571432,0,0.32967032967032966]
[8,124.45054945054947,0,0.32967032967032966]
[6,124.61538461538464,0,0.32967032967032966]
[2,124.94505494505498,0,0.32967032967032966]
[0,125.2747252747253,0,0.32967032967032966]
[1,125.43956043956047,0,0.32967032967032966]
[0,125.60439560439563,0,0.32967032967032966]
[1,125.7692307692308,0,0.32967032967032966]
[3,125.93406593406596,0,0.32967032967032966]
[4,126.09890109890112,0,0.32967032967032966]
[8,126.26373626373629,0,0.32967032967032966]
[7,126.42857142857146,0,0.32967032967032966]
[8,126.5934065934066,0,0.32967032967032966]
[7,126.75824175824177,0,0.32967032967032966]
[3,126.92307692307693,0,0.32967032967032966]
[0,127.25274725274726,0,0.32967032967032966]
[1,127.41758241758242,0,0.32967032967032966]
[5,127.58241758241759,0,0.32967032967032966]
[4,127.66483516483517,0,0.32967032967032966]
[6,127.74725274725276,0,0.32967032967032966]
[7,127.82967032967034,0,0.32967032967032966]
[8,127.91208791208791,0,0.32967032967032966]
[2,128.24175824175825,0,0.32967032967032966]
[3,128.4065934065934,0,0.32967032967032966]
[5,128.57142857142858,0,0.32967032967032966]
[4,128.65384615384616,0,0.32967032967032966]
[6,128.73626373626374,0,0.32967032967032966]
[7,128.8186813186813,0,0.32967032967032966]
[8,128.90109890109892,0,0.32967032967032966]
[3,129.06593406593407,0,0.32967032967032966]
[2,129.23076923076923,0,0.32967032967032966]
[0,129.3956043956044,0,0.32967032967032966]
[5,129.56043956043956,0,0.32967032967032966]
[6,129.72527472527474,0,0.32967032967032966]
[7,129.80769230769232,0,0.32967032967032966]
[8,129.8901098901099,0,0.32967032967032966]
[3,129.97252747252747,0,0.32967032967032966]
[4,130.05494505494505,0,0.32967032967032966]
[2,130.21978021978023,0,0.32967032967032966]
[5,130.3846153846154,0,0.32967032967032966]
[0,130.54945054945054,1,1.3186813186813187]
[2,131.86813186813188,0,1.3186813186813187]
[1,132.03296703296704,0,1.3186813186813187]
[3,132.1978021978022,1,0.32967032967032966]
[5,132.52747252747253,0,0.32967032967032966]
[4,132.6923076923077,0,0.32967032967032966]
[6,132.85714285714286,0,0.32967032967032966]
[7,133.02197802197801,0,0.32967032967032966]
[5,133.1868131868132,1,0.32967032967032966]
[0,133.51648351648353,1,0.32967032967032966]
[2,133.84615384615384,0,0.32967032967032966]
[1,134.01098901098902,0,0.32967032967032966]
[3,134.17582417582418,0,0.32967032967032966]
[4,134.34065934065936,0,0.32967032967032966]
[8,134.5054945054945,1,0.16483516483516483]
[7,134.67032967032966,1,0.16483516483516483]
[3,134.83516483516485,1,0.16483516483516483]
[4,135,1,0.16483516483516483]
[2,135.16483516483518,1,0.16483516483516483]
[1,135.32967032967034,1,0.16483516483516483]
[3,135.4945054945055,1,0.16483516483516483]
[4,135.65934065934067,1,0.16483516483516483]
[8,135.82417582417582,1,0.6593406593406593]
[6,136.4835164835165,0,0.6593406593406593]
[4,136.81318681318683,0,0.6593406593406593]
[7,137.14285714285717,0,0.32967032967032966]
[2,137.30769230769232,0,0.32967032967032966]
[1,137.3901098901099,0,0.32967032967032966]
[3,137.4725274725275,0,0.32967032967032966]
[5,137.63736263736266,0,0.32967032967032966]
[4,137.71978021978023,0,0.32967032967032966]
[6,137.8021978021978,0,0.32967032967032966]
[7,137.88461538461542,0,0.32967032967032966]
[5,137.967032967033,0,0.32967032967032966]
[4,138.04945054945057,0,0.32967032967032966]
[6,138.13186813186815,0,0.6593406593406593]
[1,138.2967032967033,0,0.6593406593406593]
[8,138.46153846153845,0,0.6593406593406593]
[5,138.62637362637363,0,0.6593406593406593]
[4,138.70879120879124,0,0.32967032967032966]
[3,138.7912087912088,1,0.32967032967032966]
[2,138.95604395604397,0,0.32967032967032966]
[1,139.03846153846155,0,0.32967032967032966]
[2,139.12087912087912,0,0.32967032967032966]
[8,139.28571428571428,0,0.32967032967032966]
[5,139.45054945054946,0,0.32967032967032966]
[6,139.7802197802198,0,0.32967032967032966]
[7,139.86263736263737,0,0.32967032967032966]
[5,139.94505494505498,0,0.32967032967032966]
[4,140.02747252747255,0,0.32967032967032966]
[0,140.10989010989013,0,0.32967032967032966]
[2,140.27472527472528,0,0.32967032967032966]
[1,140.3571428571429,0,0.32967032967032966]
[3,140.43956043956047,0,0.32967032967032966]
[4,140.52197802197804,0,0.32967032967032966]
[8,140.60439560439562,0,0.32967032967032966]
[7,140.6868131868132,0,0.32967032967032966]
[6,140.76923076923077,0,0.32967032967032966]
[2,140.93406593406593,0,0.32967032967032966]
[5,141.0989010989011,0,0.32967032967032966]
[6,141.26373626373626,0,0.32967032967032966]
[7,141.30494505494508,0,0.32967032967032966]
[8,141.34615384615387,0,0.32967032967032966]
[3,141.38736263736266,0,0.32967032967032966]
[4,141.42857142857144,1,0.32967032967032966]
[2,141.5934065934066,0,0.32967032967032966]
[3,141.75824175824175,0,0.32967032967032966]
[0,141.92307692307693,0,0.32967032967032966]
[1,142.0879120879121,0,0.32967032967032966]
[7,142.41758241758242,0,0.32967032967032966]
[2,142.5824175824176,0,0.32967032967032966]
[1,142.66483516483518,0,0.32967032967032966]
[3,142.74725274725276,0,0.32967032967032966]
[5,142.91208791208794,0,0.32967032967032966]
[4,142.99450549450552,0,0.32967032967032966]
[6,143.0769230769231,0,0.32967032967032966]
[7,143.15934065934067,0,0.32967032967032966]
[5,143.24175824175825,0,0.32967032967032966]
[4,143.32417582417585,0,0.32967032967032966]
[6,143.4065934065934,0,0.32967032967032966]
[1,143.57142857142858,0,0.32967032967032966]
[8,143.73626373626374,0,0.32967032967032966]
[7,143.81868131868134,0,0.32967032967032966]
[5,143.90109890109892,0,0.32967032967032966]
[4,143.9835164835165,0,0.32967032967032966]
[3,144.06593406593407,1,0.32967032967032966]
[2,144.23076923076925,0,0.32967032967032966]
[1,144.31318681318683,0,0.32967032967032966]
[2,144.3956043956044,0,0.32967032967032966]
[6,144.56043956043956,0,0.32967032967032966]
[5,144.72527472527474,0,0.32967032967032966]
[4,144.8901098901099,0,0.32967032967032966]
[6,145.05494505494508,0,0.32967032967032966]
[7,145.13736263736266,0,0.32967032967032966]
[5,145.21978021978023,0,0.32967032967032966]
[4,145.30219780219784,0,0.32967032967032966]
[0,145.38461538461542,0,0.32967032967032966]
[1,145.467032967033,0,0.32967032967032966]
[2,145.54945054945057,0,0.32967032967032966]
[1,145.63186813186815,0,0.32967032967032966]
[3,145.71428571428572,0,0.32967032967032966]
[4,145.79670329670333,0,0.32967032967032966]
[8,145.8791208791209,0,0.32967032967032966]
[7,145.96153846153848,0,0.32967032967032966]
[6,146.04395604395606,0,0.32967032967032966]
[2,146.2087912087912,0,0.32967032967032966]
[5,146.37362637362637,0,0.32967032967032966]
[6,146.53846153846155,0,0.32967032967032966]
[7,146.57967032967036,0,0.32967032967032966]
[8,146.62087912087915,0,0.32967032967032966]
[3,146.66208791208794,0,0.32967032967032966]
[4,146.7032967032967,1,0.32967032967032966]
[2,146.86813186813188,0,0.32967032967032966]
[3,147.03296703296704,0,0.32967032967032966]
[0,147.1978021978022,0,0.32967032967032966]
[5,147.36263736263737,0,0.32967032967032966]
[8,147.52747252747253,0,0.32967032967032966]
[6,147.6923076923077,0,0.32967032967032966]
[5,147.85714285714286,0,0.32967032967032966]
[0,148.02197802197801,0,0.32967032967032966]
[1,148.10439560439562,0,0.32967032967032966]
[0,148.1868131868132,0,0.32967032967032966]
[1,148.26923076923077,0,0.32967032967032966]
[5,148.35164835164835,0,0.32967032967032966]
[8,148.51648351648353,0,0.32967032967032966]
[6,148.6813186813187,0,0.32967032967032966]
[7,148.76373626373626,0,0.32967032967032966]
[6,148.84615384615384,0,0.32967032967032966]
[7,148.92857142857144,0,0.32967032967032966]
[5,149.01098901098902,0,0.32967032967032966]
[4,149.0934065934066,0,0.32967032967032966]
[3,149.1758241758242,0,0.32967032967032966]
[1,149.34065934065936,0,0.32967032967032966]
[8,149.5054945054945,0,0.32967032967032966]
[7,149.5879120879121,0,0.32967032967032966]
[6,149.67032967032966,0,0.32967032967032966]
[5,149.83516483516485,0,0.32967032967032966]
[0,150.00000000000003,1,0.6593406593406593]
[2,150.65934065934067,0,0.32967032967032966]
[1,150.74175824175825,0,0.32967032967032966]
[3,150.82417582417582,0,0.32967032967032966]
[4,150.9065934065934,0,0.32967032967032966]
[5,150.989010989011,0,0.32967032967032966]
[8,151.15384615384616,0,0.32967032967032966]
[0,151.3186813186813,0,0.32967032967032966]
[1,151.40109890109892,0,0.32967032967032966]
[0,151.4835164835165,0,0.32967032967032966]
[1,151.56593406593407,0,0.32967032967032966]
[5,151.64835164835165,0,0.32967032967032966]
[4,151.73076923076923,0,0.32967032967032966]
[3,151.81318681318683,0,0.32967032967032966]
[2,151.97802197802199,0,0.32967032967032966]
[1,152.06043956043956,0,0.32967032967032966]
[2,152.14285714285714,0,0.32967032967032966]
[1,152.22527472527474,0,0.32967032967032966]
[2,152.30769230769232,0,0.32967032967032966]
[3,152.47252747252747,0,0.32967032967032966]
[2,152.63736263736266,0,0.32967032967032966]
[1,152.71978021978023,0,0.32967032967032966]
[2,152.8021978021978,0,0.32967032967032966]
[1,152.8846153846154,0,0.32967032967032966]
[6,152.967032967033,0,0.32967032967032966]
[5,153.13186813186815,0,0.32967032967032966]
[0,153.2967032967033,0,0.32967032967032966]
[1,153.3791208791209,0,0.32967032967032966]
[0,153.46153846153848,0,0.32967032967032966]
[1,153.54395604395606,0,0.32967032967032966]
[5,153.62637362637363,0,0.32967032967032966]
[8,153.7912087912088,0,0.32967032967032966]
[6,153.95604395604397,0,0.32967032967032966]
[7,154.03846153846155,0,0.32967032967032966]
[6,154.12087912087912,0,0.32967032967032966]
[7,154.20329670329673,0,0.32967032967032966]
[2,154.28571428571428,0,0.32967032967032966]
[1,154.36813186813188,0,0.32967032967032966]
[0,154.45054945054946,0,0.32967032967032966]
[3,154.6153846153846,0,0.32967032967032966]
[4,154.6978021978022,0,0.32967032967032966]
[8,154.7802197802198,0,0.32967032967032966]
[7,154.86263736263737,0,0.32967032967032966]
[6,154.94505494505495,0,0.32967032967032966]
[5,155.10989010989013,0,0.32967032967032966]
[0,155.27472527472528,1,0.6593406593406593]
[1,155.60439560439562,0,0.32967032967032966]
[2,155.93406593406593,0,0.32967032967032966]
[1,156.01648351648353,0,0.32967032967032966]
[3,156.0989010989011,0,0.32967032967032966]
[4,156.1813186813187,0,0.32967032967032966]
[5,156.2637362637363,0,0.32967032967032966]
[8,156.42857142857144,0,0.32967032967032966]
[0,156.5934065934066,0,0.32967032967032966]
[1,156.6758241758242,0,0.32967032967032966]
[0,156.75824175824178,0,0.32967032967032966]
[1,156.84065934065936,0,0.32967032967032966]
[5,156.92307692307693,0,0.32967032967032966]
[4,157.0054945054945,0,0.32967032967032966]
[6,157.0879120879121,0,0.32967032967032966]
[2,157.25274725274727,0,0.32967032967032966]
[1,157.33516483516485,0,0.32967032967032966]
[3,157.41758241758242,0,0.32967032967032966]
[4,157.5,0,0.32967032967032966]
[5,157.58241758241758,0,0.32967032967032966]
[8,157.74725274725276,0,0.32967032967032966]
[6,157.9120879120879,0,0.32967032967032966]
[7,157.9945054945055,0,0.32967032967032966]
[6,158.0769230769231,0,0.32967032967032966]
[7,158.15934065934067,0,0.32967032967032966]