[2,0,0,0.3529411764705882]
[3,0.23529411764705882,0,0.3529411764705882]
[4,0.35294117647058826,0,0.3529411764705882]
[6,0.5882352941176471,0,0.3529411764705882]
[7,0.7058823529411765,0,0.3529411764705882]
[8,1.0588235294117647,0,0.3529411764705882]
[5,1.2941176470588236,0,0.3529411764705882]
[4,1.411764705882353,0,0.3529411764705882]
[2,1.6470588235294117,0,0.3529411764705882]
[1,1.7647058823529411,0,0.3529411764705882]
[3,2,0,0.3529411764705882]
[4,2.1176470588235294,0,0.3529411764705882]
[8,2.3529411764705883,0,0.3529411764705882]
[7,2.4705882352941178,0,0.3529411764705882]
[5,2.7058823529411766,0,0.3529411764705882]
[4,2.823529411764706,0,0.3529411764705882]
[0,3.176470588235294,0,0.3529411764705882]
[3,3.411764705882353,0,0.3529411764705882]
[6,3.764705882352941,0,0.3529411764705882]
[7,3.8823529411764706,0,0.3529411764705882]
[8,4.235294117647059,0,0.3529411764705882]
[5,5.529411764705882,0,0.3529411764705882]
[4,5.647058823529412,0,0.3529411764705882]
[0,5.882352941176471,0,0.3529411764705882]
[1,6,0,0.3529411764705882]
[3,6.235294117647059,0,0.3529411764705882]
[4,6.352941176470588,0,0.3529411764705882]
[6,6.705882352941177,0,0.3529411764705882]
[5,6.9411764705882355,0,0.3529411764705882]
[4,7.0588235294117645,0,0.3529411764705882]
[2,7.294117647058823,0,0.3529411764705882]
[1,7.411764705882353,0,0.3529411764705882]
[3,7.647058823529412,0,0.3529411764705882]
[4,7.764705882352941,0,0.3529411764705882]
[8,8.117647058823529,0,0.3529411764705882]
[5,8.352941176470589,0,0.3529411764705882]
[4,8.470588235294118,0,0.3529411764705882]
[0,8.823529411764707,0,0.3529411764705882]
[3,9.058823529411764,0,0.3529411764705882]
[2,9.411764705882353,0,0.3529411764705882]
[1,9.529411764705882,0,0.3529411764705882]
[8,9.882352941176471,0,0.3529411764705882]
[2,11.176470588235293,0,0.3529411764705882]
[1,11.294117647058824,0,0.3529411764705882]
[3,11.529411764705882,0,0.3529411764705882]
[4,11.647058823529411,0,0.3529411764705882]
[6,11.882352941176471,0,0.3529411764705882]
[7,12,0,0.3529411764705882]
[5,12.235294117647058,0,0.3529411764705882]
[4,12.352941176470589,0,0.3529411764705882]
[2,12.588235294117647,0,0.3529411764705882]
[1,12.705882352941176,0,0.3529411764705882]
[3,12.941176470588236,0,0.3529411764705882]
[4,13.058823529411764,0,0.3529411764705882]
[8,13.294117647058824,0,0.3529411764705882]
[7,13.411764705882353,0,0.3529411764705882]
[3,13.647058823529411,0,0.3529411764705882]
[4,13.764705882352942,0,0.3529411764705882]
[2,14,0,0.3529411764705882]
[1,14.117647058823529,0,0.3529411764705882]
[5,14.470588235294118,0,0.3529411764705882]
[7,14.705882352941176,0,0.3529411764705882]
[3,15.058823529411764,0,0.3529411764705882]
[4,15.176470588235293,0,0.3529411764705882]
[0,15.529411764705882,0,0.3529411764705882]
[6,16.941176470588236,0,0.3529411764705882]
[3,17.176470588235293,0,0.3529411764705882]
[4,17.294117647058822,0,0.3529411764705882]
[0,17.529411764705884,0,0.3529411764705882]
[1,17.647058823529413,0,0.3529411764705882]
[5,18,0,0.3529411764705882]
[8,18.235294117647058,0,0.3529411764705882]
[7,18.352941176470587,0,0.3529411764705882]
[3,18.58823529411765,0,0.3529411764705882]
[4,18.705882352941178,0,0.3529411764705882]
[2,18.941176470588236,0,0.3529411764705882]
[1,19.058823529411764,0,0.3529411764705882]
[5,19.294117647058822,0,0.3529411764705882]
[4,19.41176470588235,0,0.3529411764705882]
[8,19.647058823529413,0,0.3529411764705882]
[7,19.764705882352942,0,0.3529411764705882]
[3,20,0,0.3529411764705882]
[4,20.11764705882353,0,0.3529411764705882]
[2,20.352941176470587,0,0.3529411764705882]
[0,20.705882352941178,0,0.3529411764705882]
[1,20.823529411764707,0,0.3529411764705882]
[4,21.176470588235293,0,0.3529411764705882]
[8,22.11764705882353,0,0.3529411764705882]
[7,22.235294117647058,0,0.3529411764705882]
[5,22.470588235294116,0,0.3529411764705882]
[4,22.58823529411765,0,0.3529411764705882]
[0,22.941176470588236,0,0.3529411764705882]
[1,23.176470588235293,0,0.3529411764705882]
[6,23.529411764705884,0,0.3529411764705882]
[7,23.647058823529413,0,0.3529411764705882]
[2,23.88235294117647,0,0.3529411764705882]
[6,24.941176470588236,0,0.3529411764705882]
[7,25.058823529411764,0,0.3529411764705882]
[6,25.294117647058822,0,0.3529411764705882]
[7,25.41176470588235,0,0.3529411764705882]
[5,25.764705882352942,0,0.3529411764705882]
[4,26,0,0.3529411764705882]
[5,26.352941176470587,0,0.3529411764705882]
[4,26.470588235294116,0,0.3529411764705882]
[0,26.823529411764707,0,0.3529411764705882]
[8,27.764705882352942,0,0.3529411764705882]
[7,27.88235294117647,0,0.3529411764705882]
[8,28.11764705882353,0,0.3529411764705882]
[7,28.235294117647058,0,0.3529411764705882]
[3,28.58823529411765,0,0.3529411764705882]
[4,28.823529411764707,0,0.3529411764705882]
[2,29.176470588235293,0,0.3529411764705882]
[1,29.529411764705884,0,0.3529411764705882]
[0,30.235294117647058,1,0.3529411764705882]
[5,30.58823529411765,0,0.3529411764705882]
[4,30.705882352941178,0,0.3529411764705882]
[6,31.058823529411764,1,2.7058823529411766]
[8,33.76470588235294,0,0.3529411764705882]
[7,33.88235294117647,0,0.3529411764705882]
[3,34.11764705882353,0,0.3529411764705882]
[4,34.23529411764706,0,0.3529411764705882]
[1,34.470588235294116,0,0.3529411764705882]
[2,34.470588235294116,0,0.3529411764705882]
[3,34.8235294117647,0,0.3529411764705882]
[5,34.8235294117647,0,0.3529411764705882]
[7,35.1764705882353,0,0.3529411764705882]
[6,35.1764705882353,0,0.3529411764705882]
[1,36,0,0.3529411764705882]
[2,36,0,0.3529411764705882]
[0,36.35294117647059,0,0.3529411764705882]
[7,36.705882352941174,0,0.3529411764705882]
[8,36.705882352941174,0,0.3529411764705882]
[6,37.05882352941177,0,0.3529411764705882]
[5,37.411764705882355,0,0.3529411764705882]
[4,37.411764705882355,0,0.3529411764705882]
[0,37.64705882352941,0,0.3529411764705882]
[1,37.76470588235294,0,0.3529411764705882]
[5,38,0,0.3529411764705882]
[4,38.11764705882353,0,0.3529411764705882]
[6,38.470588235294116,0,0.3529411764705882]
[8,38.8235294117647,0,0.3529411764705882]
[3,39.05882352941177,0,0.3529411764705882]
[4,39.1764705882353,0,0.3529411764705882]
[2,39.411764705882355,0,0.3529411764705882]
[1,39.529411764705884,0,0.3529411764705882]
[0,39.88235294117647,0,0.3529411764705882]
[5,40.11764705882353,0,0.3529411764705882]
[4,40.23529411764706,0,0.3529411764705882]
[6,40.470588235294116,0,0.3529411764705882]
[7,40.588235294117645,0,0.3529411764705882]
[8,40.94117647058823,0,0.3529411764705882]
[5,41.294117647058826,0,0.3529411764705882]
[2,41.64705882352941,0,0.3529411764705882]
[3,42,0,0.3529411764705882]
[8,42.23529411764706,0,0.3529411764705882]
[7,42.35294117647059,0,0.3529411764705882]
[5,42.588235294117645,0,0.3529411764705882]
[4,42.705882352941174,0,0.3529411764705882]
[2,42.94117647058823,0,0.3529411764705882]
[1,43.05882352941177,0,0.3529411764705882]
[3,43.294117647058826,0,0.3529411764705882]
[4,43.411764705882355,0,0.3529411764705882]
[6,43.64705882352941,0,0.3529411764705882]
[7,43.76470588235294,0,0.3529411764705882]
[5,44,0,0.3529411764705882]
[4,44.11764705882353,0,0.3529411764705882]
[2,44.35294117647059,0,0.3529411764705882]
[0,44.705882352941174,0,0.3529411764705882]
[1,44.8235294117647,0,0.3529411764705882]
[5,45.05882352941177,0,0.3529411764705882]
[4,45.1764705882353,0,0.3529411764705882]
[6,45.411764705882355,0,0.3529411764705882]
[3,45.76470588235294,0,0.3529411764705882]
[1,46.23529411764706,0,0.3529411764705882]
[2,46.23529411764706,0,0.3529411764705882]
[6,46.470588235294116,1,0.8235294117647058]
[8,47.294117647058826,0,0.3529411764705882]
[5,47.529411764705884,0,0.3529411764705882]
[4,47.64705882352941,0,0.3529411764705882]
[2,47.88235294117647,0,0.3529411764705882]
[1,48,0,0.3529411764705882]
[3,48.35294117647059,0,0.3529411764705882]
[6,48.588235294117645,0,0.3529411764705882]
[7,48.705882352941174,0,0.3529411764705882]
[5,48.94117647058823,0,0.3529411764705882]
[4,49.05882352941177,0,0.3529411764705882]
[2,49.294117647058826,0,0.3529411764705882]
[1,49.411764705882355,0,0.3529411764705882]
[5,49.76470588235294,0,0.3529411764705882]
[8,50.11764705882353,0,0.3529411764705882]
[3,50.35294117647059,0,0.3529411764705882]
[4,50.470588235294116,0,0.3529411764705882]
[0,50.705882352941174,0,0.3529411764705882]
[1,50.8235294117647,0,0.3529411764705882]
[5,51.1764705882353,0,0.3529411764705882]
[7,51.529411764705884,0,0.3529411764705882]
[3,51.76470588235294,0,0.3529411764705882]
[4,51.88235294117647,0,0.3529411764705882]
[2,52.11764705882353,0,0.3529411764705882]
[8,52.94117647058823,0,0.3529411764705882]
[5,53.1764705882353,0,0.3529411764705882]
[4,53.294117647058826,0,0.3529411764705882]
[2,53.529411764705884,0,0.3529411764705882]
[1,53.64705882352941,0,0.3529411764705882]
[3,53.88235294117647,0,0.3529411764705882]
[4,54,0,0.3529411764705882]
[6,54.23529411764706,0,0.3529411764705882]
[7,54.35294117647059,0,0.3529411764705882]
[8,54.705882352941174,0,0.3529411764705882]
[3,54.94117647058823,0,0.3529411764705882]
[4,55.05882352941177,0,0.3529411764705882]
[0,55.294117647058826,0,0.3529411764705882]
[1,55.411764705882355,0,0.3529411764705882]
[5,55.64705882352941,0,0.3529411764705882]
[4,55.76470588235294,0,0.3529411764705882]
[6,56.11764705882353,0,0.3529411764705882]
[7,56.470588235294116,0,0.3529411764705882]
[8,56.470588235294116,0,0.3529411764705882]
[3,57.05882352941177,0,0.3529411764705882]
[4,57.1764705882353,0,0.3529411764705882]
[5,57.1764705882353,0,0.3529411764705882]
[1,57.76470588235294,0,0.3529411764705882]
[2,57.76470588235294,0,0.3529411764705882]
[4,58.11764705882353,0,0.3529411764705882]
[5,58.11764705882353,0,0.3529411764705882]
[6,58.470588235294116,0,0.3529411764705882]
[7,58.588235294117645,0,0.3529411764705882]
[8,58.588235294117645,0,0.3529411764705882]
[0,58.8235294117647,0,0.3529411764705882]
[1,58.94117647058823,0,0.3529411764705882]
[5,59.1764705882353,0,0.3529411764705882]
[4,59.294117647058826,0,0.3529411764705882]
[6,59.64705882352941,0,0.3529411764705882]
[3,60,0,0.3529411764705882]
[0,60.35294117647059,0,0.3529411764705882]
[2,60.588235294117645,0,0.3529411764705882]
[1,60.705882352941174,0,0.3529411764705882]
[3,60.94117647058823,0,0.3529411764705882]
[4,61.05882352941177,0,0.3529411764705882]
[8,61.294117647058826,0,0.3529411764705882]
[6,61.64705882352941,0,0.3529411764705882]
[7,61.76470588235294,0,0.3529411764705882]
[5,62,0,0.3529411764705882]
[4,62.11764705882353,0,0.3529411764705882]
[2,62.470588235294116,0,0.3529411764705882]
[0,62.8235294117647,0,0.3529411764705882]
[5,63.1764705882353,0,0.3529411764705882]
[6,63.411764705882355,0,0.3529411764705882]
[7,63.529411764705884,0,0.3529411764705882]
[8,63.76470588235294,0,0.3529411764705882]
[7,63.88235294117647,0,0.3529411764705882]
[3,64.11764705882354,0,0.3529411764705882]
[2,64.47058823529412,0,0.3529411764705882]
[1,64.58823529411765,0,0.3529411764705882]
[8,64.82352941176471,0,0.3529411764705882]
[7,64.94117647058823,0,0.3529411764705882]
[5,65.29411764705883,0,0.3529411764705882]
[0,65.6470588235294,0,0.3529411764705882]
[3,66,0,0.3529411764705882]
[6,66.23529411764706,0,0.3529411764705882]
[7,66.3529411764706,0,0.3529411764705882]
[5,66.58823529411765,0,0.3529411764705882]
[4,66.70588235294117,0,0.3529411764705882]
[0,66.94117647058823,0,0.3529411764705882]
[5,67.41176470588235,0,0.3529411764705882]
[6,67.76470588235294,0,0.3529411764705882]
[8,68,0,0.3529411764705882]
[7,68.11764705882354,0,0.3529411764705882]
[3,68.3529411764706,0,0.3529411764705882]
[4,68.47058823529412,0,0.3529411764705882]
[2,68.70588235294117,0,0.3529411764705882]
[1,68.82352941176471,0,0.3529411764705882]
[0,69.05882352941177,0,0.3529411764705882]
[5,69.41176470588235,0,0.3529411764705882]
[4,69.52941176470588,0,0.3529411764705882]
[6,69.76470588235294,0,0.3529411764705882]
[7,69.88235294117646,0,0.3529411764705882]
[3,70.23529411764706,0,0.3529411764705882]
[2,70.58823529411764,0,0.3529411764705882]
[3,70.8235294117647,0,0.3529411764705882]
[4,70.94117647058823,0,0.3529411764705882]
[6,71.17647058823529,0,0.3529411764705882]
[7,71.29411764705881,0,0.3529411764705882]
[8,71.6470588235294,0,0.3529411764705882]
[5,71.88235294117646,0,0.3529411764705882]
[4,71.99999999999999,0,0.3529411764705882]
[2,72.23529411764704,0,0.3529411764705882]
[1,72.35294117647058,0,0.3529411764705882]
[3,72.58823529411764,0,0.3529411764705882]
[4,72.70588235294117,0,0.3529411764705882]
[8,72.94117647058823,0,0.3529411764705882]
[7,73.05882352941175,0,0.3529411764705882]
[5,73.29411764705881,0,0.3529411764705882]
[4,73.41176470588235,0,0.3529411764705882]
[0,73.76470588235293,0,0.3529411764705882]
[3,73.99999999999999,0,0.3529411764705882]
[6,74.35294117647058,0,0.3529411764705882]
[7,74.4705882352941,0,0.3529411764705882]
[8,74.8235294117647,0,0.3529411764705882]
[5,76.11764705882352,0,0.3529411764705882]
[4,76.23529411764704,0,0.3529411764705882]
[0,76.47058823529412,0,0.3529411764705882]
[1,76.58823529411764,0,0.3529411764705882]
[3,76.8235294117647,0,0.3529411764705882]
[4,76.94117647058823,0,0.3529411764705882]
[6,77.17647058823529,0,0.3529411764705882]
[7,77.29411764705883,0,0.3529411764705882]
[5,77.52941176470587,0,0.3529411764705882]
[4,77.6470588235294,0,0.3529411764705882]
[2,77.88235294117646,0,0.3529411764705882]
[1,77.99999999999999,0,0.3529411764705882]
[3,78.23529411764704,0,0.3529411764705882]
[4,78.35294117647058,0,0.3529411764705882]
[8,78.58823529411765,0,0.3529411764705882]
[7,78.70588235294117,0,0.3529411764705882]
[5,78.94117647058823,0,0.3529411764705882]
[4,79.05882352941175,0,0.3529411764705882]
[0,79.41176470588235,0,0.3529411764705882]
[3,79.6470588235294,0,0.3529411764705882]
[2,79.99999999999999,0,0.3529411764705882]
[1,80.11764705882352,0,0.3529411764705882]
[8,80.47058823529412,0,0.3529411764705882]
[2,81.76470588235293,0,0.3529411764705882]
[1,81.88235294117646,0,0.3529411764705882]
[3,82.11764705882352,0,0.3529411764705882]
[4,82.23529411764704,0,0.3529411764705882]
[6,82.47058823529412,0,0.3529411764705882]
[7,82.58823529411764,0,0.3529411764705882]
[5,82.8235294117647,0,0.3529411764705882]
[4,82.94117647058823,0,0.3529411764705882]
[2,83.17647058823529,0,0.3529411764705882]
[1,83.29411764705881,0,0.3529411764705882]
[3,83.52941176470587,0,0.3529411764705882]
[4,83.6470588235294,0,0.3529411764705882]
[8,83.88235294117646,0,0.3529411764705882]
[7,83.99999999999999,0,0.3529411764705882]
[3,84.23529411764704,0,0.3529411764705882]
[4,84.35294117647058,0,0.3529411764705882]
[2,84.58823529411764,0,0.3529411764705882]
[1,84.70588235294116,0,0.3529411764705882]
[5,85.05882352941175,0,0.3529411764705882]
[7,85.29411764705881,0,0.3529411764705882]
[3,85.6470588235294,0,0.3529411764705882]
[4,85.76470588235293,0,0.3529411764705882]
[0,86.11764705882352,0,0.3529411764705882]
[8,87.41176470588235,0,0.3529411764705882]
[7,87.52941176470588,0,0.3529411764705882]
[3,87.76470588235293,0,0.3529411764705882]
[4,87.88235294117646,0,0.3529411764705882]
[0,88.11764705882352,0,0.3529411764705882]
[1,88.23529411764704,0,0.3529411764705882]
[5,88.47058823529412,0,0.3529411764705882]
[4,88.58823529411765,0,0.3529411764705882]
[8,88.8235294117647,0,0.3529411764705882]
[7,88.94117647058823,0,0.3529411764705882]
[3,89.17647058823529,0,0.3529411764705882]
[4,89.29411764705881,0,0.3529411764705882]
[2,89.52941176470587,0,0.3529411764705882]
[1,89.6470588235294,0,0.3529411764705882]
[5,89.88235294117646,0,0.3529411764705882]
[4,89.99999999999999,0,0.3529411764705882]
[8,90.23529411764704,0,0.3529411764705882]
[7,90.35294117647058,0,0.3529411764705882]
[3,90.58823529411764,0,0.3529411764705882]
[4,90.70588235294116,0,0.3529411764705882]
[2,90.94117647058823,0,0.3529411764705882]
[0,91.29411764705881,0,0.3529411764705882]
[1,91.41176470588235,0,0.3529411764705882]
[4,91.76470588235293,0,0.3529411764705882]
[0,92.70588235294117,0,0.3529411764705882]
[1,92.82352941176471,0,0.3529411764705882]
[5,93.05882352941177,0,0.3529411764705882]
[4,93.17647058823529,0,0.3529411764705882]
[6,93.52941176470588,0,0.3529411764705882]
[3,93.76470588235294,0,0.3529411764705882]
[2,94.11764705882354,0,0.3529411764705882]
[1,94.23529411764706,0,0.3529411764705882]
[8,94.47058823529412,0,0.3529411764705882]
[5,95.52941176470588,0,0.3529411764705882]
[4,95.6470588235294,0,0.3529411764705882]
[6,95.88235294117646,0,0.3529411764705882]
[7,96,0,0.3529411764705882]
[3,96.3529411764706,0,0.3529411764705882]
[8,96.58823529411765,0,0.3529411764705882]
[5,96.94117647058823,0,0.3529411764705882]
[4,97.05882352941177,0,0.3529411764705882]
[2,97.41176470588235,0,0.3529411764705882]
[0,98.3529411764706,0,0.3529411764705882]
[1,98.47058823529412,0,0.3529411764705882]
[5,98.70588235294117,0,0.3529411764705882]
[4,98.82352941176471,0,0.3529411764705882]
[6,99.17647058823529,0,0.3529411764705882]
[3,99.41176470588235,0,0.3529411764705882]
[2,99.76470588235294,0,0.3529411764705882]
[1,99.88235294117646,0,0.3529411764705882]
[3,100.11764705882354,0,0.3529411764705882]
[4,100.23529411764706,0,0.3529411764705882]
[8,100.58823529411765,0,0.3529411764705882]
[5,100.82352941176471,0,0.3529411764705882]
[6,101.17647058823529,0,0.3529411764705882]
[7,101.29411764705883,0,0.3529411764705882]
[3,101.6470588235294,1,2.7058823529411766]
[8,104.3529411764706,0,0.3529411764705882]
[7,104.47058823529412,0,0.3529411764705882]
[5,104.70588235294117,0,0.3529411764705882]
[4,104.82352941176471,0,0.3529411764705882]
[0,105.05882352941177,0,0.3529411764705882]
[2,105.05882352941177,0,0.3529411764705882]
[3,105.41176470588235,0,0.3529411764705882]
[4,105.41176470588235,0,0.3529411764705882]
[6,105.76470588235294,0,0.3529411764705882]
[8,105.76470588235294,0,0.3529411764705882]
[1,106.58823529411764,0,0.3529411764705882]
[2,106.58823529411764,0,0.3529411764705882]
[0,106.94117647058823,0,0.3529411764705882]
[7,107.29411764705881,0,0.3529411764705882]
[8,107.29411764705881,0,0.3529411764705882]
[6,107.6470588235294,0,0.3529411764705882]
[5,107.88235294117646,0,0.3529411764705882]
[4,108,0,0.3529411764705882]
[0,108.23529411764704,0,0.3529411764705882]
[1,108.35294117647058,0,0.3529411764705882]
[5,108.58823529411764,0,0.3529411764705882]
[4,108.70588235294116,0,0.3529411764705882]
[6,109.05882352941175,0,0.3529411764705882]
[8,109.41176470588235,0,0.3529411764705882]
[3,109.6470588235294,0,0.3529411764705882]
[4,109.76470588235293,0,0.3529411764705882]
[2,110,0,0.3529411764705882]
[1,110.11764705882352,0,0.3529411764705882]
[0,110.3529411764706,0,0.3529411764705882]
[1,110.47058823529412,0,0.3529411764705882]
[5,110.70588235294116,0,0.3529411764705882]
[4,110.8235294117647,0,0.3529411764705882]
[6,111.05882352941175,0,0.3529411764705882]
[7,111.17647058823528,0,0.3529411764705882]
[8,111.52941176470587,0,0.3529411764705882]
[5,111.88235294117646,0,0.3529411764705882]
[2,112.23529411764704,0,0.3529411764705882]
[3,112.58823529411764,0,0.3529411764705882]
[8,112.8235294117647,0,0.3529411764705882]
[7,112.94117647058823,0,0.3529411764705882]
[5,113.17647058823528,0,0.3529411764705882]
[4,113.29411764705881,0,0.3529411764705882]
[2,113.52941176470587,0,0.3529411764705882]
[1,113.6470588235294,0,0.3529411764705882]
[3,113.88235294117646,0,0.3529411764705882]
[4,114,0,0.3529411764705882]
[6,114.23529411764704,0,0.3529411764705882]
[7,114.35294117647058,0,0.3529411764705882]
[5,114.58823529411764,0,0.3529411764705882]
[4,114.70588235294116,0,0.3529411764705882]
[2,114.94117647058823,0,0.3529411764705882]
[1,115.05882352941177,0,0.3529411764705882]
[3,115.29411764705883,0,0.3529411764705882]
[4,115.41176470588235,0,0.3529411764705882]
[8,115.6470588235294,0,0.3529411764705882]
[7,115.76470588235294,0,0.3529411764705882]
[5,116,0,0.3529411764705882]
[0,116.3529411764706,0,0.3529411764705882]
[1,116.8235294117647,0,0.3529411764705882]
[2,116.8235294117647,0,0.3529411764705882]
[6,117.05882352941174,1,0.8235294117647058]
[8,117.88235294117645,0,0.3529411764705882]
[5,118.11764705882351,0,0.3529411764705882]
[4,118.23529411764704,0,0.3529411764705882]
[2,118.47058823529409,0,0.3529411764705882]
[1,118.58823529411762,0,0.3529411764705882]
[3,118.9411764705882,0,0.3529411764705882]
[6,119.17647058823528,0,0.3529411764705882]
[7,119.2941176470588,0,0.3529411764705882]
[5,119.52941176470586,0,0.3529411764705882]
[4,119.64705882352939,0,0.3529411764705882]
[2,119.88235294117645,0,0.3529411764705882]
[1,119.99999999999997,0,0.3529411764705882]
[5,120.35294117647057,0,0.3529411764705882]
[8,120.70588235294116,0,0.3529411764705882]
[3,120.9411764705882,0,0.3529411764705882]
[4,121.05882352941174,0,0.3529411764705882]
[0,121.2941176470588,0,0.3529411764705882]
[1,121.41176470588232,0,0.3529411764705882]
[5,121.6470588235294,0,0.3529411764705882]
[4,121.76470588235294,0,0.3529411764705882]
[6,122,0,0.3529411764705882]
[7,122.11764705882351,0,0.3529411764705882]
[3,122.35294117647057,0,0.3529411764705882]
[4,122.47058823529409,0,0.3529411764705882]
[2,122.70588235294116,0,0.3529411764705882]
[8,123.52941176470586,0,0.3529411764705882]
[5,123.76470588235293,0,0.3529411764705882]
[4,123.88235294117645,0,0.3529411764705882]
[2,124.11764705882351,0,0.3529411764705882]
[1,124.23529411764704,0,0.3529411764705882]
[3,124.47058823529409,0,0.3529411764705882]
[4,124.58823529411762,0,0.3529411764705882]
[6,124.82352941176468,0,0.3529411764705882]
[7,124.9411764705882,0,0.3529411764705882]
[8,125.2941176470588,0,0.3529411764705882]
[3,125.52941176470586,0,0.3529411764705882]
[4,125.64705882352939,0,0.3529411764705882]
[0,125.88235294117645,0,0.3529411764705882]
[1,125.99999999999997,0,0.3529411764705882]
[5,126.23529411764704,0,0.3529411764705882]
[4,126.35294117647057,0,0.3529411764705882]
[6,126.70588235294116,0,0.3529411764705882]
[3,127.05882352941177,0,0.3529411764705882]
[5,127.29411764705883,0,0.3529411764705882]
[4,127.41176470588235,0,0.3529411764705882]
[3,127.76470588235294,0,0.3529411764705882]
[8,128,0,0.3529411764705882]
[7,128.11764705882354,0,0.3529411764705882]
[3,128.47058823529412,0,0.3529411764705882]
[8,128.7058823529412,0,0.3529411764705882]
[7,128.8235294117647,0,0.3529411764705882]
[3,129.1764705882353,0,0.3529411764705882]
[2,129.41176470588235,0,0.3529411764705882]
[1,129.52941176470588,0,0.3529411764705882]
[3,129.88235294117646,0,0.3529411764705882]
[5,130.11764705882354,0,0.3529411764705882]
[4,130.23529411764704,0,0.3529411764705882]
[3,130.58823529411762,0,0.3529411764705882]
[8,130.8235294117647,0,0.3529411764705882]
[7,130.94117647058823,0,0.3529411764705882]
[3,131.2941176470588,0,0.3529411764705882]
[8,131.52941176470588,0,0.3529411764705882]
[7,131.6470588235294,0,0.3529411764705882]
[3,132,0,0.3529411764705882]
[2,132.23529411764704,0,0.3529411764705882]
[1,132.35294117647058,0,0.3529411764705882]
[3,132.70588235294116,0,0.3529411764705882]
[5,132.94117647058823,0,0.3529411764705882]
[4,133.05882352941174,0,0.3529411764705882]
[3,133.41176470588232,0,0.3529411764705882]
[8,133.6470588235294,0,0.3529411764705882]
[7,133.76470588235293,0,0.3529411764705882]
[3,134.1176470588235,0,0.3529411764705882]
[8,134.35294117647058,0,0.3529411764705882]
[7,134.4705882352941,0,0.3529411764705882]
[3,134.8235294117647,0,0.3529411764705882]
[2,135.05882352941174,0,0.3529411764705882]
[1,135.17647058823528,0,0.3529411764705882]
[3,135.52941176470588,0,0.3529411764705882]
[5,135.76470588235293,0,0.3529411764705882]
[4,135.88235294117646,0,0.3529411764705882]
[3,136.23529411764707,0,0.3529411764705882]
[8,136.47058823529412,0,0.3529411764705882]
[7,136.58823529411765,0,0.3529411764705882]
[3,136.94117647058823,0,0.3529411764705882]
[8,137.1764705882353,0,0.3529411764705882]
[7,137.2941176470588,0,0.3529411764705882]
[5,137.64705882352942,0,0.3529411764705882]
[3,137.88235294117646,0,0.3529411764705882]
[4,138,0,0.3529411764705882]
[0,138.23529411764707,0,0.3529411764705882]
[1,138.35294117647058,0,0.3529411764705882]
[5,138.7058823529412,0,0.3529411764705882]
[6,138.94117647058823,0,0.3529411764705882]
[8,139.2941176470588,0,0.3529411764705882]
[7,139.41176470588235,0,0.3529411764705882]
[5,139.64705882352942,0,0.3529411764705882]
[4,139.76470588235293,0,0.3529411764705882]
[2,140,0,0.3529411764705882]
[1,140.11764705882354,0,0.3529411764705882]
[3,140.35294117647058,0,0.3529411764705882]
[8,140.7058823529412,0,0.3529411764705882]
[6,141.05882352941177,0,0.3529411764705882]
[7,141.1764705882353,0,0.3529411764705882]
[5,141.41176470588235,0,0.3529411764705882]
[4,141.52941176470588,0,0.3529411764705882]
[0,141.76470588235293,0,0.3529411764705882]
[1,141.88235294117646,0,0.3529411764705882]
[2,142.23529411764707,0,0.3529411764705882]
[8,142.58823529411765,0,0.3529411764705882]
[0,143.52941176470588,0,0.3529411764705882]
[1,143.64705882352942,0,0.3529411764705882]
[0,143.88235294117646,0,0.3529411764705882]
[1,144,0,0.3529411764705882]
[5,144.23529411764707,0,0.3529411764705882]
[4,144.35294117647058,0,0.3529411764705882]
[6,144.58823529411765,0,0.3529411764705882]
[8,144.94117647058823,0,0.3529411764705882]
[7,145.05882352941177,0,0.3529411764705882]
[8,145.2941176470588,0,0.3529411764705882]
[7,145.41176470588235,0,0.3529411764705882]
[3,145.64705882352942,0,0.3529411764705882]
[4,145.76470588235293,0,0.3529411764705882]
[2,146,0,0.3529411764705882]
[6,146.35294117647058,0,0.3529411764705882]
[7,146.47058823529412,0,0.3529411764705882]
[5,146.7058823529412,0,0.3529411764705882]
[4,146.8235294117647,0,0.3529411764705882]
[5,147.05882352941177,0,0.3529411764705882]
[4,147.1764705882353,0,0.3529411764705882]
[0,147.41176470588235,0,0.3529411764705882]
[1,147.52941176470588,0,0.3529411764705882]
[2,147.88235294117646,0,0.3529411764705882]
[2,149.2941176470588,0,0.3529411764705882]
[5,149.64705882352942,0,0.3529411764705882]
[8,150,0,0.3529411764705882]
[4,150.23529411764707,0,0.3529411764705882]
[3,150.35294117647058,0,0.3529411764705882]
[1,150.58823529411765,0,0.3529411764705882]
[0,150.7058823529412,0,0.3529411764705882]
[5,151.05882352941177,0,0.3529411764705882]
[6,151.41176470588235,0,0.3529411764705882]
[8,151.76470588235293,0,0.3529411764705882]
[7,152.11764705882354,0,0.3529411764705882]
[0,154.58823529411765,0,0.3529411764705882]
[2,154.8235294117647,0,0.3529411764705882]
[1,154.94117647058823,0,0.3529411764705882]
[5,155.1764705882353,0,0.3529411764705882]
[4,155.2941176470588,0,0.3529411764705882]
[6,155.52941176470588,0,0.3529411764705882]
[7,155.64705882352942,0,0.3529411764705882]
[8,155.88235294117646,0,0.3529411764705882]
[7,156,0,0.3529411764705882]
[3,156.23529411764707,0,0.3529411764705882]
[4,156.35294117647058,0,0.3529411764705882]
[0,156.58823529411765,0,0.3529411764705882]
[1,156.7058823529412,0,0.3529411764705882]
[5,157.05882352941177,0,0.3529411764705882]
[6,157.41176470588235,0,0.3529411764705882]
[7,157.76470588235293,0,0.3529411764705882]
[2,160.23529411764704,0,0.3529411764705882]
[0,160.58823529411762,0,0.3529411764705882]
[7,160.94117647058823,0,0.3529411764705882]
[6,161.2941176470588,0,0.3529411764705882]
[5,161.6470588235294,0,0.3529411764705882]
[0,161.88235294117646,0,0.3529411764705882]
[1,162,0,0.3529411764705882]
[5,162.23529411764704,0,0.3529411764705882]
[4,162.35294117647058,0,0.3529411764705882]
[8,163.05882352941174,0,0.3529411764705882]
[3,163.2941176470588,0,0.3529411764705882]
[4,163.41176470588235,0,0.3529411764705882]
[2,163.6470588235294,0,0.3529411764705882]
[1,163.76470588235293,0,0.3529411764705882]
[0,164.1176470588235,0,0.3529411764705882]
[5,164.35294117647058,0,0.3529411764705882]
[4,164.4705882352941,0,0.3529411764705882]
[6,164.70588235294116,0,0.3529411764705882]
[7,164.8235294117647,0,0.3529411764705882]
[8,165.17647058823528,0,0.3529411764705882]
[2,165.88235294117646,0,0.3529411764705882]
[3,166.11764705882354,0,0.3529411764705882]
[4,166.23529411764707,0,0.3529411764705882]
[8,166.4705882352941,0,0.3529411764705882]
[7,166.58823529411762,0,0.3529411764705882]
[5,166.8235294117647,0,0.3529411764705882]
[4,166.94117647058823,0,0.3529411764705882]
[2,167.17647058823528,0,0.3529411764705882]
[1,167.2941176470588,0,0.3529411764705882]
[3,167.52941176470586,0,0.3529411764705882]
[4,167.6470588235294,0,0.3529411764705882]
[6,167.88235294117646,0,0.3529411764705882]
[7,168,0,0.3529411764705882]
[5,168.35294117647058,0,0.3529411764705882]
[2,168.58823529411762,0,0.3529411764705882]
[0,168.94117647058823,0,0.3529411764705882]
[1,169.05882352941174,0,0.3529411764705882]
[5,169.2941176470588,0,0.3529411764705882]
[4,169.41176470588235,0,0.3529411764705882]
[6,169.6470588235294,0,0.3529411764705882]
[3,170,0,0.3529411764705882]
[1,170.47058823529412,1,0.7058823529411764]
[2,170.7058823529412,1,0.4705882352941176]
[0,171.52941176470588,0,0.3529411764705882]
[1,171.52941176470588,0,0.3529411764705882]
[5,171.76470588235293,0,0.3529411764705882]
[4,171.88235294117646,0,0.3529411764705882]
[6,172.11764705882354,0,0.3529411764705882]
[7,172.23529411764707,0,0.3529411764705882]
[8,172.23529411764707,0,0.3529411764705882]
[3,172.58823529411765,0,0.3529411764705882]
[6,172.82352941176472,0,0.3529411764705882]
[7,172.94117647058823,0,0.3529411764705882]
[5,173.1764705882353,0,0.3529411764705882]
[4,173.29411764705884,0,0.3529411764705882]
[2,173.5294117647059,0,0.3529411764705882]
[1,173.64705882352942,0,0.3529411764705882]
[5,173.88235294117646,0,0.3529411764705882]
[4,174,0,0.3529411764705882]
[8,174.3529411764706,0,0.3529411764705882]
[3,174.7058823529412,0,0.3529411764705882]
[0,174.94117647058823,0,0.3529411764705882]
[1,175.05882352941177,0,0.3529411764705882]
[5,175.2941176470588,0,0.3529411764705882]
[4,175.41176470588235,0,0.3529411764705882]
[8,175.64705882352942,0,0.3529411764705882]
[7,175.76470588235293,0,0.3529411764705882]
[3,176,0,0.3529411764705882]
[4,176.11764705882354,0,0.3529411764705882]
[2,176.3529411764706,0,0.3529411764705882]
[8,177.1764705882353,0,0.3529411764705882]
[5,177.41176470588238,0,0.3529411764705882]
[4,177.5294117647059,0,0.3529411764705882]
[2,177.76470588235296,0,0.3529411764705882]
[1,177.8823529411765,0,0.3529411764705882]
[6,178.11764705882354,0,0.3529411764705882]
[7,178.23529411764707,0,0.3529411764705882]
[2,180,0,0.3529411764705882]
[3,180.23529411764707,0,0.3529411764705882]
[4,180.35294117647058,0,0.3529411764705882]
[8,180.58823529411765,0,0.3529411764705882]
[7,180.7058823529412,0,0.3529411764705882]
[6,181.05882352941177,0,0.3529411764705882]
[5,181.2941176470588,0,0.3529411764705882]
[0,181.6470588235294,0,0.3529411764705882]
[1,181.76470588235293,0,0.3529411764705882]
[5,182,0,0.3529411764705882]
[4,182.1176470588235,0,0.3529411764705882]
[6,182.4705882352941,0,0.3529411764705882]
[8,182.8235294117647,0,0.3529411764705882]
[3,183.05882352941177,0,0.3529411764705882]
[4,183.17647058823528,0,0.3529411764705882]
[2,183.41176470588235,0,0.3529411764705882]
[1,183.52941176470586,0,0.3529411764705882]
[0,183.76470588235293,0,0.3529411764705882]
[1,183.88235294117646,0,0.3529411764705882]
[5,184.1176470588235,0,0.3529411764705882]
[4,184.23529411764704,0,0.3529411764705882]
[7,184.58823529411762,0,0.3529411764705882]
[6,184.94117647058823,0,0.3529411764705882]
[3,185.2941176470588,0,0.3529411764705882]
[2,185.6470588235294,0,0.3529411764705882]
[3,186,0,0.3529411764705882]
[8,186.23529411764704,0,0.3529411764705882]
[7,186.35294117647058,0,0.3529411764705882]
[5,186.58823529411762,0,0.3529411764705882]
[4,186.70588235294116,0,0.3529411764705882]
[2,186.94117647058823,0,0.3529411764705882]
[1,187.05882352941177,0,0.3529411764705882]
[3,187.2941176470588,0,0.3529411764705882]
[4,187.41176470588235,0,0.3529411764705882]
[6,187.6470588235294,0,0.3529411764705882]
[7,187.76470588235293,0,0.3529411764705882]
[5,188.11764705882354,0,0.3529411764705882]
[1,188.35294117647058,0,0.3529411764705882]
[3,188.70588235294116,0,0.3529411764705882]
[4,188.8235294117647,0,0.3529411764705882]
[8,189.05882352941177,0,0.3529411764705882]
[7,189.1764705882353,0,0.3529411764705882]
[5,189.41176470588235,0,0.3529411764705882]
[0,189.76470588235293,0,0.3529411764705882]
[1,190.23529411764704,0,0.3529411764705882]
[2,190.23529411764704,0,0.3529411764705882]
[6,190.4705882352941,1,0.8235294117647058]
[8,191.2941176470588,0,0.3529411764705882]
[5,191.52941176470586,0,0.3529411764705882]
[4,191.6470588235294,0,0.3529411764705882]
[2,191.88235294117646,0,0.3529411764705882]
[1,192,0,0.3529411764705882]
[3,192.35294117647055,0,0.3529411764705882]
[6,192.58823529411762,0,0.3529411764705882]
[7,192.70588235294116,0,0.3529411764705882]
[5,192.94117647058823,0,0.3529411764705882]
[4,193.05882352941177,0,0.3529411764705882]
[2,193.2941176470588,0,0.3529411764705882]
[1,193.41176470588232,0,0.3529411764705882]
[5,193.76470588235293,0,0.3529411764705882]
[8,194.11764705882354,0,0.3529411764705882]
[3,194.35294117647055,0,0.3529411764705882]
[4,194.4705882352941,0,0.3529411764705882]
[0,194.70588235294116,0,0.3529411764705882]
[1,194.8235294117647,0,0.3529411764705882]
[5,195.05882352941177,0,0.3529411764705882]
[4,195.1764705882353,0,0.3529411764705882]
[6,195.41176470588238,0,0.3529411764705882]
[7,195.52941176470586,0,0.3529411764705882]
[3,195.76470588235293,0,0.3529411764705882]
[4,195.88235294117646,0,0.3529411764705882]
[2,196.11764705882354,0,0.3529411764705882]
[3,196.58823529411765,0,0.3529411764705882]
[8,196.94117647058823,0,0.3529411764705882]
[5,197.1764705882353,0,0.3529411764705882]
[4,197.2941176470588,0,0.3529411764705882]
[2,197.52941176470586,0,0.3529411764705882]
[1,197.6470588235294,0,0.3529411764705882]
[3,197.88235294117646,0,0.3529411764705882]
[4,198,0,0.3529411764705882]
[6,198.23529411764704,0,0.3529411764705882]
[7,198.35294117647055,0,0.3529411764705882]
[8,198.70588235294116,0,0.3529411764705882]
[3,198.94117647058823,0,0.3529411764705882]
[4,199.05882352941177,0,0.3529411764705882]
[0,199.2941176470588,0,0.3529411764705882]
[1,199.41176470588232,0,0.3529411764705882]
[5,199.6470588235294,0,0.3529411764705882]
[4,199.76470588235293,0,0.3529411764705882]
[6,200.11764705882354,0,0.3529411764705882]
[8,200.47058823529412,0,0.3529411764705882]
[5,200.8235294117647,0,0.3529411764705882]
[2,201.1764705882353,0,0.3529411764705882]
[3,201.52941176470588,0,0.3529411764705882]
[4,201.76470588235293,0,0.3529411764705882]
[8,202.11764705882354,0,0.3529411764705882]
[7,202.23529411764707,0,0.3529411764705882]
[2,202.58823529411765,0,0.3529411764705882]
[3,202.8235294117647,0,0.3529411764705882]
[4,202.94117647058823,0,0.3529411764705882]
[3,203.1764705882353,0,0.3529411764705882]
[4,203.2941176470588,0,0.3529411764705882]
[8,203.52941176470588,0,0.3529411764705882]
[7,203.64705882352942,0,0.3529411764705882]
[8,203.88235294117646,0,0.3529411764705882]
[7,204,0,0.3529411764705882]
[5,204.23529411764707,0,0.3529411764705882]
[4,204.35294117647058,0,0.3529411764705882]
[2,204.58823529411765,0,0.3529411764705882]
[1,204.7058823529412,0,0.3529411764705882]
[3,204.94117647058823,0,0.3529411764705882]
[4,205.05882352941177,0,0.3529411764705882]
[6,205.2941176470588,0,0.3529411764705882]
[7,205.41176470588235,0,0.3529411764705882]
[5,205.76470588235293,0,0.3529411764705882]
[7,206.1176470588235,0,0.3529411764705882]
[8,206.1176470588235,0,0.3529411764705882]
[3,206.70588235294116,0,0.3529411764705882]
[5,206.8235294117647,0,0.3529411764705882]
[4,206.8235294117647,0,0.3529411764705882]
[2,207.41176470588232,0,0.3529411764705882]
[1,207.41176470588232,0,0.3529411764705882]
[4,207.76470588235293,0,0.3529411764705882]
[5,207.76470588235293,0,0.3529411764705882]
[6,208.1176470588235,0,0.3529411764705882]
[7,208.23529411764704,0,0.3529411764705882]
[8,208.23529411764704,0,0.3529411764705882]
[0,208.4705882352941,0,0.3529411764705882]
[1,208.58823529411762,0,0.3529411764705882]
[5,208.8235294117647,0,0.3529411764705882]
[4,208.94117647058823,0,0.3529411764705882]
[6,209.2941176470588,0,0.3529411764705882]
[3,209.6470588235294,0,0.3529411764705882]
[0,209.99999999999997,0,0.3529411764705882]
[2,210.23529411764704,0,0.3529411764705882]
[1,210.35294117647055,0,0.3529411764705882]
[3,210.58823529411762,0,0.3529411764705882]
[4,210.70588235294116,0,0.3529411764705882]
[8,210.94117647058823,0,0.3529411764705882]
[6,211.2941176470588,0,0.3529411764705882]
[7,211.41176470588232,0,0.3529411764705882]
[5,211.6470588235294,0,0.3529411764705882]
[4,211.76470588235293,0,0.3529411764705882]
[2,212.1176470588235,0,0.3529411764705882]
[0,212.4705882352941,0,0.3529411764705882]
[5,212.8235294117647,0,0.3529411764705882]
[6,213.05882352941174,0,0.3529411764705882]
[7,213.17647058823528,0,0.3529411764705882]
[8,213.41176470588232,0,0.3529411764705882]
[7,213.52941176470586,0,0.3529411764705882]
[3,213.76470588235293,0,0.3529411764705882]
[2,214.1176470588235,0,0.3529411764705882]
[1,214.23529411764704,0,0.3529411764705882]
[8,214.4705882352941,0,0.3529411764705882]
[7,214.58823529411762,0,0.3529411764705882]
[5,214.94117647058823,0,0.3529411764705882]
[0,215.29411764705878,0,0.3529411764705882]
[3,215.6470588235294,0,0.3529411764705882]
[6,215.88235294117646,0,0.3529411764705882]
[7,216,0,0.3529411764705882]
[5,216.23529411764704,0,0.3529411764705882]
[4,216.35294117647055,0,0.3529411764705882]
[0,216.58823529411762,0,0.3529411764705882]
[5,217.05882352941174,0,0.3529411764705882]
[6,217.41176470588232,0,0.3529411764705882]
[8,217.6470588235294,0,0.3529411764705882]
[7,217.76470588235293,0,0.3529411764705882]
[3,218,0,0.3529411764705882]
[4,218.1176470588235,0,0.3529411764705882]
[2,218.35294117647055,0,0.3529411764705882]
[1,218.4705882352941,0,0.3529411764705882]
[0,218.70588235294116,0,0.3529411764705882]
[5,219.05882352941174,0,0.3529411764705882]
[4,219.17647058823528,0,0.3529411764705882]
[6,219.41176470588232,0,0.3529411764705882]
[7,219.52941176470586,0,0.3529411764705882]
[4,219.88235294117646,0,0.3529411764705882]
[3,219.88235294117646,0,0.3529411764705882]