[5,0,0,0.36363636363636365]
[3,0.18181818181818182,0,0.36363636363636365]
[7,0.36363636363636365,0,0.36363636363636365]
[8,0.36363636363636365,0,0.36363636363636365]
[6,0.5454545454545454,0,0.36363636363636365]
[5,0.7272727272727273,0,0.36363636363636365]
[3,0.9090909090909091,0,0.36363636363636365]
[1,1.0909090909090908,0,0.36363636363636365]
[2,1.0909090909090908,0,0.36363636363636365]
[0,1.2727272727272727,0,0.36363636363636365]
[5,1.4545454545454546,0,0.36363636363636365]
[6,1.6363636363636365,1,0.36363636363636365]
[7,1.6363636363636365,1,0.36363636363636365]
[5,2,0,0.36363636363636365]
[3,2.1818181818181817,1,0.36363636363636365]
[4,2.1818181818181817,1,0.36363636363636365]
[8,2.5454545454545454,1,0.36363636363636365]
[7,2.909090909090909,0,0.36363636363636365]
[6,3.090909090909091,0,0.36363636363636365]
[1,3.272727272727273,0,0.36363636363636365]
[2,3.272727272727273,0,0.36363636363636365]
[3,3.4545454545454546,0,0.36363636363636365]
[4,3.6363636363636362,0,0.36363636363636365]
[8,3.8181818181818183,0,0.36363636363636365]
[1,4,0,0.36363636363636365]
[0,4,0,0.36363636363636365]
[5,4.181818181818182,0,0.36363636363636365]
[3,4.363636363636363,0,0.36363636363636365]
[7,4.545454545454546,1,0.36363636363636365]
[8,4.545454545454546,1,0.36363636363636365]
[3,4.909090909090909,0,0.36363636363636365]
[4,5.090909090909091,1,0.36363636363636365]
[5,5.090909090909091,1,0.36363636363636365]
[6,5.454545454545454,1,0.36363636363636365]
[2,5.818181818181818,0,0.36363636363636365]
[1,6,0,0.36363636363636365]
[3,6.181818181818182,0,0.36363636363636365]
[4,6.363636363636363,0,0.36363636363636365]
[2,6.545454545454546,0,0.36363636363636365]
[0,6.7272727272727275,0,0.36363636363636365]
[5,6.909090909090909,1,0.36363636363636365]
[0,7.2727272727272725,0,0.36363636363636365]
[2,7.454545454545454,0,0.36363636363636365]
[1,7.636363636363637,0,0.36363636363636365]
[4,8,0,0.36363636363636365]
[7,8.363636363636363,0,0.36363636363636365]
[8,8.727272727272727,0,0.36363636363636365]
[6,8.909090909090908,0,0.36363636363636365]
[5,9.090909090909092,0,0.36363636363636365]
[4,9.272727272727273,0,0.36363636363636365]
[0,9.454545454545455,0,0.36363636363636365]
[2,9.636363636363637,0,0.36363636363636365]
[3,9.818181818181818,0,0.36363636363636365]
[4,10,0,0.36363636363636365]
[8,10.181818181818182,0,0.36363636363636365]
[6,10.363636363636363,0,0.36363636363636365]
[2,10.545454545454545,0,0.36363636363636365]
[1,10.727272727272727,1,0.36363636363636365]
[3,11.090909090909092,0,0.36363636363636365]
[2,11.818181818181818,0,0.36363636363636365]
[0,12,0,0.36363636363636365]
[5,12.181818181818182,0,0.36363636363636365]
[4,12.363636363636363,0,0.36363636363636365]
[6,12.545454545454545,1,0.36363636363636365]
[8,12.909090909090908,0,0.36363636363636365]
[4,13.090909090909092,0,0.36363636363636365]
[2,13.454545454545455,0,0.36363636363636365]
[3,13.636363636363637,0,0.36363636363636365]
[5,13.818181818181818,0,0.36363636363636365]
[6,14,0,0.36363636363636365]
[7,14.363636363636363,0,0.36363636363636365]
[3,14.545454545454545,0,0.36363636363636365]
[5,14.727272727272727,0,0.36363636363636365]
[4,14.909090909090908,0,0.36363636363636365]
[0,15.090909090909092,1,0.36363636363636365]
[2,15.454545454545455,1,0.36363636363636365]
[1,15.818181818181818,0,0.36363636363636365]
[3,16,0,0.36363636363636365]
[4,16.181818181818183,0,0.36363636363636365]
[5,16.363636363636363,1,0.36363636363636365]
[0,16.727272727272727,1,0.36363636363636365]
[7,17.09090909090909,1,0.36363636363636365]
[3,17.454545454545453,0,0.36363636363636365]
[4,17.636363636363637,0,0.36363636363636365]
[8,17.818181818181817,0,0.36363636363636365]
[6,18,0,0.36363636363636365]
[5,18.181818181818183,1,0.36363636363636365]
[0,18.545454545454547,0,0.36363636363636365]
[8,19.09090909090909,0,0.36363636363636365]
[3,19.272727272727273,0,0.36363636363636365]
[4,19.454545454545453,1,0.36363636363636365]
[2,19.818181818181817,1,0.5454545454545455]
[0,20.363636363636363,1,0.7272727272727274]
[5,21.09090909090909,1,0.36363636363636365]
[3,21.454545454545453,0,0.36363636363636365]
[4,21.454545454545453,0,0.36363636363636365]
[8,21.636363636363637,0,0.36363636363636365]
[6,21.818181818181817,0,0.36363636363636365]
[1,22,1,0.36363636363636365]
[2,22,1,0.36363636363636365]
[0,22.363636363636363,0,0.36363636363636365]
[4,22.545454545454547,1,0.36363636363636365]
[5,22.545454545454547,1,0.36363636363636365]
[6,22.90909090909091,1,0.36363636363636365]
[2,23.272727272727273,1,0.36363636363636365]
[0,23.636363636363637,1,0.36363636363636365]
[5,24,0,0.36363636363636365]
[3,24.181818181818183,1,0.36363636363636365]
[8,24.545454545454547,0,0.36363636363636365]
[6,24.727272727272727,0,0.36363636363636365]
[7,24.90909090909091,0,0.36363636363636365]
[2,25.09090909090909,1,0.36363636363636365]
[0,25.454545454545453,0,0.36363636363636365]
[4,25.636363636363637,0,0.36363636363636365]
[5,26.181818181818183,0,0.36363636363636365]
[3,26.363636363636363,0,0.36363636363636365]
[2,26.545454545454547,1,0.36363636363636365]
[6,26.90909090909091,0,0.36363636363636365]
[7,27.09090909090909,0,0.36363636363636365]
[5,27.272727272727273,1,0.36363636363636365]
[3,27.636363636363637,0,0.36363636363636365]
[1,27.818181818181817,1,0.36363636363636365]
[2,28.181818181818183,0,0.36363636363636365]
[6,28.363636363636363,0,0.36363636363636365]
[7,28.545454545454547,0,0.36363636363636365]
[8,28.727272727272727,0,0.36363636363636365]
[3,28.90909090909091,0,0.36363636363636365]
[2,29.09090909090909,0,0.36363636363636365]
[1,29.272727272727273,0,0.36363636363636365]
[0,29.454545454545453,0,0.36363636363636365]
[4,29.636363636363637,0,0.36363636363636365]
[6,29.818181818181817,0,0.36363636363636365]
[8,30,1,0.5454545454545455]
[0,30.545454545454547,0,0.36363636363636365]
[5,30.727272727272727,1,0.36363636363636365]
[3,31.09090909090909,0,0.36363636363636365]
[8,31.272727272727273,0,0.36363636363636365]
[7,31.454545454545453,0,0.36363636363636365]
[2,32,0,0.36363636363636365]
[4,32.18181818181818,0,0.36363636363636365]
[0,32.36363636363637,0,0.36363636363636365]
[1,32.54545454545455,0,0.36363636363636365]
[5,32.72727272727273,0,0.36363636363636365]
[4,32.90909090909091,0,0.36363636363636365]
[5,33.27272727272727,1,0.36363636363636365]
[3,33.63636363636363,1,0.36363636363636365]
[2,34,0,0.36363636363636365]
[0,34.36363636363637,0,0.36363636363636365]
[7,34.54545454545455,1,0.36363636363636365]
[3,34.90909090909091,0,0.36363636363636365]
[8,35.27272727272727,0,0.36363636363636365]
[3,35.45454545454545,1,0.36363636363636365]
[5,35.81818181818182,1,0.5454545454545455]
[4,36.36363636363637,1,0.36363636363636365]
[6,36.72727272727273,0,0.36363636363636365]
[8,36.90909090909091,0,0.36363636363636365]
[3,37.09090909090909,0,0.36363636363636365]
[2,37.27272727272727,1,0.5454545454545455]
[0,37.81818181818182,1,0.7272727272727273]
[5,38.54545454545455,1,0.36363636363636365]
[3,38.90909090909091,0,0.36363636363636365]
[4,38.90909090909091,0,0.36363636363636365]
[8,39.09090909090909,0,0.36363636363636365]
[6,39.272727272727266,0,0.36363636363636365]
[1,39.45454545454545,1,0.36363636363636365]
[2,39.45454545454545,1,0.36363636363636365]
[0,39.81818181818181,0,0.36363636363636365]
[4,40,1,0.36363636363636365]
[5,40,1,0.36363636363636365]
[6,40.36363636363637,1,0.36363636363636365]
[2,40.72727272727273,0,0.36363636363636365]
[3,40.90909090909091,0,0.36363636363636365]
[8,41.09090909090909,1,0.36363636363636365]
[7,41.45454545454545,0,0.36363636363636365]
[3,41.63636363636363,1,0.36363636363636365]
[1,42,1,0.36363636363636365]
[6,42.36363636363637,0,0.36363636363636365]
[7,42.54545454545455,0,0.36363636363636365]
[5,42.72727272727273,0,0.36363636363636365]
[4,42.90909090909091,0,0.36363636363636365]
[0,43.09090909090909,0,0.36363636363636365]
[2,43.45454545454545,1,0.9090909090909092]
[3,44.36363636363637,1,0.36363636363636365]
[4,44.72727272727273,0,0.36363636363636365]
[5,44.72727272727273,0,0.36363636363636365]
[6,44.90909090909091,0,0.36363636363636365]
[8,45.09090909090909,0,0.36363636363636365]
[1,45.27272727272727,1,0.36363636363636365]
[0,45.27272727272727,1,0.36363636363636365]
[2,45.63636363636363,0,0.36363636363636365]
[4,45.81818181818182,1,0.36363636363636365]
[3,45.81818181818182,1,0.36363636363636365]
[8,46.18181818181818,1,0.36363636363636365]
[0,46.54545454545455,0,0.36363636363636365]
[1,46.72727272727273,0,0.36363636363636365]
[2,46.90909090909091,1,0.36363636363636365]
[3,47.27272727272727,0,0.36363636363636365]
[4,47.45454545454545,0,0.36363636363636365]
[5,47.63636363636363,1,0.36363636363636365]
[6,48,0,0.36363636363636365]
[7,48.18181818181818,0,0.36363636363636365]
[8,48.36363636363637,1,0.36363636363636365]
[3,48.72727272727273,1,0.36363636363636365]
[5,49.09090909090909,1,0.36363636363636365]
[0,49.45454545454545,0,0.36363636363636365]
[1,49.63636363636363,0,0.36363636363636365]
[2,49.81818181818182,0,0.36363636363636365]
[3,50,0,0.36363636363636365]
[4,50.18181818181818,0,0.36363636363636365]
[5,50.36363636363637,0,0.36363636363636365]
[6,50.54545454545455,1,0.36363636363636365]
[8,50.90909090909091,0,0.36363636363636365]
[7,51.09090909090909,0,0.36363636363636365]
[3,51.27272727272727,1,0.36363636363636365]
[5,51.63636363636363,0,0.36363636363636365]
[4,51.81818181818182,0,0.36363636363636365]
[2,52,1,0.36363636363636365]
[0,52.36363636363637,0,0.36363636363636365]
[1,52.54545454545455,0,0.36363636363636365]
[5,52.72727272727273,0,0.36363636363636365]
[4,52.90909090909091,0,0.36363636363636365]
[3,53.09090909090909,0,0.36363636363636365]
[8,53.27272727272727,0,0.36363636363636365]
[6,53.45454545454545,0,0.36363636363636365]
[7,53.63636363636363,0,0.36363636363636365]
[5,53.81818181818182,1,0.36363636363636365]
[4,54.18181818181818,0,0.36363636363636365]
[3,54.36363636363637,1,0.36363636363636365]
[8,54.72727272727273,0,0.36363636363636365]
[5,55.27272727272727,0,0.36363636363636365]
[3,55.45454545454545,0,0.36363636363636365]
[2,55.63636363636363,1,0.36363636363636365]
[1,56,0,0.36363636363636365]
[3,56.18181818181818,0,0.36363636363636365]
[5,56.36363636363637,1,0.36363636363636365]
[4,56.72727272727273,0,0.36363636363636365]
[3,56.90909090909091,0,0.36363636363636365]
[2,57.09090909090909,0,0.36363636363636365]
[1,57.27272727272727,0,0.36363636363636365]
[0,57.45454545454545,1,0.36363636363636365]
[2,57.81818181818182,1,0.36363636363636365]
[6,58.18181818181818,0,0.36363636363636365]
[7,58.36363636363637,0,0.36363636363636365]
[8,58.54545454545455,1,0.36363636363636365]
[0,58.90909090909091,0,0.36363636363636365]
[5,59.09090909090909,0,0.36363636363636365]
[3,59.27272727272727,1,0.36363636363636365]
[8,59.63636363636363,0,0.36363636363636365]
[7,59.81818181818182,0,0.36363636363636365]
[6,60,0,0.36363636363636365]
[5,60.18181818181818,0,0.36363636363636365]
[0,60.36363636363637,0,0.36363636363636365]
[7,60.54545454545455,0,0.36363636363636365]
[2,60.72727272727273,1,0.36363636363636365]
[1,61.09090909090909,0,0.36363636363636365]
[0,61.27272727272727,0,0.36363636363636365]
[5,61.45454545454545,1,0.36363636363636365]
[3,61.81818181818182,0,0.36363636363636365]
[2,62,0,0.36363636363636365]
[7,62.18181818181818,0,0.36363636363636365]
[0,62.36363636363637,0,0.36363636363636365]
[5,62.54545454545455,0,0.36363636363636365]
[6,62.72727272727273,0,0.36363636363636365]
[1,62.90909090909091,1,0.36363636363636365]
[3,63.27272727272727,1,0.36363636363636365]
[5,63.63636363636363,0,0.36363636363636365]
[4,63.81818181818182,0,0.36363636363636365]
[6,64,0,0.36363636363636365]
[7,64.18181818181819,0,0.36363636363636365]
[2,64.36363636363636,0,0.36363636363636365]
[4,64.54545454545455,0,0.36363636363636365]
[0,64.72727272727273,0,0.36363636363636365]
[2,64.9090909090909,0,0.36363636363636365]
[4,65.45454545454545,0,0.36363636363636365]
[8,65.63636363636364,0,0.36363636363636365]
[6,65.81818181818181,0,0.36363636363636365]
[4,66,0,0.36363636363636365]
[8,66.18181818181819,0,0.36363636363636365]
[6,66.36363636363636,0,0.36363636363636365]
[3,66.9090909090909,1,0.36363636363636365]
[2,67.27272727272727,0,0.36363636363636365]
[1,67.45454545454545,0,0.36363636363636365]
[5,67.63636363636364,0,0.36363636363636365]
[4,67.81818181818181,1,0.36363636363636365]
[0,68.18181818181819,0,0.36363636363636365]
[2,68.36363636363636,0,0.36363636363636365]
[3,68.54545454545455,0,0.36363636363636365]
[8,68.72727272727273,1,0.36363636363636365]
[7,69.0909090909091,1,0.36363636363636365]
[6,69.45454545454545,1,0.7272727272727273]
[4,70.18181818181819,0,0.36363636363636365]
[5,70.18181818181819,0,0.36363636363636365]
[0,71.0909090909091,0,0.36363636363636365]
[2,71.27272727272727,0,0.36363636363636365]
[3,71.45454545454545,0,0.36363636363636365]
[4,71.63636363636364,0,0.36363636363636365]
[5,71.81818181818181,0,0.36363636363636365]
[6,72,0,0.36363636363636365]
[8,72.18181818181819,1,0.5454545454545455]
[3,72.72727272727273,0,0.36363636363636365]
[4,72.9090909090909,0,0.36363636363636365]
[2,73.0909090909091,0,0.36363636363636365]
[0,73.27272727272727,1,0.36363636363636365]
[7,73.63636363636364,1,0.5454545454545455]
[2,74.18181818181819,0,0.36363636363636365]
[3,74.36363636363636,0,0.36363636363636365]
[8,74.54545454545455,0,0.36363636363636365]
[6,74.72727272727273,0,0.36363636363636365]
[2,74.9090909090909,0,0.36363636363636365]
[5,75.27272727272727,0,0.36363636363636365]
[4,75.45454545454545,0,0.36363636363636365]
[0,75.63636363636364,0,0.36363636363636365]
[1,75.81818181818181,0,0.36363636363636365]
[2,76,0,0.36363636363636365]
[3,76.18181818181819,1,0.36363636363636365]
[8,76.54545454545455,0,0.36363636363636365]
[5,77.0909090909091,0,0.36363636363636365]
[4,77.27272727272727,0,0.36363636363636365]
[0,77.45454545454545,1,0.36363636363636365]
[1,77.81818181818181,1,0.36363636363636365]
[2,78.18181818181819,1,0.36363636363636365]
[3,78.54545454545455,0,0.36363636363636365]
[4,78.72727272727273,0,0.36363636363636365]
[8,78.9090909090909,0,0.36363636363636365]
[6,79.0909090909091,1,0.36363636363636365]
[5,79.45454545454545,1,0.5454545454545455]
[0,80,0,0.36363636363636365]
[1,80.18181818181819,0,0.36363636363636365]
[3,80.36363636363636,0,0.36363636363636365]
[4,80.54545454545455,1,0.36363636363636365]
[5,80.9090909090909,1,0.36363636363636365]
[6,81.27272727272727,0,0.36363636363636365]
[8,81.45454545454545,0,0.36363636363636365]
[3,81.63636363636364,0,0.36363636363636365]
[1,81.81818181818181,1,0.36363636363636365]
[0,82.18181818181819,0,0.36363636363636365]
[7,82.36363636363636,1,0.5454545454545455]
[3,82.9090909090909,0,0.36363636363636365]
[4,83.0909090909091,0,0.36363636363636365]
[8,83.27272727272727,1,0.36363636363636365]
[3,83.63636363636364,1,0.36363636363636365]
[5,84,1,0.36363636363636365]
[4,84.36363636363636,0,0.36363636363636365]
[6,84.54545454545455,0,0.36363636363636365]
[8,84.72727272727273,0,0.36363636363636365]
[3,84.9090909090909,1,0.36363636363636365]
[2,85.27272727272727,1,0.5454545454545455]
[0,85.81818181818181,1,0.7272727272727273]
[5,86.54545454545455,1,0.36363636363636365]
[3,86.9090909090909,0,0.36363636363636365]
[4,86.9090909090909,0,0.36363636363636365]
[8,87.0909090909091,0,0.36363636363636365]
[6,87.27272727272727,0,0.36363636363636365]
[1,87.45454545454545,1,0.36363636363636365]
[2,87.45454545454545,1,0.36363636363636365]
[0,87.81818181818181,0,0.36363636363636365]
[4,88,1,0.36363636363636365]
[5,88,1,0.36363636363636365]
[6,88.36363636363637,1,0.36363636363636365]
[2,88.72727272727273,0,0.36363636363636365]
[3,88.9090909090909,0,0.36363636363636365]
[8,89.0909090909091,1,0.36363636363636365]
[3,89.45454545454545,1,0.36363636363636365]
[2,89.81818181818181,0,0.36363636363636365]
[1,90,0,0.36363636363636365]
[6,90.18181818181819,0,0.36363636363636365]
[7,90.36363636363636,0,0.36363636363636365]
[8,90.54545454545455,1,0.36363636363636365]
[4,90.9090909090909,1,0.36363636363636365]
[0,91.27272727272727,1,0.36363636363636365]
[2,91.63636363636364,1,1.0909090909090908]
[0,92.72727272727273,0,0.36363636363636365]
[1,92.72727272727273,0,0.36363636363636365]
[8,92.9090909090909,0,0.36363636363636365]
[6,93.0909090909091,0,0.36363636363636365]
[4,93.27272727272727,1,0.36363636363636365]
[5,93.27272727272727,1,0.36363636363636365]
[3,93.63636363636364,0,0.36363636363636365]
[1,93.81818181818181,1,0.36363636363636365]
[2,93.81818181818181,1,0.36363636363636365]
[6,94.18181818181819,1,0.36363636363636365]
[8,94.54545454545455,0,0.36363636363636365]
[3,94.72727272727273,0,0.36363636363636365]
[2,94.9090909090909,1,0.36363636363636365]
[0,95.27272727272727,1,0.36363636363636365]
[5,95.63636363636364,0,0.36363636363636365]
[6,95.81818181818181,0,0.36363636363636365]
[8,96,0,0.36363636363636365]
[3,96.18181818181819,0,0.36363636363636365]
[1,96.36363636363636,0,0.36363636363636365]
[6,96.54545454545455,1,0.36363636363636365]
[5,96.9090909090909,1,0.5454545454545455]
[0,97.45454545454545,0,0.36363636363636365]
[4,97.63636363636364,0,0.36363636363636365]
[3,97.81818181818181,1,0.36363636363636365]
[8,98.18181818181819,1,0.36363636363636365]
[6,98.54545454545455,0,0.36363636363636365]
[7,98.72727272727273,0,0.36363636363636365]
[5,98.9090909090909,0,0.36363636363636365]
[3,99.0909090909091,0,0.36363636363636365]
[2,99.27272727272727,1,0.36363636363636365]
[4,99.63636363636364,0,0.36363636363636365]
[6,99.81818181818181,1,0.5454545454545455]
[1,100.36363636363636,0,0.36363636363636365]
[3,100.54545454545455,0,0.36363636363636365]
[5,100.72727272727273,0,0.36363636363636365]
[4,100.9090909090909,0,0.36363636363636365]
[6,101.0909090909091,0,0.36363636363636365]
[7,101.27272727272727,0,0.36363636363636365]
[8,101.45454545454545,0,0.36363636363636365]
[3,101.63636363636364,0,0.36363636363636365]
[5,101.81818181818181,0,0.36363636363636365]
[6,102,0,0.36363636363636365]
[2,102.18181818181819,1,0.36363636363636365]
[1,102.54545454545455,1,0.36363636363636365]
[0,102.9090909090909,1,0.7272727272727273]
[4,103.63636363636364,1,1.4545454545454546]
[3,105.0909090909091,0,0.36363636363636365]
[5,105.0909090909091,0,0.36363636363636365]
[2,106,1,0.909090909090909]
[6,106.9090909090909,1,0.36363636363636365]
[4,107.27272727272727,0,0.36363636363636365]
[5,107.27272727272727,0,0.36363636363636365]
[3,107.45454545454545,0,0.36363636363636365]
[8,107.63636363636364,0,0.36363636363636365]
[6,107.81818181818181,1,0.36363636363636365]
[7,107.81818181818181,1,0.36363636363636365]
[5,108.18181818181819,0,0.36363636363636365]
[3,108.36363636363636,1,0.36363636363636365]
[4,108.36363636363636,1,0.36363636363636365]
[8,108.72727272727273,1,0.36363636363636365]
[0,109.0909090909091,1,0.36363636363636365]
[1,109.45454545454545,0,0.36363636363636365]
[2,109.45454545454545,0,0.36363636363636365]
[3,109.63636363636364,0,0.36363636363636365]
[4,109.81818181818181,0,0.36363636363636365]
[5,110,0,0.36363636363636365]
[0,110.18181818181819,0,0.36363636363636365]
[1,110.18181818181819,0,0.36363636363636365]
[8,110.36363636363636,0,0.36363636363636365]
[6,110.54545454545455,0,0.36363636363636365]
[4,110.72727272727273,1,0.36363636363636365]
[5,110.72727272727273,1,0.36363636363636365]
[3,111.0909090909091,0,0.36363636363636365]
[7,111.27272727272727,1,0.36363636363636365]
[8,111.27272727272727,1,0.36363636363636365]
[6,111.63636363636364,1,0.36363636363636365]
[1,112,1,0.36363636363636365]
[0,112.36363636363636,0,0.36363636363636365]
[2,112.36363636363636,0,0.36363636363636365]
[4,112.54545454545455,0,0.36363636363636365]
[6,112.72727272727273,0,0.36363636363636365]
[8,112.9090909090909,0,0.36363636363636365]
[0,113.0909090909091,0,0.36363636363636365]
[1,113.0909090909091,0,0.36363636363636365]
[5,113.27272727272727,0,0.36363636363636365]
[6,113.45454545454545,0,0.36363636363636365]
[1,113.63636363636364,1,0.36363636363636365]
[2,113.63636363636364,1,0.36363636363636365]
[3,114,0,0.36363636363636365]
[4,114.18181818181819,1,0.36363636363636365]
[5,114.18181818181819,1,0.36363636363636365]
[6,114.54545454545455,1,0.36363636363636365]
[1,114.9090909090909,1,0.36363636363636365]
[3,115.27272727272727,0,0.36363636363636365]
[5,115.27272727272727,0,0.36363636363636365]
[4,115.45454545454545,0,0.36363636363636365]
[2,115.63636363636364,0,0.36363636363636365]
[3,115.81818181818181,0,0.36363636363636365]
[7,116,0,0.36363636363636365]
[8,116,0,0.36363636363636365]
[6,116.18181818181819,0,0.36363636363636365]
[5,116.36363636363636,0,0.36363636363636365]
[3,116.54545454545455,1,0.36363636363636365]
[4,116.54545454545455,1,0.36363636363636365]
[2,116.9090909090909,0,0.36363636363636365]
[6,117.0909090909091,1,0.36363636363636365]
[7,117.0909090909091,1,0.36363636363636365]
[8,117.45454545454545,0,0.36363636363636365]
[0,117.81818181818181,0,0.36363636363636365]
[2,117.81818181818181,0,0.36363636363636365]
[6,118.18181818181819,0,0.36363636363636365]
[7,118.18181818181819,0,0.36363636363636365]
[8,118.18181818181819,0,0.36363636363636365]
