[0,0,0,0.8823529411764706]
[5,0.22058823529411764,0,0.8823529411764706]
[6,0.4411764705882353,0,0.8823529411764706]
[2,0.6617647058823529,0,0.8823529411764706]
[1,0.7720588235294118,0,0.4411764705882353]
[3,0.9926470588235294,0,0.8823529411764706]
[4,1.1029411764705883,0,0.8823529411764706]
[5,1.2132352941176472,0,0.8823529411764706]
[7,1.3235294117647058,0,0.8823529411764706]
[6,1.4338235294117647,0,0.8823529411764706]
[4,1.5441176470588236,0,0.8823529411764706]
[0,1.7647058823529411,0,0.4411764705882353]
[5,1.9852941176470589,0,0.4411764705882353]
[7,2.2058823529411766,0,0.4411764705882353]
[0,2.4264705882352944,0,0.8823529411764706]
[1,2.536764705882353,0,0.8823529411764706]
[5,2.7573529411764706,0,0.8823529411764706]
[4,2.8676470588235294,0,0.8823529411764706]
[3,2.9779411764705883,0,0.8823529411764706]
[7,3.088235294117647,0,0.8823529411764706]
[8,3.198529411764706,0,0.8823529411764706]
[4,3.308823529411765,0,0.8823529411764706]
[1,3.5294117647058822,1,0.4411764705882353]
[2,3.5294117647058822,1,0.4411764705882353]
[3,3.9705882352941178,1,0.4411764705882353]
[4,4.411764705882353,1,0.4411764705882353]
[5,4.852941176470589,1,0.4411764705882353]
[6,5.294117647058823,1,0.4411764705882353]
[8,5.735294117647059,1,0.4411764705882353]
[7,6.176470588235294,1,0.4411764705882353]
[3,6.61764705882353,1,0.4411764705882353]
[4,7.0588235294117645,1,0.4411764705882353]
[5,7.5,1,0.4411764705882353]
[0,7.9411764705882355,1,0.4411764705882353]
[1,8.382352941176471,1,0.4411764705882353]
[3,8.823529411764707,1,0.22058823529411764]
[5,8.823529411764707,1,0.22058823529411764]
[6,9.264705882352942,1,0.22058823529411764]
[8,9.264705882352942,1,0.22058823529411764]
[0,9.926470588235293,1,0.22058823529411764]
[2,9.926470588235293,1,0.22058823529411764]
[1,10.147058823529411,1,0.22058823529411764]
[6,10.588235294117647,1,0.22058823529411764]
[7,10.808823529411764,1,0.4411764705882353]
[5,11.25,1,0.4411764705882353]
[4,11.691176470588236,1,0.4411764705882353]
[3,12.132352941176471,1,0.4411764705882353]
[1,12.573529411764707,1,0.4411764705882353]
[5,13.014705882352942,1,0.4411764705882353]
[7,13.455882352941178,1,0.4411764705882353]
[0,14.117647058823529,1,0.22058823529411764]
[1,14.338235294117647,1,0.4411764705882353]
[2,14.779411764705882,1,0.4411764705882353]
[3,15.220588235294118,1,0.4411764705882353]
[4,15.661764705882353,1,1.1029411764705883]
[0,16.985294117647058,1,0.22058823529411764]
[2,16.985294117647058,1,0.22058823529411764]
[1,17.205882352941178,1,0.22058823529411764]
[8,17.647058823529413,1,0.22058823529411764]
[7,17.86764705882353,1,0.4411764705882353]
[3,18.308823529411764,1,0.4411764705882353]
[4,18.75,1,0.4411764705882353]
[2,19.191176470588236,1,0.4411764705882353]
[1,19.63235294117647,1,0.4411764705882353]
[0,20.073529411764707,1,0.4411764705882353]
[4,20.514705882352942,1,0.4411764705882353]
[6,21.176470588235293,1,0.22058823529411764]
[7,21.397058823529413,1,0.4411764705882353]
[5,21.83823529411765,1,0.4411764705882353]
[4,22.279411764705884,1,0.4411764705882353]
[6,22.72058823529412,1,0.4411764705882353]
[7,23.161764705882355,1,0.22058823529411764]
[8,23.38235294117647,1,0.22058823529411764]
[4,23.60294117647059,1,0.4411764705882353]
[0,24.044117647058822,1,0.22058823529411764]
[2,24.044117647058822,1,0.22058823529411764]
[1,24.264705882352942,1,0.22058823529411764]
[5,24.705882352941178,1,0.22058823529411764]
[7,24.926470588235293,1,0.4411764705882353]
[6,25.36764705882353,1,0.4411764705882353]
[4,25.808823529411764,1,0.4411764705882353]
[2,26.25,1,0.4411764705882353]
[1,26.691176470588236,1,0.4411764705882353]
[0,27.13235294117647,1,0.4411764705882353]
[4,27.573529411764707,1,0.4411764705882353]
[8,28.235294117647058,1,0.22058823529411764]
[7,28.455882352941178,1,0.4411764705882353]
[3,28.897058823529413,1,0.4411764705882353]
[4,29.33823529411765,1,0.4411764705882353]
[5,29.779411764705884,1,1.1029411764705883]
[0,31.10294117647059,1,0.22058823529411764]
[2,31.10294117647059,1,0.22058823529411764]
[1,31.323529411764707,1,0.22058823529411764]
[8,31.764705882352942,1,0.22058823529411764]
[4,31.985294117647058,1,0.4411764705882353]
[3,32.4264705882353,1,0.4411764705882353]
[2,32.86764705882353,1,0.4411764705882353]
[4,33.30882352941177,1,0.4411764705882353]
[5,33.75,1,0.4411764705882353]
[7,34.19117647058824,1,0.4411764705882353]
[6,34.63235294117647,1,0.4411764705882353]
[0,35.294117647058826,1,0.22058823529411764]
[1,35.51470588235294,1,0.4411764705882353]
[2,35.955882352941174,1,0.4411764705882353]
[4,36.39705882352941,1,0.4411764705882353]
[3,36.838235294117645,1,0.4411764705882353]
[8,37.279411764705884,1,0.22058823529411764]
[7,37.5,1,0.22058823529411764]
[0,37.720588235294116,1,0.22058823529411764]
[2,37.720588235294116,1,0.22058823529411764]
[0,38.38235294117647,1,0.22058823529411764]
[2,38.38235294117647,1,0.22058823529411764]
[1,38.82352941176471,0,0.22058823529411764]
[2,38.82352941176471,0,0.22058823529411764]
[4,39.26470588235294,0,0.22058823529411764]
[5,39.26470588235294,0,0.22058823529411764]
[3,39.48529411764706,0,0.4411764705882353]
[8,39.705882352941174,0,0.4411764705882353]
[6,39.9264705882353,0,0.4411764705882353]
[4,40.14705882352941,0,0.4411764705882353]
[2,40.36764705882353,0,0.4411764705882353]
[5,40.588235294117645,0,0.4411764705882353]
[1,40.80882352941177,0,0.22058823529411764]
[0,40.80882352941177,0,0.22058823529411764]
[4,41.029411764705884,0,0.22058823529411764]
[3,41.029411764705884,0,0.22058823529411764]
[7,41.25,0,0.22058823529411764]
[8,41.25,0,0.22058823529411764]
[4,41.470588235294116,0,0.22058823529411764]
[5,41.470588235294116,0,0.22058823529411764]
[0,41.69117647058824,0,0.4411764705882353]
[1,41.8014705882353,0,0.4411764705882353]
[2,41.911764705882355,0,0.4411764705882353]
[4,42.13235294117647,0,0.4411764705882353]
[0,42.35294117647059,0,0.22058823529411764]
[3,42.35294117647059,0,0.22058823529411764]
[5,42.57352941176471,0,0.4411764705882353]
[6,42.794117647058826,0,0.4411764705882353]
[7,42.794117647058826,0,0.4411764705882353]
[2,43.01470588235294,0,0.4411764705882353]
[3,43.23529411764706,0,0.4411764705882353]
[5,43.45588235294118,0,0.4411764705882353]
[6,43.6764705882353,0,0.4411764705882353]
[8,43.89705882352941,0,0.4411764705882353]
[4,44.11764705882353,0,0.4411764705882353]
[7,44.338235294117645,0,0.22058823529411764]
[6,44.338235294117645,0,0.22058823529411764]
[4,44.55882352941177,0,0.22058823529411764]
[5,44.55882352941177,0,0.22058823529411764]
[3,44.779411764705884,0,0.22058823529411764]
[0,44.779411764705884,0,0.22058823529411764]
[1,45,0,0.22058823529411764]
[2,45,0,0.22058823529411764]
[3,45.220588235294116,0,0.4411764705882353]
[4,45.33088235294118,0,0.4411764705882353]
[5,45.44117647058824,0,0.4411764705882353]
[6,45.661764705882355,0,0.4411764705882353]
[8,45.88235294117647,0,0.22058823529411764]
[5,45.88235294117647,0,0.22058823529411764]
[1,46.10294117647059,0,0.4411764705882353]
[3,46.32352941176471,0,0.22058823529411764]
[4,46.32352941176471,0,0.22058823529411764]
[2,46.544117647058826,0,0.4411764705882353]
[0,46.76470588235294,0,0.4411764705882353]
[5,46.98529411764706,0,0.4411764705882353]
[4,47.095588235294116,0,0.4411764705882353]
[3,47.20588235294118,0,0.4411764705882353]
[8,47.4264705882353,0,0.4411764705882353]
[6,47.64705882352941,0,0.4411764705882353]
[1,47.86764705882353,0,0.22058823529411764]
[2,47.86764705882353,0,0.22058823529411764]
[5,48.088235294117645,0,0.22058823529411764]
[4,48.088235294117645,0,0.22058823529411764]
[7,48.30882352941177,0,0.22058823529411764]
[8,48.30882352941177,0,0.22058823529411764]
[4,48.529411764705884,0,0.22058823529411764]
[3,48.529411764705884,0,0.22058823529411764]
[2,48.75,0,0.4411764705882353]
[1,48.86029411764706,0,0.4411764705882353]
[0,48.970588235294116,0,0.4411764705882353]
[5,49.19117647058824,0,0.4411764705882353]
[7,49.411764705882355,0,0.4411764705882353]
[6,49.411764705882355,0,0.4411764705882353]
[4,49.63235294117647,0,0.4411764705882353]
[1,49.85294117647059,0,0.4411764705882353]
[0,49.85294117647059,0,0.4411764705882353]
[2,50.07352941176471,0,0.4411764705882353]
[5,50.294117647058826,0,0.4411764705882353]
[8,50.51470588235294,0,0.4411764705882353]
[3,50.73529411764706,1,0.22058823529411764]
[4,50.95588235294118,1,0.4411764705882353]
[2,51.61764705882353,0,0.4411764705882353]
[1,51.838235294117645,0,0.4411764705882353]
[3,52.05882352941177,0,0.4411764705882353]
[5,52.169117647058826,0,0.4411764705882353]
[3,52.279411764705884,0,0.4411764705882353]
[5,52.38970588235294,0,0.4411764705882353]
[3,52.5,0,0.4411764705882353]
[5,52.61029411764706,0,0.4411764705882353]
[3,52.720588235294116,0,0.4411764705882353]
[2,52.94117647058824,1,0.05514705882352941]
[1,53.161764705882355,1,0.05514705882352941]
[0,53.38235294117647,1,0.05514705882352941]
[8,53.60294117647059,1,0.05514705882352941]
[7,53.713235294117645,1,0.05514705882352941]
[3,53.93382352941177,1,0.05514705882352941]
[4,54.044117647058826,1,0.05514705882352941]
[2,54.26470588235294,1,0.05514705882352941]
[1,54.48529411764706,1,0.05514705882352941]
[3,54.70588235294118,1,0.05514705882352941]
[4,54.9264705882353,1,0.05514705882352941]
[8,55.14705882352941,1,0.05514705882352941]
[6,55.36764705882353,1,0.05514705882352941]
[7,55.47794117647059,1,0.05514705882352941]
[5,55.69852941176471,1,0.05514705882352941]
[4,55.80882352941177,1,0.05514705882352941]
[1,56.029411764705884,1,0.05514705882352941]
[3,56.25,1,0.05514705882352941]
[8,56.470588235294116,1,0.05514705882352941]
[6,56.69117647058824,1,0.05514705882352941]
[4,56.911764705882355,1,0.05514705882352941]
[0,57.13235294117647,1,0.05514705882352941]
[1,57.24264705882353,1,0.05514705882352941]
[5,57.46323529411765,1,0.05514705882352941]
[4,57.57352941176471,1,0.05514705882352941]
[6,57.794117647058826,1,0.05514705882352941]
[7,58.01470588235294,1,0.05514705882352941]
[5,58.23529411764706,1,0.33088235294117646]
[4,58.56617647058824,1,0.33088235294117646]
[3,58.89705882352941,1,1.1029411764705883]
[1,59.11764705882353,1,0.33088235294117646]
[5,59.44852941176471,1,0.33088235294117646]
[4,59.779411764705884,1,0.22058823529411764]
[2,60,1,0.05514705882352941]
[1,60.220588235294116,1,0.05514705882352941]
[5,60.44117647058824,1,0.05514705882352941]
[6,60.661764705882355,1,0.05514705882352941]
[7,60.77205882352941,1,0.05514705882352941]
[2,60.99264705882353,1,0.05514705882352941]
[1,61.10294117647059,1,0.05514705882352941]
[5,61.32352941176471,1,0.05514705882352941]
[4,61.544117647058826,1,0.05514705882352941]
[8,61.76470588235294,1,0.05514705882352941]
[6,61.98529411764706,1,0.05514705882352941]
[7,62.20588235294118,1,0.05514705882352941]
[5,62.4264705882353,1,0.05514705882352941]
[4,62.536764705882355,1,0.05514705882352941]
[0,62.75735294117647,1,0.05514705882352941]
[1,62.86764705882353,1,0.05514705882352941]
[3,63.08823529411765,1,0.05514705882352941]
[4,63.30882352941177,1,0.05514705882352941]
[2,63.529411764705884,1,0.22058823529411764]
[0,63.529411764705884,1,0.22058823529411764]
[6,63.970588235294116,1,0.22058823529411764]
[7,64.19117647058823,1,0.4411764705882353]
[5,64.63235294117648,1,0.4411764705882353]
[4,65.07352941176471,1,0.4411764705882353]
[3,65.51470588235294,1,0.22058823529411764]
[4,65.73529411764706,1,1.1029411764705883]
[0,66.17647058823529,1,0.22058823529411764]
[2,66.17647058823529,1,0.22058823529411764]
[0,66.61764705882354,1,0.22058823529411764]
[2,66.61764705882354,1,0.22058823529411764]
[5,67.05882352941177,1,0.05514705882352941]
[3,67.05882352941177,1,0.05514705882352941]
[1,67.27941176470588,1,0.05514705882352941]
[2,67.5,1,0.05514705882352941]
[5,67.72058823529412,1,0.05514705882352941]
[3,67.83088235294117,1,0.05514705882352941]
[4,67.83088235294117,1,0.05514705882352941]
[8,68.05147058823529,1,0.05514705882352941]
[7,68.16176470588235,1,0.05514705882352941]
[3,68.38235294117648,1,0.05514705882352941]
[4,68.6029411764706,1,0.05514705882352941]
[1,68.82352941176471,1,0.05514705882352941]
[2,68.82352941176471,1,0.05514705882352941]
[3,69.04411764705883,1,0.05514705882352941]
[4,69.26470588235294,1,0.05514705882352941]
[8,69.48529411764706,1,0.05514705882352941]
[7,69.59558823529412,1,0.05514705882352941]
[6,69.59558823529412,1,0.05514705882352941]
[5,69.81617647058823,1,0.05514705882352941]
[4,69.92647058823529,1,0.05514705882352941]
[0,70.14705882352942,1,0.05514705882352941]
[1,70.36764705882354,1,0.05514705882352941]
[5,70.58823529411765,1,0.05514705882352941]
[3,70.58823529411765,1,0.05514705882352941]
[7,70.80882352941177,1,0.05514705882352941]
[4,71.02941176470588,1,0.05514705882352941]
[2,71.25,1,0.05514705882352941]
[1,71.36029411764706,1,0.05514705882352941]
[3,71.58088235294117,1,0.05514705882352941]
[4,71.69117647058823,1,0.05514705882352941]
[5,71.91176470588235,1,0.05514705882352941]
[6,72.13235294117648,1,0.05514705882352941]
[8,72.3529411764706,1,0.33088235294117646]
[7,72.68382352941177,1,0.33088235294117646]
[6,73.01470588235294,1,1.1029411764705883]
[2,73.23529411764706,1,0.4411764705882353]
[1,73.67647058823529,1,0.22058823529411764]
[5,73.89705882352942,1,0.22058823529411764]
[0,74.11764705882354,1,0.05514705882352941]
[4,74.33823529411765,1,0.05514705882352941]
[8,74.55882352941177,1,0.05514705882352941]
[6,74.77941176470588,1,0.05514705882352941]
[7,74.88970588235294,1,0.05514705882352941]
[5,75.11029411764706,1,0.05514705882352941]
[4,75.22058823529412,1,0.05514705882352941]
[1,75.44117647058823,1,0.05514705882352941]
[2,75.66176470588235,1,0.05514705882352941]
[3,75.88235294117648,1,0.05514705882352941]
[4,76.1029411764706,1,0.05514705882352941]
[8,76.32352941176471,1,0.05514705882352941]
[6,76.54411764705883,1,0.05514705882352941]
[7,76.65441176470588,1,0.05514705882352941]
[5,76.875,1,0.05514705882352941]
[4,76.98529411764706,1,0.05514705882352941]
[0,77.20588235294117,1,0.05514705882352941]
[1,77.42647058823529,1,0.05514705882352941]
[2,77.64705882352942,1,0.4411764705882353]
[4,78.08823529411765,1,0.22058823529411764]
[3,78.30882352941177,1,0.4411764705882353]
[7,78.75,1,0.4411764705882353]
[8,79.19117647058823,1,0.4411764705882353]
[4,79.63235294117648,1,0.22058823529411764]
[5,79.8529411764706,1,0.22058823529411764]
[1,80.07352941176471,1,1.1029411764705883]
[0,81.17647058823529,0,1.1029411764705883]
[2,81.17647058823529,0,1.1029411764705883]
[4,81.39705882352942,0,1.1029411764705883]
[5,81.83823529411765,0,1.1029411764705883]
[4,82.27941176470588,0,1.1029411764705883]
[3,82.5,0,1.1029411764705883]
[7,82.72058823529412,0,1.1029411764705883]
[5,83.16176470588236,0,1.1029411764705883]
[4,83.6029411764706,0,1.1029411764705883]
[3,84.04411764705883,0,1.1029411764705883]
[2,84.70588235294117,0,1.1029411764705883]
[1,84.92647058823529,0,1.1029411764705883]
[6,85.36764705882354,0,1.1029411764705883]
[4,85.80882352941177,0,1.1029411764705883]
[8,86.25,0,1.1029411764705883]
[0,87.13235294117648,0,1.1029411764705883]
[1,87.24264705882354,0,1.1029411764705883]
[2,87.3529411764706,0,1.1029411764705883]
[3,88.23529411764706,0,1.1029411764705883]
[4,88.67647058823529,0,1.1029411764705883]
[5,89.11764705882354,0,1.1029411764705883]
[6,89.55882352941177,0,1.1029411764705883]
[1,90,0,1.1029411764705883]
[2,90,0,1.1029411764705883]
[4,90.22058823529412,0,1.1029411764705883]
[3,90.22058823529412,0,1.1029411764705883]
[7,90.44117647058823,0,1.1029411764705883]
[8,90.44117647058823,0,1.1029411764705883]
[1,90.66176470588236,0,1.1029411764705883]
[0,90.66176470588236,0,1.1029411764705883]
[5,90.77205882352942,0,1.1029411764705883]
[4,90.77205882352942,0,1.1029411764705883]
[6,90.99264705882354,0,1.1029411764705883]
[7,90.99264705882354,0,1.1029411764705883]
[5,91.1029411764706,0,1.1029411764705883]
[4,91.1029411764706,0,1.1029411764705883]
[0,91.32352941176471,0,1.1029411764705883]
[1,91.32352941176471,0,1.1029411764705883]
[2,91.32352941176471,0,1.1029411764705883]
[6,91.76470588235294,1,1.7647058823529411]
[5,91.98529411764706,0,0.4411764705882353]
[3,92.20588235294117,0,0.4411764705882353]
[2,92.42647058823529,0,0.4411764705882353]
[1,92.53676470588236,0,0.4411764705882353]
[8,92.75735294117648,0,0.4411764705882353]
[7,92.86764705882354,0,0.4411764705882353]
[3,92.9779411764706,0,0.4411764705882353]
[4,93.08823529411765,0,0.4411764705882353]
[1,93.30882352941177,0,0.4411764705882353]
[1,93.41911764705883,0,0.4411764705882353]
[0,93.52941176470588,1,0.4411764705882353]
[4,93.75,0,0.4411764705882353]
[8,93.97058823529412,1,0.4411764705882353]
[6,94.19117647058823,0,0.4411764705882353]
[7,94.30147058823529,0,0.4411764705882353]
[3,94.41176470588236,1,0.4411764705882353]
[4,94.52205882352942,0,0.4411764705882353]
[2,94.63235294117648,0,0.4411764705882353]
[1,94.74264705882354,0,0.4411764705882353]
[0,94.8529411764706,1,0.4411764705882353]
[5,95.29411764705883,1,1.7647058823529411]
[6,95.51470588235294,0,0.4411764705882353]
[4,95.73529411764706,0,0.4411764705882353]
[0,95.95588235294117,0,0.4411764705882353]
[1,96.06617647058823,0,0.4411764705882353]
[6,96.28676470588236,0,0.4411764705882353]
[7,96.39705882352942,0,0.4411764705882353]
[3,96.50735294117648,0,0.4411764705882353]
[4,96.61764705882354,0,0.4411764705882353]
[2,96.83823529411765,0,0.4411764705882353]
[2,96.94852941176471,0,0.4411764705882353]
[1,97.05882352941177,1,0.4411764705882353]
[4,97.27941176470588,0,0.4411764705882353]
[7,97.5,1,0.4411764705882353]
[3,97.72058823529412,0,0.4411764705882353]
[4,97.83088235294117,0,0.4411764705882353]
[5,97.94117647058823,1,0.4411764705882353]
[0,98.05147058823529,0,0.4411764705882353]
[1,98.16176470588236,0,0.4411764705882353]
[2,98.27205882352942,0,0.4411764705882353]
[3,98.38235294117648,1,0.4411764705882353]
[7,98.82352941176471,1,1.7647058823529411]
[5,99.04411764705883,0,0.4411764705882353]
[0,99.26470588235294,0,0.4411764705882353]
[2,99.48529411764706,0,0.4411764705882353]
[1,99.59558823529412,0,0.4411764705882353]
[3,99.81617647058823,0,0.4411764705882353]
[4,99.92647058823529,0,0.4411764705882353]
[8,100.03676470588236,0,0.4411764705882353]
[6,100.14705882352942,0,0.4411764705882353]
[5,100.36764705882354,0,0.4411764705882353]
[5,100.4779411764706,0,0.4411764705882353]
[4,100.58823529411765,1,0.4411764705882353]
[0,100.80882352941177,0,0.4411764705882353]
[2,101.02941176470588,1,0.4411764705882353]
[3,101.25,0,0.4411764705882353]
[4,101.36029411764706,0,0.4411764705882353]
[5,101.47058823529412,1,0.4411764705882353]
[6,101.58088235294117,0,0.4411764705882353]
[7,101.69117647058823,0,0.4411764705882353]
[8,101.80147058823529,0,0.4411764705882353]
[3,101.91176470588236,1,0.4411764705882353]
[1,102.13235294117648,0,0.4411764705882353]
[4,102.3529411764706,1,0.661764705882353]
[2,103.01470588235294,1,0.22058823529411764]
[8,103.23529411764706,1,0.6617647058823529]
[0,103.89705882352942,1,0.22058823529411764]
[6,104.11764705882354,1,0.661764705882353]
[1,104.77941176470588,1,0.22058823529411764]
[7,105,1,0.4411764705882353]
[3,105.44117647058823,1,0.22058823529411764]
[5,105.66176470588236,1,0.661764705882353]
[1,105.66176470588236,0,0.4411764705882353]
[1,105.77205882352942,0,0.4411764705882353]
[2,105.88235294117648,1,1.5441176470588234]
[7,106.32352941176471,1,0.22058823529411764]
[3,106.54411764705883,1,0.4411764705882353]
[4,106.98529411764706,1,0.22058823529411764]
[8,107.20588235294117,1,0.22058823529411764]
[6,107.42647058823529,1,0.661764705882353]
[7,107.42647058823529,0,0.22058823529411764]
[7,107.53676470588236,0,0.22058823529411764]
[5,107.64705882352942,1,0.4411764705882353]
[3,108.08823529411765,1,0.22058823529411764]
[4,108.08823529411765,1,0.4411764705882353]
[0,108.30882352941177,1,0.4411764705882353]
[2,108.52941176470588,1,0.4411764705882353]
[1,108.97058823529412,1,0.4411764705882353]
[7,108.97058823529412,1,0.22058823529411764]
[5,109.19117647058823,1,0.661764705882353]
[3,109.41176470588235,1,1.5441176470588234]
[4,109.8529411764706,1,0.22058823529411764]
[7,110.07352941176471,1,0.661764705882353]
[5,110.73529411764706,1,0.22058823529411764]
[4,110.95588235294117,0,0.22058823529411764]
[0,110.95588235294117,1,0.4411764705882353]
[4,111.06617647058823,0,0.22058823529411764]
[2,111.17647058823529,1,0.4411764705882353]
[1,111.39705882352942,1,0.22058823529411764]
[5,111.61764705882354,1,0.4411764705882353]
[3,111.61764705882354,1,0.22058823529411764]
[4,111.83823529411765,1,0.4411764705882353]
[8,112.05882352941177,1,0.4411764705882353]
[7,112.5,1,0.4411764705882353]
[6,112.5,1,0.22058823529411764]
[0,112.72058823529412,1,0.661764705882353]
[4,112.94117647058823,1,1.5441176470588234]
[3,113.38235294117648,1,0.22058823529411764]
[1,113.6029411764706,1,0.6617647058823529]
[7,114.26470588235294,1,0.22058823529411764]
[8,114.48529411764706,0,0.22058823529411764]
[3,114.48529411764706,1,0.22058823529411764]
[8,114.59558823529412,0,0.22058823529411764]
[6,114.70588235294117,1,0.22058823529411764]
[0,114.70588235294117,1,0.4411764705882353]
[5,114.9264705882353,1,0.4411764705882353]
[1,115.14705882352942,1,0.4411764705882353]
[4,115.36764705882354,1,0.4411764705882353]
[2,115.58823529411765,1,0.4411764705882353]
[7,116.02941176470588,1,0.22058823529411764]
[6,116.02941176470588,1,0.4411764705882353]
[5,116.25,1,0.661764705882353]
[3,116.47058823529412,1,0.6617647058823529]
[4,116.91176470588236,0,0.22058823529411764]
[6,117.13235294117648,0,0.6617647058823529]
[8,117.13235294117648,0,0.6617647058823529]
[7,117.3529411764706,1,0.6617647058823529]
[3,118.01470588235294,0,0.6617647058823529]
[5,118.01470588235294,0,0.6617647058823529]
[4,118.23529411764706,1,0.8823529411764706]
[0,119.11764705882354,1,0.8823529411764706]
[1,120,0,1.1029411764705883]
[2,120,0,1.1029411764705883]
[4,120.44117647058823,0,1.1029411764705883]
[5,120.44117647058823,0,1.1029411764705883]
[7,120.88235294117648,0,1.1029411764705883]
[6,120.88235294117648,0,1.1029411764705883]
[3,121.1029411764706,0,1.1029411764705883]
[4,121.1029411764706,0,1.1029411764705883]
[1,121.32352941176471,0,1.1029411764705883]
[0,121.32352941176471,0,1.1029411764705883]
[4,121.76470588235294,0,1.1029411764705883]
[5,121.76470588235294,0,1.1029411764705883]
[7,122.20588235294117,0,1.1029411764705883]
[8,122.20588235294117,0,1.1029411764705883]
[4,122.64705882352942,0,1.1029411764705883]
[3,122.64705882352942,0,1.1029411764705883]
[1,122.86764705882354,0,1.1029411764705883]
[0,122.86764705882354,0,1.1029411764705883]
[4,123.08823529411765,0,1.1029411764705883]
[5,123.08823529411765,0,1.1029411764705883]
[7,123.30882352941177,1,0.22058823529411764]