[0,0,0,0.3614457831325301]
[2,0.3614457831325301,0,0.3614457831325301]
[1,0.5421686746987951,0,0.5421686746987951]
[3,0.7228915662650602,0,0.3614457831325301]
[4,0.9036144578313253,0,0.5421686746987951]
[5,1.0843373493975903,0,0.3614457831325301]
[4,1.2650602409638554,0,0.5421686746987951]
[6,1.4457831325301205,0,0.3614457831325301]
[7,1.6265060240963856,0,0.5421686746987951]
[8,1.8072289156626506,0,0.3614457831325301]
[7,1.9879518072289157,0,0.5421686746987951]
[6,2.1686746987951806,0,0.3614457831325301]
[0,2.891566265060241,0,0.3614457831325301]
[1,2.891566265060241,0,0.3614457831325301]
[2,3.253012048192771,0,0.3614457831325301]
[1,3.433734939759036,0,0.5421686746987951]
[3,3.6144578313253013,0,0.3614457831325301]
[4,3.7951807228915664,0,0.5421686746987951]
[5,3.9759036144578315,0,0.3614457831325301]
[4,4.156626506024097,0,0.5421686746987951]
[6,4.337349397590361,0,0.3614457831325301]
[7,4.518072289156627,0,0.5421686746987951]
[8,4.698795180722891,0,0.3614457831325301]
[7,4.879518072289157,0,0.5421686746987951]
[3,5.0602409638554215,1,0.3614457831325301]
[2,5.421686746987952,1,0.3614457831325301]
[1,5.783132530120482,0,0.3614457831325301]
[0,5.783132530120482,0,0.3614457831325301]
[0,6.144578313253012,0,0.3614457831325301]
[1,6.325301204819278,0,0.5421686746987951]
[5,6.506024096385542,0,0.3614457831325301]
[4,6.686746987951808,0,0.5421686746987951]
[3,6.867469879518072,0,0.3614457831325301]
[4,7.048192771084337,0,0.5421686746987951]
[8,7.228915662650603,0,0.3614457831325301]
[7,7.409638554216867,0,0.5421686746987951]
[6,7.590361445783133,0,0.3614457831325301]
[7,7.771084337349397,0,0.5421686746987951]
[8,7.951807228915663,0,0.3614457831325301]
[1,8.674698795180722,0,0.3614457831325301]
[0,8.674698795180722,0,0.3614457831325301]
[2,9.036144578313253,0,0.3614457831325301]
[1,9.216867469879519,0,0.5421686746987951]
[3,9.397590361445783,0,0.3614457831325301]
[4,9.578313253012048,0,0.5421686746987951]
[5,9.759036144578314,0,0.3614457831325301]
[4,9.93975903614458,0,0.5421686746987951]
[6,10.120481927710843,0,0.3614457831325301]
[7,10.301204819277109,0,0.5421686746987951]
[8,10.481927710843374,0,0.3614457831325301]
[7,10.662650602409638,0,0.5421686746987951]
[3,10.843373493975903,1,0.3614457831325301]
[2,11.204819277108435,1,0.3614457831325301]
[1,11.566265060240964,0,0.3614457831325301]
[0,11.566265060240964,0,0.3614457831325301]
[0,11.927710843373495,0,0.3614457831325301]
[1,12.108433734939759,0,0.5421686746987951]
[5,12.289156626506024,0,0.3614457831325301]
[4,12.46987951807229,0,0.5421686746987951]
[3,12.650602409638555,0,0.3614457831325301]
[4,12.831325301204819,0,0.5421686746987951]
[8,13.012048192771084,0,0.3614457831325301]
[7,13.19277108433735,0,0.5421686746987951]
[6,13.373493975903616,0,0.3614457831325301]
[7,13.55421686746988,0,0.5421686746987951]
[8,13.734939759036145,0,0.3614457831325301]
[4,14.096385542168674,1,0.3614457831325301]
[2,14.457831325301205,1,0.7228915662650602]
[3,15.180722891566266,1,0.5421686746987951]
[8,15.72289156626506,0,0.5421686746987951]
[5,16.08433734939759,0,0.5421686746987951]
[4,16.265060240963855,0,0.5421686746987951]
[0,16.626506024096386,0,0.5421686746987951]
[2,16.987951807228917,1,0.3614457831325301]
[3,17.349397590361445,1,0.3614457831325301]
[8,17.710843373493976,0,0.3614457831325301]
[7,17.89156626506024,0,0.5421686746987951]
[6,18.072289156626507,1,0.3614457831325301]
[5,18.433734939759038,0,0.3614457831325301]
[4,18.6144578313253,0,0.5421686746987951]
[0,18.97590361445783,0,0.5421686746987951]
[1,19.156626506024097,0,0.3614457831325301]
[5,19.518072289156628,0,0.3614457831325301]
[4,19.87951807228916,1,0.3614457831325301]
[2,20.240963855421686,1,0.7228915662650602]
[3,20.96385542168675,1,0.5421686746987951]
[8,21.50602409638554,0,0.5421686746987951]
[5,21.867469879518072,0,0.5421686746987951]
[4,22.048192771084338,0,0.5421686746987951]
[0,22.40963855421687,0,0.5421686746987951]
[2,22.771084337349397,1,0.3614457831325301]
[3,23.132530120481928,1,0.3614457831325301]
[8,23.49397590361446,0,0.3614457831325301]
[7,23.674698795180724,0,0.5421686746987951]
[6,23.85542168674699,1,0.3614457831325301]
[5,24.216867469879517,0,0.3614457831325301]
[4,24.397590361445783,0,0.5421686746987951]
[0,24.759036144578314,0,0.5421686746987951]
[1,24.93975903614458,0,0.3614457831325301]
[5,25.30120481927711,0,0.3614457831325301]
[2,26.204819277108435,0,0.5421686746987951]
[1,26.3855421686747,0,0.3614457831325301]
[0,26.566265060240966,0,0.5421686746987951]
[2,26.74698795180723,0,0.3614457831325301]
[1,26.927710843373493,0,0.5421686746987951]
[3,27.10843373493976,0,0.3614457831325301]
[4,27.289156626506024,0,0.5421686746987951]
[5,27.46987951807229,0,0.3614457831325301]
[4,27.650602409638555,0,0.5421686746987951]
[6,27.83132530120482,0,0.3614457831325301]
[7,28.012048192771086,0,0.5421686746987951]
[8,28.19277108433735,0,0.3614457831325301]
[3,28.46385542168675,0,0.3614457831325301]
[2,28.734939759036145,0,0.5421686746987951]
[0,29.096385542168676,0,0.5421686746987951]
[1,29.27710843373494,0,0.3614457831325301]
[2,29.457831325301207,0,0.5421686746987951]
[0,29.63855421686747,0,0.3614457831325301]
[1,29.819277108433734,0,0.5421686746987951]
[5,30,0,0.3614457831325301]
[4,30.180722891566266,0,0.5421686746987951]
[3,30.36144578313253,0,0.3614457831325301]
[4,30.542168674698797,0,0.5421686746987951]
[8,30.722891566265062,0,0.3614457831325301]
[7,30.903614457831328,0,0.5421686746987951]
[1,31.08433734939759,0,0.3614457831325301]
[0,31.08433734939759,0,0.3614457831325301]
[4,31.35542168674699,0,0.3614457831325301]
[3,31.35542168674699,0,0.3614457831325301]
[6,31.626506024096386,0,0.5421686746987951]
[7,31.626506024096386,0,0.5421686746987951]
[5,31.987951807228917,0,0.5421686746987951]
[4,32.16867469879518,0,0.3614457831325301]
[3,32.34939759036145,0,0.5421686746987951]
[2,32.53012048192771,0,0.3614457831325301]
[1,32.71084337349398,0,0.5421686746987951]
[2,32.89156626506024,0,0.3614457831325301]
[1,33.0722891566265,0,0.5421686746987951]
[3,33.25301204819277,0,0.3614457831325301]
[4,33.433734939759034,0,0.5421686746987951]
[3,33.6144578313253,0,0.3614457831325301]
[4,33.795180722891565,0,0.5421686746987951]
[8,33.975903614457835,0,0.3614457831325301]
[3,34.24698795180723,0,0.3614457831325301]
[2,34.51807228915663,0,0.5421686746987951]
[3,34.87951807228916,0,0.5421686746987951]
[4,35.06024096385542,0,0.3614457831325301]
[5,35.24096385542169,0,0.5421686746987951]
[6,35.42168674698795,0,0.3614457831325301]
[7,35.60240963855422,0,0.5421686746987951]
[6,35.78313253012048,0,0.3614457831325301]
[7,35.963855421686745,0,0.5421686746987951]
[5,36.144578313253014,0,0.3614457831325301]
[4,36.144578313253014,0,0.3614457831325301]
[2,36.506024096385545,0,0.3614457831325301]
[0,36.506024096385545,0,0.3614457831325301]
[2,36.867469879518076,0,0.3614457831325301]
[1,36.867469879518076,0,0.3614457831325301]
[3,37.2289156626506,0,0.3614457831325301]
[5,37.2289156626506,0,0.3614457831325301]
[7,37.59036144578313,0,0.3614457831325301]
[6,37.59036144578313,0,0.3614457831325301]
[3,39.036144578313255,0,0.3614457831325301]
[4,39.036144578313255,0,0.3614457831325301]
[4,39.397590361445786,0,0.3614457831325301]
[3,39.397590361445786,0,0.3614457831325301]
[4,39.75903614457832,0,0.3614457831325301]
[3,39.75903614457832,0,0.3614457831325301]
[5,40.48192771084337,0,0.3614457831325301]
[2,40.8433734939759,0,0.3614457831325301]
[1,41.02409638554217,0,0.5421686746987951]
[3,41.204819277108435,0,0.3614457831325301]
[4,41.3855421686747,0,0.5421686746987951]
[2,41.566265060240966,0,0.3614457831325301]
[1,41.74698795180723,0,0.5421686746987951]
[3,41.9277108433735,0,0.3614457831325301]
[4,42.10843373493976,0,0.5421686746987951]
[2,42.28915662650603,0,0.3614457831325301]
[1,42.46987951807229,0,0.5421686746987951]
[0,42.65060240963855,0,0.3614457831325301]
[5,42.92168674698795,0,0.3614457831325301]
[6,43.19277108433735,0,0.5421686746987951]
[3,43.734939759036145,0,0.3614457831325301]
[4,43.915662650602414,0,0.5421686746987951]
[8,44.096385542168676,0,0.3614457831325301]
[7,44.27710843373494,0,0.5421686746987951]
[3,44.45783132530121,0,0.3614457831325301]
[4,44.63855421686747,0,0.5421686746987951]
[8,44.81927710843374,0,0.3614457831325301]
[7,45,0,0.5421686746987951]
[3,45.18072289156627,0,0.3614457831325301]
[4,45.36144578313253,0,0.5421686746987951]
[2,45.54216867469879,0,0.3614457831325301]
[1,45.54216867469879,0,0.3614457831325301]
[0,45.72289156626506,0,0.5421686746987951]
[1,45.903614457831324,0,0.3614457831325301]
[2,45.903614457831324,0,0.3614457831325301]
[0,46.08433734939759,0,0.5421686746987951]
[2,46.626506024096386,0,0.3614457831325301]
[1,46.80722891566265,0,0.5421686746987951]
[3,46.98795180722892,0,0.3614457831325301]
[4,47.16867469879518,0,0.5421686746987951]
[2,47.34939759036145,0,0.3614457831325301]
[1,47.53012048192771,0,0.5421686746987951]
[3,47.71084337349398,0,0.3614457831325301]
[4,47.89156626506024,0,0.5421686746987951]
[2,48.07228915662651,0,0.3614457831325301]
[1,48.25301204819277,0,0.5421686746987951]
[0,48.433734939759034,0,0.3614457831325301]
[5,48.704819277108435,0,0.3614457831325301]
[6,48.975903614457835,0,0.5421686746987951]
[3,49.51807228915663,0,0.3614457831325301]
[4,49.69879518072289,0,0.5421686746987951]
[8,49.87951807228916,0,0.3614457831325301]
[7,50.06024096385542,0,0.5421686746987951]
[3,50.24096385542169,0,0.3614457831325301]
[4,50.42168674698795,0,0.5421686746987951]
[2,50.60240963855422,0,0.3614457831325301]
[1,50.60240963855422,0,0.3614457831325301]
[5,50.963855421686745,0,0.3614457831325301]
[3,50.963855421686745,0,0.3614457831325301]
[6,51.325301204819276,0,0.3614457831325301]
[8,51.325301204819276,0,0.3614457831325301]
[7,51.68674698795181,0,0.3614457831325301]
[8,51.68674698795181,0,0.3614457831325301]
[4,52.04819277108434,0,0.3614457831325301]
[6,52.04819277108434,0,0.3614457831325301]
[1,52.40963855421687,0,0.3614457831325301]
[3,52.40963855421687,0,0.3614457831325301]
[1,52.7710843373494,0,0.3614457831325301]
[5,52.7710843373494,0,0.3614457831325301]
[8,53.13253012048193,0,0.3614457831325301]
[4,53.13253012048193,0,0.3614457831325301]
[5,53.674698795180724,1,0.3614457831325301]
[4,53.674698795180724,1,0.3614457831325301]
[6,54.036144578313255,0,0.3614457831325301]
[7,54.21686746987952,0,0.3614457831325301]
[8,54.21686746987952,0,0.3614457831325301]
[3,54.397590361445786,0,0.3614457831325301]
[4,54.57831325301205,0,0.3614457831325301]
[5,54.57831325301205,0,0.3614457831325301]
[0,54.75903614457832,0,0.3614457831325301]
[2,54.93975903614458,0,0.3614457831325301]
[1,54.93975903614458,0,0.3614457831325301]
[0,55.48192771084337,0,0.3614457831325301]
[0,55.8433734939759,0,0.3614457831325301]
[0,56.204819277108435,0,0.3614457831325301]
[2,56.566265060240966,0,0.3614457831325301]
[1,56.74698795180723,0,0.3614457831325301]
[3,56.9277108433735,0,0.3614457831325301]
[4,57.10843373493976,0,0.3614457831325301]
[6,57.28915662650603,0,0.3614457831325301]
[7,57.46987951807229,0,0.3614457831325301]
[3,57.83132530120482,0,0.3614457831325301]
[1,57.83132530120482,0,0.3614457831325301]
[4,58.19277108433735,0,0.3614457831325301]
[6,58.19277108433735,0,0.3614457831325301]
[8,58.55421686746988,0,0.3614457831325301]
[4,58.55421686746988,0,0.3614457831325301]
[5,58.915662650602414,0,0.3614457831325301]
[1,58.915662650602414,0,0.3614457831325301]
[4,59.45783132530121,1,0.3614457831325301]
[3,59.45783132530121,1,0.3614457831325301]
[8,59.81927710843374,0,0.3614457831325301]
[7,60,0,0.3614457831325301]
[6,60,0,0.3614457831325301]
[5,60.18072289156627,0,0.3614457831325301]
[3,60.36144578313253,0,0.3614457831325301]
[4,60.36144578313253,0,0.3614457831325301]
[2,60.54216867469879,0,0.3614457831325301]
[0,60.72289156626506,0,0.3614457831325301]
[1,60.72289156626506,0,0.3614457831325301]
[2,61.265060240963855,0,0.3614457831325301]
[2,61.626506024096386,0,0.3614457831325301]
[2,61.98795180722892,0,0.3614457831325301]
[3,62.89156626506024,1,0.3614457831325301]
[4,63.25301204819277,1,0.3614457831325301]
[5,63.6144578313253,0,0.3614457831325301]
[6,65.78313253012048,0,0.3614457831325301]
[7,65.78313253012048,0,0.3614457831325301]
[4,66.144578313253,0,0.3614457831325301]
[3,66.144578313253,0,0.3614457831325301]
[1,66.50602409638554,0,0.3614457831325301]
[0,66.50602409638554,0,0.3614457831325301]
[2,66.86746987951807,0,0.3614457831325301]
[1,67.04819277108435,0,0.3614457831325301]
[0,67.2289156626506,0,0.3614457831325301]
[2,67.40963855421687,0,0.3614457831325301]
[1,67.59036144578313,0,0.3614457831325301]
[3,67.7710843373494,0,0.3614457831325301]
[4,67.95180722891567,0,0.3614457831325301]
[5,68.13253012048193,0,0.3614457831325301]
[4,68.3132530120482,0,0.3614457831325301]
[6,68.49397590361446,0,0.3614457831325301]
[7,68.67469879518073,1,0.3614457831325301]
[5,69.03614457831326,1,0.3614457831325301]
[1,69.39759036144578,0,0.3614457831325301]
[0,69.39759036144578,0,0.3614457831325301]
[0,69.75903614457832,0,0.3614457831325301]
[1,69.93975903614458,0,0.3614457831325301]
[2,70.12048192771084,0,0.3614457831325301]
[0,70.3012048192771,0,0.3614457831325301]
[1,70.48192771084338,0,0.3614457831325301]
[5,70.66265060240964,0,0.3614457831325301]
[4,70.8433734939759,0,0.3614457831325301]
[3,71.02409638554217,0,0.3614457831325301]
[4,71.20481927710844,0,0.3614457831325301]
[8,71.3855421686747,0,0.3614457831325301]
[7,71.56626506024097,1,0.3614457831325301]
[1,72.28915662650603,0,0.3614457831325301]
[0,72.28915662650603,0,0.3614457831325301]
[2,72.65060240963855,0,0.3614457831325301]
[1,72.83132530120483,0,0.3614457831325301]
[0,73.01204819277109,0,0.3614457831325301]
[2,73.19277108433735,0,0.3614457831325301]
[1,73.37349397590361,0,0.3614457831325301]
[3,73.55421686746988,0,0.3614457831325301]
[4,73.73493975903615,0,0.3614457831325301]
[5,73.91566265060241,0,0.3614457831325301]
[4,74.09638554216868,0,0.3614457831325301]
[6,74.27710843373494,0,0.3614457831325301]
[7,74.4578313253012,1,0.3614457831325301]
[5,74.81927710843374,1,0.3614457831325301]
[1,75.18072289156626,0,0.3614457831325301]
[0,75.18072289156626,0,0.3614457831325301]
[0,75.5421686746988,0,0.3614457831325301]
[1,75.72289156626506,0,0.3614457831325301]
[2,75.90361445783132,0,0.3614457831325301]
[0,76.08433734939759,0,0.3614457831325301]
[1,76.26506024096386,0,0.3614457831325301]
[5,76.44578313253012,0,0.3614457831325301]
[4,76.62650602409639,0,0.3614457831325301]
[3,76.80722891566265,0,0.3614457831325301]
[4,76.98795180722892,0,0.3614457831325301]
[8,77.16867469879519,0,0.3614457831325301]
[7,77.34939759036145,1,0.3614457831325301]
[6,78.07228915662651,0,0.3614457831325301]
[7,78.25301204819277,0,0.3614457831325301]
[8,78.43373493975903,0,0.3614457831325301]
[6,78.6144578313253,0,0.3614457831325301]
[4,78.79518072289157,0,0.3614457831325301]
[5,78.97590361445783,0,0.3614457831325301]
[3,79.1566265060241,0,0.3614457831325301]
[2,79.51807228915663,0,0.3614457831325301]
[1,79.60843373493977,0,0.3614457831325301]
[5,79.78915662650603,0,0.3614457831325301]
[4,79.87951807228916,0,0.3614457831325301]
[8,80.06024096385542,0,0.3614457831325301]
[6,80.24096385542168,0,0.3614457831325301]
[5,80.42168674698796,0,0.3614457831325301]
[3,80.60240963855422,0,0.3614457831325301]
[2,80.78313253012048,0,0.3614457831325301]
[0,80.96385542168674,0,0.3614457831325301]
[5,81.144578313253,0,0.3614457831325301]
[3,81.32530120481928,0,0.3614457831325301]
[8,81.50602409638554,0,0.3614457831325301]
[6,81.6867469879518,0,0.3614457831325301]
[5,81.86746987951807,0,0.3614457831325301]
[3,82.04819277108435,0,0.3614457831325301]
[2,82.40963855421687,0,0.3614457831325301]
[1,82.5,0,0.3614457831325301]
[5,82.68072289156626,0,0.3614457831325301]
[4,82.7710843373494,0,0.3614457831325301]
[8,82.95180722891567,0,0.3614457831325301]
[6,83.13253012048193,0,0.3614457831325301]
[4,83.3132530120482,0,0.3614457831325301]
[5,83.49397590361446,0,0.3614457831325301]
[6,83.855421686747,0,0.3614457831325301]
[7,84.03614457831326,0,0.3614457831325301]
[8,84.21686746987952,0,0.3614457831325301]
[6,84.39759036144578,0,0.3614457831325301]
[4,84.57831325301206,0,0.3614457831325301]
[5,84.75903614457832,0,0.3614457831325301]
[3,84.93975903614458,0,0.3614457831325301]
[2,85.3012048192771,0,0.3614457831325301]
[1,85.39156626506025,0,0.3614457831325301]
[5,85.57228915662651,0,0.3614457831325301]
[4,85.66265060240964,0,0]
[8,85.8433734939759,0,0.3614457831325301]
[6,86.02409638554217,0,0.3614457831325301]
[5,86.20481927710844,0,0.3614457831325301]
[3,86.3855421686747,0,0.3614457831325301]
[2,86.56626506024097,0,0.3614457831325301]
[0,86.74698795180723,0,0.3614457831325301]
[0,86.92771084337349,0,0.3614457831325301]
[0,87.10843373493977,0,0.3614457831325301]
[5,87.28915662650603,0,0.3614457831325301]
[3,87.46987951807229,0,0.3614457831325301]
[3,87.65060240963855,0,0.3614457831325301]
[3,87.83132530120483,0,0.3614457831325301]
[5,88.19277108433735,0,0.3614457831325301]
[4,88.28313253012048,0,0.3614457831325301]
[8,88.46385542168674,0,0.3614457831325301]
[7,88.55421686746988,0,0.3614457831325301]
[3,88.73493975903615,0,0.3614457831325301]
[0,88.91566265060241,0,0.3614457831325301]
[5,89.09638554216868,0,0.3614457831325301]
[6,89.27710843373494,0,0.3614457831325301]
[8,89.4578313253012,0,0.3614457831325301]
[6,89.63855421686748,0,0.3614457831325301]
[7,89.63855421686748,0,0.3614457831325301]
[2,90,0,0.3614457831325301]
[1,90.18072289156626,0,0.3614457831325301]
[3,90.36144578313254,0,0.3614457831325301]
[4,90.5421686746988,0,0.3614457831325301]
[2,90.72289156626506,0,0.3614457831325301]
[1,90.90361445783132,0,0.3614457831325301]
[3,91.08433734939759,0,0.3614457831325301]
[4,91.26506024096386,0,0.3614457831325301]
[2,91.44578313253012,0,0.3614457831325301]
[1,91.62650602409639,0,0.3614457831325301]
[0,91.80722891566265,0,0.3614457831325301]
[5,92.07831325301206,0,0.3614457831325301]
[6,92.34939759036145,0,0.3614457831325301]
[3,92.89156626506025,0,0.3614457831325301]
[4,93.07228915662651,0,0.3614457831325301]
[8,93.25301204819277,0,0.3614457831325301]
[7,93.43373493975903,0,0.3614457831325301]
[3,93.6144578313253,0,0.3614457831325301]
[4,93.79518072289157,0,0.3614457831325301]
[8,93.97590361445783,0,0.3614457831325301]
[7,94.1566265060241,0,0.3614457831325301]
[3,94.33734939759036,0,0.3614457831325301]
[4,94.51807228915663,0,0.3614457831325301]
[1,94.6987951807229,0,0.3614457831325301]
[2,94.6987951807229,0,0.3614457831325301]
[0,94.87951807228916,0,0.3614457831325301]
[1,95.06024096385542,0,0.3614457831325301]
[2,95.06024096385542,0,0.3614457831325301]
[0,95.24096385542168,0,0.3614457831325301]
[2,95.78313253012048,0,0.3614457831325301]
[1,95.96385542168674,0,0.3614457831325301]
[3,96.14457831325302,0,0.3614457831325301]
[4,96.32530120481928,0,0.3614457831325301]
[2,96.50602409638554,0,0.3614457831325301]
[1,96.6867469879518,0,0.3614457831325301]
[3,96.86746987951807,0,0.3614457831325301]
[4,97.04819277108435,0,0.3614457831325301]
[2,97.2289156626506,0,0.3614457831325301]
[1,97.40963855421687,0,0.3614457831325301]
[0,97.59036144578313,0,0.3614457831325301]
[5,97.86144578313254,0,0.3614457831325301]
[6,98.13253012048193,0,0.3614457831325301]
[3,98.67469879518073,0,0.3614457831325301]
[4,98.855421686747,0,0.3614457831325301]
[8,99.03614457831326,0,0.3614457831325301]
[7,99.21686746987952,0,0.3614457831325301]
[3,99.39759036144578,0,0.3614457831325301]
[4,99.57831325301206,0,0.3614457831325301]
[1,99.75903614457832,0,0.3614457831325301]
[2,99.75903614457832,0,0.3614457831325301]
[5,100.12048192771084,0,0.3614457831325301]
[3,100.12048192771084,0,0.3614457831325301]
[6,100.48192771084338,0,0.3614457831325301]
[8,100.48192771084338,0,0.3614457831325301]
[7,100.8433734939759,0,0.3614457831325301]
[8,100.8433734939759,0,0.3614457831325301]
[4,101.20481927710844,0,0.3614457831325301]
[6,101.20481927710844,0,0.3614457831325301]
[3,101.56626506024097,0,0.3614457831325301]
[1,101.56626506024097,0,0.3614457831325301]
[5,101.92771084337349,0,0.3614457831325301]
[1,101.92771084337349,0,0.3614457831325301]
[4,102.28915662650603,0,0.3614457831325301]
[8,102.28915662650603,0,0.3614457831325301]
[5,102.83132530120483,1,0.3614457831325301]
[4,102.83132530120483,1,0.3614457831325301]
[6,103.19277108433735,0,0.3614457831325301]
[8,103.37349397590361,0,0.3614457831325301]
[7,103.37349397590361,0,0.3614457831325301]
[3,103.55421686746988,0,0.3614457831325301]
[4,103.73493975903615,0,0.3614457831325301]
[5,103.73493975903615,0,0.3614457831325301]
[0,103.91566265060241,0,0.3614457831325301]
[1,104.09638554216868,0,0.3614457831325301]
[2,104.09638554216868,0,0.3614457831325301]
[0,104.63855421686748,0,0.3614457831325301]
[0,105,0,0.3614457831325301]
[0,105.36144578313254,0,0.3614457831325301]
[2,105.72289156626506,0,0.3614457831325301]
[1,105.90361445783132,0,0.3614457831325301]
[3,106.08433734939759,0,0.3614457831325301]
[4,106.26506024096386,0,0.3614457831325301]
[6,106.44578313253012,0,0.3614457831325301]
[7,106.62650602409639,0,0.3614457831325301]
[3,106.98795180722892,0,0.3614457831325301]
[1,106.98795180722892,0,0.3614457831325301]
[4,107.34939759036145,0,0.3614457831325301]
[6,107.34939759036145,0,0.3614457831325301]
[8,107.71084337349397,0,0.3614457831325301]
[4,107.71084337349397,0,0.3614457831325301]
[1,108.07228915662651,0,0.3614457831325301]
[5,108.07228915662651,0,0.3614457831325301]
[3,108.61445783132531,1,0.3614457831325301]
[4,108.61445783132531,1,0.3614457831325301]
[8,108.97590361445783,0,0.3614457831325301]
[7,109.1566265060241,0,0.3614457831325301]
[6,109.1566265060241,0,0.3614457831325301]
[5,109.33734939759036,0,0.3614457831325301]
[4,109.51807228915663,0,0.3614457831325301]
[3,109.51807228915663,0,0.3614457831325301]
[2,109.6987951807229,0,0.3614457831325301]
[0,109.87951807228916,0,0.3614457831325301]
[1,109.87951807228916,0,0.3614457831325301]
[2,110.42168674698796,0,0.3614457831325301]
[2,110.78313253012048,0,0.3614457831325301]
[2,111.14457831325302,0,0.3614457831325301]
[3,112.04819277108435,1,0.3614457831325301]
[4,112.40963855421687,1,0.3614457831325301]
[5,112.7710843373494,0,0.3614457831325301]
[8,114.93975903614458,0,0.3614457831325301]
[7,114.93975903614458,0,0.3614457831325301]
[6,114.93975903614458,0,0.3614457831325301]
[5,115.30120481927712,0,0.3614457831325301]
[4,115.30120481927712,0,0.3614457831325301]
[3,115.30120481927712,0,0.3614457831325301]
[0,115.66265060240964,0,0.3614457831325301]
[1,115.66265060240964,0,0.3614457831325301]
[2,115.66265060240964,0,0.3614457831325301]
[2,116.02409638554217,0,0.3614457831325301]
[1,116.20481927710844,0,0.3614457831325301]
[0,116.3855421686747,0,0.3614457831325301]
[2,116.56626506024097,0,0.3614457831325301]
[1,116.74698795180723,0,0.3614457831325301]
[3,116.92771084337349,0,0.3614457831325301]
[4,117.10843373493977,0,0.3614457831325301]
[5,117.28915662650603,0,0.3614457831325301]
[4,117.46987951807229,0,0.3614457831325301]
[6,117.65060240963855,0,0.3614457831325301]
[7,117.83132530120483,1,0.3614457831325301]
[5,118.19277108433735,1,0.3614457831325301]
[1,118.55421686746988,0,0.3614457831325301]
[0,118.55421686746988,0,0.3614457831325301]
[0,118.91566265060241,0,0.3614457831325301]
[1,119.09638554216868,0,0.3614457831325301]
[2,119.27710843373494,0,0.3614457831325301]
[0,119.45783132530121,0,0.3614457831325301]
[1,119.63855421686748,0,0.3614457831325301]
[5,119.81927710843374,0,0.3614457831325301]
[4,120,0,0.3614457831325301]
[3,120.18072289156626,0,0.3614457831325301]
[4,120.36144578313254,0,0.3614457831325301]
[8,120.5421686746988,0,0.3614457831325301]
[6,120.72289156626506,0,0.3614457831325301]
[7,120.72289156626506,0,0.3614457831325301]
[3,121.08433734939759,0,0.3614457831325301]
[4,121.08433734939759,0,0.3614457831325301]
[1,121.44578313253012,0,0.3614457831325301]
[0,121.44578313253012,0,0.3614457831325301]
[2,121.80722891566265,0,0.3614457831325301]
[1,121.98795180722892,0,0.3614457831325301]
[0,122.16867469879519,0,0.3614457831325301]
[2,122.34939759036145,0,0.3614457831325301]
[1,122.53012048192771,0,0.3614457831325301]
[3,122.71084337349397,0,0.3614457831325301]
[4,122.89156626506025,0,0.3614457831325301]
[5,123.07228915662651,0,0.3614457831325301]
[4,123.25301204819277,0,0.3614457831325301]
[6,123.43373493975903,0,0.3614457831325301]
[7,123.61445783132531,1,0.3614457831325301]
[5,123.97590361445783,1,0.3614457831325301]
[1,124.33734939759036,0,0.3614457831325301]
[0,124.33734939759036,0,0.3614457831325301]
[0,124.6987951807229,0,0.3614457831325301]
[1,124.87951807228916,0,0.3614457831325301]
[2,125.06024096385542,0,0.3614457831325301]
[0,125.24096385542168,0,0.3614457831325301]
[1,125.42168674698796,0,0.3614457831325301]
[5,125.60240963855422,0,0.3614457831325301]
[4,125.78313253012048,0,0.3614457831325301]
[3,125.96385542168674,0,0.3614457831325301]
[4,126.14457831325302,0,0.3614457831325301]
[8,126.32530120481928,0,0.3614457831325301]
[7,126.50602409638554,0,0.3614457831325301]
[6,126.6867469879518,0,0.3614457831325301]
[7,126.86746987951807,0,0.3614457831325301]
[8,127.04819277108435,0,0.3614457831325301]
[7,127.2289156626506,1,0.5421686746987951]
[6,127.77108433734941,0,0.3614457831325301]
[6,128.13253012048193,0,0.3614457831325301]
[6,128.49397590361446,0,0.3614457831325301]
[7,128.67469879518072,1,0.5421686746987951]
[8,129.21686746987953,0,0.3614457831325301]
[8,129.57831325301206,0,0.3614457831325301]
[8,129.93975903614458,0,0.3614457831325301]
[4,130.12048192771084,1,0.5421686746987951]
[3,130.66265060240963,0,0.3614457831325301]
[3,131.02409638554218,0,0.3614457831325301]
[3,131.3855421686747,0,0.3614457831325301]
[4,131.56626506024097,1,0.5421686746987951]
[5,132.10843373493975,0,0.3614457831325301]
[5,132.4698795180723,0,0.3614457831325301]
[5,132.83132530120483,0,0.3614457831325301]