[4,0,0,0.3]
[5,0,0,0.3]
[3,0.3,0,0.3]
[2,0.44999999999999996,0,0.3]
[1,0.6,0,0.3]
[6,0.75,0,0.3]
[4,0.8999999999999999,0,0.3]
[5,1.05,0,0.3]
[3,1.2,0,0.3]
[7,1.3499999999999999,0,0.3]
[8,1.3499999999999999,0,0.3]
[7,1.65,0,0.3]
[8,1.65,0,0.3]
[4,1.95,0,0.3]
[5,2.1,0,0.3]
[0,2.25,0,0.3]
[2,2.4,0,0.3]
[1,2.55,0,0.3]
[3,2.6999999999999997,0,0.3]
[5,2.85,0,0.3]
[4,3,0,0.3]
[0,3.15,0,0.3]
[1,3.3,0,0.3]
[2,3.4499999999999997,0,0.3]
[3,3.5999999999999996,0,0.3]
[4,3.75,0,0.3]
[5,3.75,0,0.3]
[4,4.05,0,0.3]
[5,4.05,0,0.3]
[6,4.35,0,0.3]
[8,4.5,0,0.3]
[7,4.6499999999999995,0,0.3]
[3,4.8,0,0.3]
[5,4.95,0,0.3]
[4,5.1,0,0.3]
[0,5.25,0,0.3]
[1,5.3999999999999995,0,0.3]
[2,5.55,0,0.3]
[3,5.7,0,0.3]
[4,5.85,0,0.3]
[5,6,0,0.3]
[7,6.1499999999999995,0,0.3]
[6,6.1499999999999995,0,0.3]
[6,6.449999999999999,0,0.3]
[7,6.449999999999999,0,0.3]
[8,6.75,0,0.3]
[3,6.8999999999999995,0,0.3]
[4,7.05,0,0.3]
[5,7.199999999999999,0,0.3]
[0,7.35,0,0.3]
[2,7.5,0,0.3]
[3,7.6499999999999995,0,1.05]
[4,7.725,0,1.05]
[5,7.8,0,1.05]
[0,7.949999999999999,0,0.3]
[8,8.1,0,1.05]
[7,8.174999999999999,0,1.05]
[6,8.25,0,1.05]
[4,8.4,0,0.3]
[5,8.4,0,0.3]
[3,8.549999999999999,0,0.3]
[1,8.7,0,0.3]
[2,8.7,0,0.3]
[0,8.85,0,0.3]
[4,9,0,0.3]
[5,9.15,0,0.3]
[3,9.299999999999999,0,0.3]
[7,9.45,0,0.3]
[8,9.6,1,0.3]
[6,9.9,0,0.3]
[5,10.049999999999999,0,0.3]
[4,10.2,0,0.3]
[3,10.35,0,0.3]
[1,10.5,0,0.3]
[2,10.5,0,0.3]
[0,10.799999999999999,0,0.3]
[4,10.95,0,0.3]
[5,11.1,0,0.3]
[3,11.25,0,0.3]
[8,11.4,0,0.3]
[7,11.549999999999999,0,0.3]
[6,11.7,0,0.3]
[4,11.85,0,0.3]
[5,12,0,0.3]
[3,12.149999999999999,0,0.3]
[1,12.299999999999999,0,0.3]
[2,12.299999999999999,0,0.3]
[1,12.6,0,0.3]
[2,12.6,0,0.3]
[0,12.75,0,0.3]
[4,12.899999999999999,0,0.3]
[5,12.899999999999999,0,0.3]
[8,13.2,0,0.3]
[7,13.35,0,0.3]
[6,13.35,0,0.3]
[3,13.649999999999999,0,0.3]
[4,13.649999999999999,0,0.3]
[1,13.95,0,0.3]
[2,13.95,0,0.3]
[0,14.1,1,0.6]
[5,14.7,0,0.3]
[4,14.85,0,0.3]
[3,15,0,0.3]
[8,15.149999999999999,0,0.3]
[7,15.299999999999999,0,0.3]
[6,15.299999999999999,0,0.3]
[5,15.6,0,0.3]
[0,15.75,0,0.3]
[2,15.899999999999999,0,0.3]
[1,16.05,0,0.3]
[3,16.2,0,0.3]
[5,16.349999999999998,0,0.3]
[4,16.5,0,0.3]
[6,16.65,0,0.3]
[5,16.95,0,0.3]
[3,17.099999999999998,0,0.3]
[4,17.099999999999998,0,0.3]
[1,17.4,0,0.3]
[2,17.4,0,0.3]
[0,17.55,0,0.3]
[4,17.7,0,0.3]
[5,17.7,0,0.3]
[3,18,0,0.3]
[7,18.15,0,0.3]
[8,18.15,0,0.3]
[4,18.45,0,0.3]
[5,18.45,0,0.3]
[0,18.75,0,0.3]
[1,18.9,0,0.3]
[2,18.9,0,0.3]
[6,19.2,0,0.3]
[5,19.349999999999998,0,0.3]
[3,19.5,1,0.3]
[1,19.8,0,0.3]
[2,19.95,0,0.3]
[0,20.099999999999998,1,0.3]
[5,20.4,0,0.3]
[4,20.55,0,0.3]
[6,20.7,1,0.8999999999999999]
[4,21.599999999999998,0,0.8999999999999999]
[5,21.75,0,0.8999999999999999]
[3,21.9,1,0.3]
[2,22.2,0,0.3]
[1,22.349999999999998,0,0.3]
[0,22.5,1,0.3]
[4,22.8,1,0.3]
[3,23.099999999999998,0,0.3]
[8,23.25,0,1.05]
[7,23.325,0,1.05]
[6,23.4,0,1.05]
[5,23.55,0,0.3]
[0,23.7,0,1.05]
[1,23.775,0,1.05]
[2,23.849999999999998,0,1.05]
[3,24,0,0.3]
[5,24.15,0,0.3]
[4,24.299999999999997,0,0.3]
[6,24.45,0,0.3]
[7,24.599999999999998,0,0.3]
[8,24.75,0,0.3]
[4,24.9,0,0.3]
[3,24.9,0,0.3]
[0,25.2,0,0.3]
[1,25.349999999999998,0,0.6]
[2,25.5,0,0.6]
[3,25.65,0,0.3]
[5,25.799999999999997,0,0.6]
[4,25.95,0,0.6]
[6,26.099999999999998,0,0.3]
[8,26.25,0,0.6]
[7,26.4,0,0.6]
[3,26.549999999999997,0,0.3]
[4,26.7,0,0.3]
[5,26.7,0,0.3]
[0,27,0,0.3]
[1,27,0,0.3]
[5,27.15,0,0.3]
[3,27.299999999999997,0,0.3]
[4,27.299999999999997,0,0.3]
[2,27.599999999999998,0,0.3]
[0,27.75,0,0.3]
[1,27.75,0,0.3]
[7,28.049999999999997,0,0.3]
[8,28.049999999999997,0,0.3]
[6,28.349999999999998,0,0.3]
[4,28.5,0,0.3]
[5,28.65,0,0.3]
[0,28.799999999999997,0,0.3]
[1,28.95,0,0.3]
[2,29.099999999999998,0,0.3]
[3,29.25,0,0.3]
[5,29.549999999999997,0,0.3]
[6,29.7,0,0.3]
[7,29.849999999999998,0,0.3]
[8,30,0,0.3]
[3,30.15,0,0.3]
[5,30.299999999999997,0,0.3]
[4,30.45,0,0.3]
[0,30.599999999999998,0,0.3]
[1,30.75,0,0.3]
[2,30.75,0,0.3]
[3,31.049999999999997,0,0.3]
[4,31.2,0,0.3]
[5,31.349999999999998,0,0.3]
[6,31.5,0,0.3]
[7,31.5,0,0.3]
[1,31.799999999999997,0,0.3]
[2,31.799999999999997,0,0.3]
[3,31.95,0,0.3]
[4,32.1,0,0.3]
[5,32.1,0,0.3]
[6,32.4,0,0.3]
[8,32.55,0,0.3]
[7,32.55,0,0.3]
[4,32.85,0,0.3]
[5,32.85,0,0.3]
[0,33.15,0,0.3]
[2,33.3,0,0.3]
[1,33.449999999999996,0,0.3]
[3,33.6,0,0.3]
[5,33.75,0,0.8999999999999999]
[4,33.9,1,0.3]
[0,34.199999999999996,0,0.8999999999999999]
[1,34.35,0,0.8999999999999999]
[2,34.5,1,0.3]
[3,34.8,0,0.8999999999999999]
[4,34.949999999999996,0,0.8999999999999999]
[5,35.1,1,0.8999999999999999]
[1,36,0,0.8999999999999999]
[2,36.15,0,0.8999999999999999]
[0,36.3,1,0.3]
[5,36.6,0,0.3]
[4,36.75,0,0.3]
[3,36.9,1,0.3]
[8,37.199999999999996,0,0.3]
[7,37.35,0,1.2]
[6,37.5,0,1.2]
[5,37.65,0,0.6]
[4,37.725,0,0.6]
[3,37.8,0,0.6]
[2,37.949999999999996,0,1.2]
[6,38.1,0,0.6]
[7,38.175,0,0.6]
[8,38.25,0,0.6]
[3,38.4,0,1.2]
[5,38.55,0,0.3]
[6,38.699999999999996,1,1.2]
[4,39.9,1,1.2]
[0,41.1,1,1.2]
[1,42.3,0,0.3]
[2,42.3,0,0.3]
[4,42.449999999999996,0,0.3]
[5,42.449999999999996,0,0.3]
[7,42.75,1,0.75]
[8,42.75,1,0.75]
[3,43.5,0,0.3]
[6,43.5,0,0.3]
[2,43.8,0,0.75]
[1,43.949999999999996,0,0.75]
[3,44.1,0,0.75]
[4,44.25,0,0.75]
[5,44.4,0,0.75]
[1,44.699999999999996,0,0.75]
[0,44.699999999999996,0,0.75]
[2,45,0,0.75]
[6,45.15,0,0.75]
[7,45.3,0,0.75]
[8,45.449999999999996,0,0.75]
[3,45.6,0,0.75]
[4,45.9,0,0.75]
[5,45.9,0,0.75]
[0,46.05,0,0.75]
[2,46.199999999999996,0,0.75]
[1,46.35,0,0.75]
[3,46.5,0,0.75]
[4,46.65,0,0.75]
[5,46.8,0,0.75]
[6,46.949999999999996,0,0.75]
[7,47.1,0,0.75]
[8,47.25,0,0.75]
[3,47.4,0,0.75]
[5,47.55,0,0.75]
[4,47.699999999999996,0,0.75]
[0,47.85,0,0.75]
[2,48,1,0.3]
[3,48.3,0,0.3]
[4,48.449999999999996,0,0.3]
[5,48.599999999999994,0,0.3]
[6,48.75,0,0.3]
[8,48.9,0,0.3]
[7,49.05,0,0.3]
[3,49.199999999999996,0,0.3]
[5,49.349999999999994,0,0.3]
[4,49.5,0,0.3]
[6,49.65,0,0.6]
[1,49.8,0,0.3]
[2,49.949999999999996,0,0.3]
[3,50.099999999999994,0,0.3]
[5,50.25,0,1.2]
[4,50.4,0,1.2]
[0,50.55,0,0.6]
[8,50.699999999999996,0,1.2]
[7,50.849999999999994,0,0.6]
[6,51,0,0.6]
[4,51.15,0,0.6]
[5,51.3,0,0.6]
[3,51.449999999999996,0,0.6]
[2,51.599999999999994,0,0.6]
[0,51.75,1,0.3]
[1,52.05,0,0.3]
[2,52.05,0,0.3]
[4,52.199999999999996,0,0.3]
[3,52.199999999999996,0,0.3]
[7,52.349999999999994,0,0.6]
[8,52.349999999999994,0,0.6]
[6,52.5,1,0.6]
[1,53.099999999999994,0,0.6]
[2,53.25,0,0.6]
[3,53.4,0,0.6]
[4,53.55,0,0.6]
[5,53.699999999999996,0,0.6]
[0,53.849999999999994,0,0.6]
[7,54,0,0.6]
[8,54.15,0,0.6]
[6,54.3,0,0.6]
[5,54.449999999999996,0,0.6]
[4,54.599999999999994,0,0.6]
[3,54.75,0,0.6]
[1,54.9,1,0.3]
[2,55.199999999999996,1,0.3]
[6,55.5,0,0.6]
[4,55.65,0,0.6]
[5,55.8,0,0.6]
[3,55.949999999999996,0,0.6]
[7,56.099999999999994,0,0.6]
[8,56.25,0,0.6]
[6,56.4,0,0.6]
[5,56.55,0,0.6]
[4,56.699999999999996,0,0.6]
[0,56.849999999999994,0,0.6]
[1,57,0,0.6]
[2,57.15,0,0.6]
[3,57.3,1,0.3]
[7,57.599999999999994,1,0.3]
[5,57.9,0,0.6]
[4,58.05,0,0.6]
[3,58.199999999999996,0,0.3]
[7,58.349999999999994,0,0.3]
[8,58.5,0,0.3]
[0,58.65,0,0.6]
[4,58.8,0,0.6]
[5,58.949999999999996,0,0.6]
[3,59.099999999999994,0,0.3]
[6,59.099999999999994,0,0.6]
[1,59.25,0,0.3]
[2,59.25,0,0.3]
[0,59.55,1,0.75]
[4,60.3,0,0.75]
[5,60.449999999999996,0,0.75]
[3,60.599999999999994,0,0.75]
[7,60.75,0,0.75]
[8,60.9,0,0.75]
[6,61.05,0,0.75]
[4,61.199999999999996,0,0.75]
[5,61.349999999999994,1,0.44999999999999996]
[1,61.8,0,0.3]
[0,61.8,0,0.3]
[3,62.099999999999994,0,0.3]
[4,62.099999999999994,0,0.3]
[8,62.699999999999996,0,0.44999999999999996]
[7,62.849999999999994,0,0.44999999999999996]
[6,63,0,0.44999999999999996]
[4,63.15,0,0.44999999999999996]
[5,63.3,0,0.44999999999999996]
[3,63.449999999999996,0,0.44999999999999996]
[1,63.599999999999994,0,0.44999999999999996]
[2,63.75,0,0.44999999999999996]
[0,63.9,0,0.44999999999999996]
[5,64.05,0,0.44999999999999996]
[4,64.2,0,0.44999999999999996]
[3,64.35,0,0.44999999999999996]
[8,64.5,1,0.3]
[7,64.8,1,0.3]
[6,65.1,0,0.6]
[4,65.25,0,0.6]
[5,65.39999999999999,0,0.6]
[0,65.55,0,0.6]
[2,65.7,0,0.6]
[1,65.85,0,0.6]
[3,66,0,0.6]
[5,66.14999999999999,0,0.6]
[4,66.3,0,0.6]
[6,66.45,0,0.6]
[7,66.6,0,0.6]
[8,66.75,0,0.6]
[3,66.89999999999999,1,0.3]
[1,67.2,1,0.3]
[5,67.5,0,0.6]
[4,67.64999999999999,0,0.6]
[3,67.8,0,0.3]
[1,67.95,0,0.3]
[2,68.1,0,0.3]
[6,68.25,0,0.6]
[4,68.39999999999999,0,0.6]
[5,68.55,0,0.6]
[3,68.7,0,0.3]
[0,68.7,0,0.6]
[7,68.85,0,0.3]
[8,68.85,0,0.3]
[4,69.14999999999999,1,0.75]
[5,69.14999999999999,1,0.75]
[0,69.89999999999999,0,0.75]
[2,70.05,0,0.75]
[1,70.2,0,0.75]
[3,70.35,0,0.75]
[5,70.5,0,0.8999999999999999]
[4,70.64999999999999,0,0.8999999999999999]
[6,70.8,0,0.75]
[7,70.95,0,0.75]
[8,71.1,1,0.3]
[3,71.39999999999999,1,0.3]
[1,71.7,1,0.3]
[0,72,0,0.6]
[5,72.14999999999999,0,0.3]
[4,72.3,0,0.3]
[3,72.45,0,0.6]
[1,72.6,0,0.3]
[2,72.75,0,0.3]
[0,72.89999999999999,0,0.6]
[4,73.05,0,0.3]
[5,73.2,0,0.3]
[3,73.35,0,0.3]
[7,73.5,1,0.3]
[8,73.8,1,0.3]
[4,74.1,0,0.3]
[3,74.1,0,0.3]
[6,74.39999999999999,0,0.3]
[2,74.55,0,1.05]
[1,74.625,0,1.05]
[0,74.7,0,1.05]
[5,74.85,0,0.6]
[3,75,0,0.75]
[7,75.14999999999999,0,0.6]
[8,75.3,0,0.6]
[6,75.45,0,0.6]
[5,75.6,0,0.6]
[3,75.75,0,0.6]
[1,75.89999999999999,0,0.3]
[0,76.05,0,0.6]
[5,76.2,0,0.6]
[4,76.35,0,0.6]
[3,76.5,0,0.6]
[8,76.64999999999999,0,0.3]
[6,76.8,0,0.3]
[4,76.95,0,0.3]
[5,77.1,0,0.3]
[3,77.25,0,0.3]
[2,77.39999999999999,0,0.3]
[0,77.55,1,0.8999999999999999]
[1,78.45,0,0.3]
[2,78.45,0,0.3]
[4,78.6,0,0.3]
[3,78.6,0,0.3]
[7,78.75,0,0.75]
[8,78.75,0,0.75]
[6,78.89999999999999,1,0.6]
[2,79.5,0,0.75]
[1,79.64999999999999,0,0.75]
[3,79.8,0,0.6]
[5,79.95,0,0.6]
[4,80.1,0,0.6]
[0,80.25,0,0.6]
[8,80.39999999999999,0,0.75]
[6,80.55,0,0.75]
[7,80.55,0,0.75]
[7,80.85,0,0.75]
[6,80.85,0,0.75]
[4,81.14999999999999,0,0.75]
[5,81.3,0,0.75]
[6,81.45,0,0.75]
[8,81.6,0,0.75]
[7,81.75,0,0.75]
[0,81.89999999999999,0,0.75]
[2,82.05,0,0.75]
[1,82.2,0,0.75]
[3,82.35,0,0.75]
[4,82.5,0,0.75]
[5,82.64999999999999,0,0.75]
[6,82.8,0,0.75]
[7,82.95,0,0.75]
[8,82.95,0,0.75]
[7,83.25,0,0.75]
[8,83.25,0,0.75]
[5,83.55,0,0.75]
[4,83.7,0,0.75]
[0,83.85,0,0.75]
[2,84,0,0.75]
[1,84.14999999999999,0,0.75]
[3,84.3,0,0.75]
[4,84.45,0,0.75]
[5,84.6,0,0.75]
[6,84.75,0,0.75]
[7,84.89999999999999,0,0.75]
[8,85.05,0,0.75]
[3,85.2,0,0.75]
[4,85.35,0,1.05]
[5,85.35,0,1.05]
[4,85.64999999999999,0,1.05]
[5,85.64999999999999,0,1.05]
[0,85.95,0,0.75]
[2,86.1,0,0.75]
[1,86.25,0,0.75]
[3,86.39999999999999,0,0.75]
[5,86.55,0,0.75]
[4,86.7,0,0.75]
[6,86.85,0,1.05]
[7,86.925,0,1.05]
[8,87,0,1.05]
[0,87.14999999999999,0,0.75]
[5,87.3,0,1.05]
[4,87.375,0,1.05]
[3,87.45,0,1.05]
[2,87.6,0,0.75]
[1,87.75,0,0.75]
[6,87.89999999999999,0,0.75]
[8,88.05,0,0.75]
[7,88.2,0,0.75]
[3,88.35,0,0.75]
[5,88.5,0,0.75]
[4,88.64999999999999,0,0.75]
[0,88.8,1,0.3]
[1,89.1,1,1.05]
[2,89.1,1,1.05]