[6,0,0,0.3243243243243243]
[7,0,0,0.3243243243243243]
[5,0.3243243243243243,0,0.3243243243243243]
[4,0.6486486486486486,0,0.3243243243243243]
[3,0.9729729729729729,0,0.3243243243243243]
[1,1.2972972972972971,0,0.3243243243243243]
[2,1.2972972972972971,0,0.3243243243243243]
[0,1.6216216216216215,0,0.3243243243243243]
[4,1.9459459459459458,0,0.3243243243243243]
[5,2.27027027027027,0,0.3243243243243243]
[7,2.5945945945945943,0,0.3243243243243243]
[6,2.5945945945945943,0,0.3243243243243243]
[8,2.918918918918919,0,0.3243243243243243]
[4,3.243243243243243,0,0.3243243243243243]
[0,3.5675675675675675,0,0.3243243243243243]
[1,3.8918918918918917,0,0.3243243243243243]
[2,3.8918918918918917,0,0.3243243243243243]
[3,4.216216216216216,0,0.3243243243243243]
[7,4.54054054054054,0,0.3243243243243243]
[5,4.54054054054054,0,0.3243243243243243]
[6,4.864864864864865,0,0.3243243243243243]
[0,5.189189189189189,0,0.3243243243243243]
[1,5.189189189189189,0,0.3243243243243243]
[5,5.351351351351351,0,0.3243243243243243]
[7,5.513513513513513,0,0.3243243243243243]
[0,5.675675675675675,0,0.3243243243243243]
[5,5.837837837837838,0,0.3243243243243243]
[6,6,0,0.3243243243243243]
[1,6.162162162162162,0,0.3243243243243243]
[8,6.324324324324324,0,0.3243243243243243]
[4,6.486486486486486,0,0.3243243243243243]
[3,6.486486486486486,0,0.3243243243243243]
[2,6.648648648648648,0,0.3243243243243243]
[7,6.8108108108108105,0,0.3243243243243243]
[0,6.972972972972973,0,0.3243243243243243]
[2,7.135135135135135,0,0.3243243243243243]
[3,7.297297297297297,0,0.3243243243243243]
[5,7.459459459459459,0,0.3243243243243243]
[6,7.621621621621621,0,0.3243243243243243]
[7,7.783783783783783,0,0.3243243243243243]
[8,7.783783783783783,0,0.3243243243243243]
[0,7.945945945945946,0,0.3243243243243243]
[5,8.108108108108107,0,0.3243243243243243]
[6,8.27027027027027,0,0.3243243243243243]
[1,8.432432432432432,0,0.3243243243243243]
[8,8.594594594594595,0,0.3243243243243243]
[3,8.756756756756756,0,0.3243243243243243]
[2,8.91891891891892,0,0.3243243243243243]
[0,9.08108108108108,0,0.3243243243243243]
[1,9.08108108108108,0,0.3243243243243243]
[8,9.243243243243242,0,0.3243243243243243]
[7,9.324324324324325,0,0.3243243243243243]
[3,9.405405405405405,0,0.3243243243243243]
[4,9.486486486486486,0,0.3243243243243243]
[2,9.567567567567567,0,0.3243243243243243]
[6,9.72972972972973,0,0.3243243243243243]
[7,9.81081081081081,0,0.3243243243243243]
[5,9.891891891891891,0,0.3243243243243243]
[4,9.972972972972972,0,0.3243243243243243]
[0,10.054054054054054,0,0.3243243243243243]
[2,10.216216216216216,0,0.3243243243243243]
[3,10.378378378378377,0,0.3243243243243243]
[7,10.378378378378377,0,0.3243243243243243]
[8,10.54054054054054,0,0.3243243243243243]
[0,10.864864864864865,0,0.3243243243243243]
[2,11.18918918918919,0,0.3243243243243243]
[6,11.513513513513512,0,0.3243243243243243]
[5,11.837837837837837,0,0.3243243243243243]
[1,12.162162162162161,0,0.3243243243243243]
[3,12.486486486486486,0,0.3243243243243243]
[7,12.81081081081081,0,0.3243243243243243]
[5,12.81081081081081,0,0.3243243243243243]
[3,12.972972972972972,0,0.3243243243243243]
[4,13.054054054054053,0,0.3243243243243243]
[2,13.135135135135135,0,0.3243243243243243]
[1,13.216216216216216,0,0.3243243243243243]
[6,13.297297297297296,0,0.3243243243243243]
[7,13.378378378378377,0,0.3243243243243243]
[5,13.45945945945946,0,0.3243243243243243]
[4,13.54054054054054,0,0.3243243243243243]
[0,13.621621621621621,0,0.3243243243243243]
[1,13.702702702702702,0,0.3243243243243243]
[5,13.783783783783782,0,0.3243243243243243]
[3,13.864864864864865,0,0.3243243243243243]
[4,13.945945945945946,0,0.3243243243243243]
[8,14.027027027027026,0,0.3243243243243243]
[6,14.108108108108107,0,0.3243243243243243]
[7,14.189189189189188,0,0.3243243243243243]
[5,14.27027027027027,0,0.3243243243243243]
[4,14.35135135135135,0,0.3243243243243243]
[0,14.432432432432432,0,0.3243243243243243]
[1,14.513513513513512,0,0.3243243243243243]
[8,14.594594594594595,0,0.3243243243243243]
[7,14.675675675675675,0,0.3243243243243243]
[3,14.756756756756756,0,0.3243243243243243]
[4,14.837837837837837,0,0.3243243243243243]
[2,14.918918918918918,0,0.3243243243243243]
[1,15,0,0.3243243243243243]
[0,15.08108108108108,0,0.3243243243243243]
[5,15.162162162162161,0,0.3243243243243243]
[4,15.243243243243242,0,0.3243243243243243]
[6,15.324324324324323,0,0.3243243243243243]
[7,15.405405405405405,0,0.3243243243243243]
[8,15.486486486486486,0,0.3243243243243243]
[0,15.567567567567567,0,0.3243243243243243]
[1,15.648648648648647,0,0.3243243243243243]
[5,15.72972972972973,0,0.3243243243243243]
[4,15.81081081081081,0,0.3243243243243243]
[6,15.891891891891891,0,0.3243243243243243]
[7,15.972972972972972,0,0.3243243243243243]
[2,16.054054054054053,0,0.3243243243243243]
[1,16.135135135135133,0,0.3243243243243243]
[3,16.216216216216214,0,0.3243243243243243]
[4,16.2972972972973,0,0.3243243243243243]
[8,16.37837837837838,0,0.3243243243243243]
[0,16.45945945945946,0,0.3243243243243243]
[1,16.54054054054054,0,0.3243243243243243]
[5,16.62162162162162,0,0.3243243243243243]
[4,16.7027027027027,0,0.3243243243243243]
[6,16.783783783783782,0,0.3243243243243243]
[8,16.864864864864863,0,0.3243243243243243]
[3,17.027027027027025,0,0.3243243243243243]
[5,17.18918918918919,0,0.3243243243243243]
[4,17.27027027027027,0,0.3243243243243243]
[6,17.35135135135135,0,0.3243243243243243]
[1,17.513513513513512,0,0.3243243243243243]
[2,17.513513513513512,0,0.3243243243243243]
[5,17.675675675675674,0,0.3243243243243243]
[3,17.83783783783784,0,0.3243243243243243]
[4,17.91891891891892,0,0.3243243243243243]
[8,18,0,0.3243243243243243]
[6,18.16216216216216,0,0.3243243243243243]
[7,18.243243243243242,0,0.3243243243243243]
[5,18.324324324324323,0,0.3243243243243243]
[4,18.405405405405403,0,0.3243243243243243]
[0,18.486486486486484,0,0.3243243243243243]
[1,18.56756756756757,0,0.3243243243243243]
[8,18.64864864864865,0,0.3243243243243243]
[7,18.72972972972973,0,0.3243243243243243]
[3,18.81081081081081,0,0.3243243243243243]
[4,18.89189189189189,0,0.3243243243243243]
[2,18.972972972972972,0,0.3243243243243243]
[1,19.054054054054053,0,0.3243243243243243]
[0,19.135135135135133,0,0.3243243243243243]
[5,19.216216216216214,0,0.3243243243243243]
[7,19.297297297297295,0,0.3243243243243243]
[6,19.37837837837838,0,0.3243243243243243]
[2,19.45945945945946,0,0.3243243243243243]
[1,19.54054054054054,0,0.3243243243243243]
[3,19.62162162162162,0,0.3243243243243243]
[4,19.7027027027027,0,0.3243243243243243]
[8,19.783783783783782,0,0.3243243243243243]
[7,19.864864864864863,0,0.3243243243243243]
[0,19.945945945945944,0,0.3243243243243243]
[1,20.027027027027025,0,0.3243243243243243]
[5,20.10810810810811,0,0.3243243243243243]
[4,20.18918918918919,0,0.3243243243243243]
[6,20.27027027027027,0,0.3243243243243243]
[7,20.35135135135135,0,0.3243243243243243]
[8,20.43243243243243,0,0.3243243243243243]
[0,20.513513513513512,0,0.3243243243243243]
[1,20.594594594594593,0,0.3243243243243243]
[5,20.675675675675674,0,0.3243243243243243]
[6,20.756756756756754,0,0.3243243243243243]
[7,20.83783783783784,0,0.3243243243243243]
[2,20.91891891891892,0,0.3243243243243243]
[1,21,0,0.3243243243243243]
[3,21.08108108108108,0,0.3243243243243243]
[4,21.16216216216216,0,0.3243243243243243]
[8,21.243243243243242,0,0.3243243243243243]
[7,21.324324324324323,0,0.3243243243243243]
[0,21.405405405405403,0,0.3243243243243243]
[1,21.486486486486484,0,0.3243243243243243]
[5,21.567567567567565,0,0.3243243243243243]
[6,21.64864864864865,0,0.3243243243243243]
[7,21.72972972972973,0,0.3243243243243243]
[2,21.81081081081081,0,0.3243243243243243]
[1,21.89189189189189,0,0.3243243243243243]
[3,21.972972972972972,0,0.3243243243243243]
[8,22.054054054054053,0,0.3243243243243243]
[0,22.216216216216214,0,0.3243243243243243]
[1,22.297297297297295,0,0.3243243243243243]
[2,22.37837837837838,0,0.3243243243243243]
[3,22.54054054054054,0,0.3243243243243243]
[4,22.62162162162162,0,0.3243243243243243]
[8,22.7027027027027,0,0.3243243243243243]
[7,22.783783783783782,0,0.3243243243243243]
[0,22.864864864864863,0,0.3243243243243243]
[1,22.945945945945944,0,0.3243243243243243]
[8,23.027027027027025,0,0.3243243243243243]
[7,23.108108108108105,0,0.3243243243243243]
[3,23.18918918918919,0,0.3243243243243243]
[4,23.27027027027027,0,0.3243243243243243]
[2,23.35135135135135,0,0.3243243243243243]
[5,23.35135135135135,0,0.3243243243243243]
[6,23.513513513513512,0,0.3243243243243243]
[8,23.675675675675674,1,0.16216216216216214]
[0,23.837837837837835,0,0.16216216216216214]
[4,24,1,0.16216216216216214]
[6,24.16216216216216,0,0.16216216216216214]
[8,24.324324324324323,0,0.16216216216216214]
[3,24.486486486486484,0,0.16216216216216214]
[4,24.64864864864865,0,0.3243243243243243]
[5,24.64864864864865,0,0.16216216216216214]
[0,24.81081081081081,0,0.16216216216216214]
[2,24.972972972972972,0,0.16216216216216214]
[4,25.054054054054053,0,0.3243243243243243]
[3,25.135135135135133,0,0.16216216216216214]
[7,25.297297297297295,0,0.16216216216216214]
[8,25.297297297297295,0,0.16216216216216214]
[0,25.45945945945946,0,0.16216216216216214]
[5,25.62162162162162,0,0.16216216216216214]
[4,25.7027027027027,0,0.16216216216216214]
[6,25.783783783783782,0,0.16216216216216214]
[7,25.945945945945944,0,0.3243243243243243]
[8,25.945945945945944,0,0.16216216216216214]
[3,26.108108108108105,0,0.16216216216216214]
[2,26.27027027027027,1,0.16216216216216214]
[0,26.43243243243243,0,0.16216216216216214]
[8,26.594594594594593,0,0.16216216216216214]
[6,26.756756756756754,0,0.16216216216216214]
[4,26.91891891891892,1,0.16216216216216214]
[0,27.08108108108108,0,0.16216216216216214]
[1,27.243243243243242,0,0.16216216216216214]
[2,27.243243243243242,0,0.16216216216216214]
[6,27.405405405405403,0,0.3243243243243243]
[8,27.567567567567565,0,0.16216216216216214]
[7,27.648648648648646,0,0.3243243243243243]
[3,27.72972972972973,0,0.3243243243243243]
[4,27.89189189189189,0,0.16216216216216214]
[5,27.89189189189189,0,0.16216216216216214]
[6,28.054054054054053,0,0.16216216216216214]
[2,28.216216216216214,0,0.16216216216216214]
[1,28.297297297297295,0,0.3243243243243243]
[3,28.378378378378375,0,0.16216216216216214]
[7,28.54054054054054,0,0.16216216216216214]
[8,28.54054054054054,0,0.16216216216216214]
[0,28.7027027027027,0,0.16216216216216214]
[2,28.864864864864863,1,0.16216216216216214]
[6,29.027027027027025,0,0.16216216216216214]
[4,29.18918918918919,1,0.16216216216216214]
[0,29.35135135135135,0,0.16216216216216214]
[8,29.513513513513512,0,0.16216216216216214]
[6,29.675675675675674,0,0.3243243243243243]
[1,29.837837837837835,0,0.16216216216216214]
[2,29.837837837837835,0,0.16216216216216214]
[3,30,0,0.3243243243243243]
[5,30.16216216216216,0,0.3243243243243243]
[7,30.243243243243242,0,0.3243243243243243]
[6,30.324324324324323,0,0.3243243243243243]
[2,30.486486486486484,0,0.3243243243243243]
[1,30.486486486486484,0,0.3243243243243243]
[0,30.648648648648646,0,0.16216216216216214]
[5,30.81081081081081,0,0.3243243243243243]
[4,30.89189189189189,0,0.3243243243243243]
[6,30.972972972972972,0,0.3243243243243243]
[7,31.135135135135133,0,0.16216216216216214]
[8,31.135135135135133,0,0.16216216216216214]
[3,31.297297297297295,0,0.3243243243243243]
[5,31.45945945945946,1,0.16216216216216214]
[0,31.62162162162162,0,0.16216216216216214]
[2,31.783783783783782,1,0.16216216216216214]
[3,31.945945945945944,0,0.16216216216216214]
[7,32.108108108108105,0,0.16216216216216214]
[8,32.108108108108105,0,0.16216216216216214]
[0,32.27027027027027,0,0.16216216216216214]
[2,32.43243243243243,0,0.16216216216216214]
[4,32.43243243243243,0,0.16216216216216214]
[6,32.5945945945946,0,0.16216216216216214]
[5,32.75675675675676,0,0.3243243243243243]
[7,32.75675675675676,0,0.3243243243243243]
[3,32.91891891891892,0,0.16216216216216214]
[4,33,0,0.3243243243243243]
[2,33.08108108108108,0,0.16216216216216214]
[6,33.24324324324324,0,0.16216216216216214]
[5,33.4054054054054,1,0.3243243243243243]
[0,33.729729729729726,0,0.3243243243243243]
[1,33.729729729729726,0,0.3243243243243243]
[8,33.89189189189189,0,0.16216216216216214]
[7,33.97297297297297,0,0.16216216216216214]
[3,34.05405405405405,0,0.16216216216216214]
[5,34.21621621621622,0,0.3243243243243243]
[0,34.37837837837838,0,0.3243243243243243]
[1,34.37837837837838,0,0.3243243243243243]
[2,34.54054054054054,0,0.3243243243243243]
[6,34.7027027027027,0,0.3243243243243243]
[5,34.86486486486486,0,0.3243243243243243]
[4,35.027027027027025,0,0.3243243243243243]
[3,35.027027027027025,0,0.16216216216216214]
[2,35.189189189189186,0,0.16216216216216214]
[0,35.35135135135135,0,0.3243243243243243]
[5,35.51351351351351,0,0.3243243243243243]
[6,35.67567567567568,1,0.3243243243243243]
[5,36,0,0.3243243243243243]
[3,36.16216216216216,0,0.3243243243243243]
[2,36.32432432432432,0,0.3243243243243243]
[1,36.32432432432432,0,0.3243243243243243]
[0,36.486486486486484,0,0.3243243243243243]
[4,36.567567567567565,0,0.3243243243243243]
[5,36.648648648648646,0,0.3243243243243243]
[6,36.81081081081081,0,0.3243243243243243]
[7,36.97297297297297,0,0.3243243243243243]
[8,36.97297297297297,0,0.3243243243243243]
[0,37.13513513513514,0,0.16216216216216214]
[5,37.2972972972973,0,0.3243243243243243]
[6,37.45945945945946,0,0.3243243243243243]
[1,37.62162162162162,0,0.3243243243243243]
[2,37.62162162162162,1,0.3243243243243243]
[3,37.945945945945944,1,0.3243243243243243]
[4,37.945945945945944,0,0.3243243243243243]
[7,38.27027027027027,0,0.3243243243243243]
[5,38.27027027027027,1,0.3243243243243243]
[4,38.59459459459459,0,0.3243243243243243]
[0,38.59459459459459,1,0.3243243243243243]
[1,38.91891891891892,0,0.3243243243243243]
[2,38.91891891891892,0,0.3243243243243243]
[3,39.08108108108108,0,0.3243243243243243]
[4,39.16216216216216,0,0.3243243243243243]
[8,39.24324324324324,0,0.3243243243243243]
[0,39.4054054054054,0,0.3243243243243243]
[1,39.567567567567565,0,0.3243243243243243]
[2,39.567567567567565,0,0.3243243243243243]
[3,39.729729729729726,0,0.3243243243243243]
[5,39.89189189189189,0,0.3243243243243243]
[6,40.05405405405405,0,0.3243243243243243]
[7,40.21621621621622,0,0.3243243243243243]
[8,40.21621621621622,0,0.16216216216216214]
[3,40.37837837837838,0,0.16216216216216214]
[2,40.54054054054054,0,0.16216216216216214]
[0,40.7027027027027,0,0.16216216216216214]
[5,40.86486486486486,1,0.3243243243243243]
[6,41.189189189189186,0,0.16216216216216214]
[2,41.35135135135135,0,0.16216216216216214]
[0,41.51351351351351,0,0.16216216216216214]
[1,41.51351351351351,0,0.16216216216216214]
[8,41.67567567567568,0,0.16216216216216214]
[4,41.75675675675676,0,0.16216216216216214]
[3,41.83783783783784,0,0.16216216216216214]
[2,42,0,0.16216216216216214]
[6,42.16216216216216,0,0.16216216216216214]
[7,42.16216216216216,0,0.16216216216216214]
[5,42.32432432432432,0,0.16216216216216214]
[0,42.486486486486484,0,0.16216216216216214]
[2,42.648648648648646,0,0.16216216216216214]
[3,42.81081081081081,1,0.3243243243243243]
[4,42.81081081081081,0,0.3243243243243243]
[8,43.13513513513513,1,0.3243243243243243]
[7,43.13513513513513,0,0.3243243243243243]
[0,43.45945945945946,0,0.16216216216216214]
[4,43.54054054054054,0,0.3243243243243243]
[5,43.62162162162162,0,0.3243243243243243]
[7,43.7027027027027,0,0.16216216216216214]
[6,43.78378378378378,0,0.16216216216216214]
[2,43.945945945945944,0,0.3243243243243243]
[1,44.027027027027025,0,0.3243243243243243]
[3,44.108108108108105,0,0.3243243243243243]
[4,44.108108108108105,0,0.3243243243243243]
[8,44.27027027027027,0,0.3243243243243243]
[6,44.43243243243243,0,0.3243243243243243]
[5,44.59459459459459,0,0.16216216216216214]
[4,44.59459459459459,0,0.3243243243243243]
[0,44.75675675675676,0,0.16216216216216214]
[1,44.75675675675676,0,0.16216216216216214]
[2,44.91891891891892,0,0.16216216216216214]
[7,45.08108108108108,0,0.16216216216216214]
[3,45.24324324324324,0,0.16216216216216214]
[4,45.4054054054054,1,0.16216216216216214]
[2,45.567567567567565,0,0.16216216216216214]
[0,45.729729729729726,1,0.16216216216216214]
[8,45.89189189189189,0,0.3243243243243243]
[3,46.05405405405405,0,0.3243243243243243]
[4,46.05405405405405,0,0.3243243243243243]
[2,46.21621621621621,0,0.3243243243243243]
[4,46.37837837837838,0,0.16216216216216214]
[7,46.54054054054054,0,0.3243243243243243]
[6,46.54054054054054,0,0.3243243243243243]
[2,46.7027027027027,0,0.16216216216216214]
[1,46.7027027027027,0,0.16216216216216214]
[3,46.86486486486486,0,0.16216216216216214]
[4,46.945945945945944,0,0.16216216216216214]
[8,47.027027027027025,0,0.16216216216216214]
[7,47.108108108108105,0,0.3243243243243243]
[6,47.189189189189186,0,0.3243243243243243]
[7,47.27027027027027,0,0.3243243243243243]
[2,47.35135135135135,0,0.3243243243243243]
[1,47.43243243243243,0,0.3243243243243243]
[3,47.51351351351351,0,0.3243243243243243]
[4,47.59459459459459,0,0.3243243243243243]
[8,47.67567567567567,0,0.3243243243243243]
[7,47.75675675675676,0,0.3243243243243243]
[0,47.83783783783784,0,0.16216216216216214]
[1,47.91891891891892,0,0.3243243243243243]
[4,48,0,0.3243243243243243]
[5,48,0,0.3243243243243243]
[6,48.16216216216216,0,0.3243243243243243]
[7,48.24324324324324,0,0.3243243243243243]
[5,48.32432432432432,0,0.3243243243243243]
[4,48.32432432432432,0,0.3243243243243243]
[3,48.486486486486484,0,0.3243243243243243]
[2,48.648648648648646,1,0.3243243243243243]
[1,48.648648648648646,0,0.3243243243243243]
[6,48.97297297297297,1,0.3243243243243243]
[7,48.97297297297297,1,0.3243243243243243]
[5,49.2972972972973,0,0.3243243243243243]
[4,49.2972972972973,0,0.3243243243243243]
[3,49.45945945945946,0,0.3243243243243243]
[8,49.62162162162162,0,0.16216216216216214]
[0,49.78378378378378,0,0.16216216216216214]
[5,49.945945945945944,1,0.16216216216216214]
[4,50.108108108108105,0,0.16216216216216214]
[6,50.27027027027027,1,0.16216216216216214]
[2,50.43243243243243,0,0.16216216216216214]
[0,50.59459459459459,1,0.3243243243243243]
[1,50.59459459459459,0,0.3243243243243243]
[5,50.91891891891892,1,0.3243243243243243]
[4,50.91891891891892,0,0.3243243243243243]
[6,51.24324324324324,0,0.3243243243243243]
[8,51.4054054054054,0,0.3243243243243243]
[7,51.486486486486484,0,0.3243243243243243]
[3,51.567567567567565,0,0.3243243243243243]
[2,51.729729729729726,0,0.3243243243243243]
[1,51.89189189189189,0,0.3243243243243243]
[0,51.89189189189189,1,0.3243243243243243]
[5,52.21621621621621,1,0.3243243243243243]
[4,52.21621621621621,0,0.3243243243243243]
[6,52.54054054054054,0,0.3243243243243243]
[8,52.7027027027027,0,0.3243243243243243]
[7,52.78378378378378,0,0.3243243243243243]
[3,52.86486486486486,0,0.3243243243243243]
[2,53.027027027027025,0,0.3243243243243243]
[0,53.189189189189186,1,0.3243243243243243]
[1,53.189189189189186,0,0.3243243243243243]
[5,53.51351351351351,1,0.3243243243243243]
[4,53.51351351351351,0,0.3243243243243243]
[6,53.83783783783784,0,0.3243243243243243]
[7,53.83783783783784,0,0.3243243243243243]
[8,54,0,0.3243243243243243]
[3,54.16216216216216,0,0.3243243243243243]
[2,54.32432432432432,0,0.3243243243243243]
[0,54.486486486486484,0,0.16216216216216214]
[1,54.486486486486484,0,0.16216216216216214]
[5,54.648648648648646,0,0.16216216216216214]
[6,54.81081081081081,0,0.16216216216216214]
[8,54.97297297297297,0,0.16216216216216214]
[4,55.13513513513513,1,0.16216216216216214]
[3,55.29729729729729,0,0.16216216216216214]
[2,55.45945945945946,1,0.16216216216216214]
[0,55.62162162162162,0,0.16216216216216214]
[8,55.78378378378378,1,0.3243243243243243]
[7,55.78378378378378,0,0.3243243243243243]
[4,56.108108108108105,0,0.3243243243243243]
[3,56.108108108108105,1,0.3243243243243243]
[2,56.43243243243243,0,0.3243243243243243]
[0,56.59459459459459,0,0.3243243243243243]
[1,56.67567567567567,0,0.3243243243243243]
[5,56.75675675675675,0,0.3243243243243243]
[6,56.91891891891892,0,0.3243243243243243]
[8,57.08108108108108,1,0.3243243243243243]
[7,57.08108108108108,0,0.3243243243243243]
[3,57.4054054054054,1,0.3243243243243243]
[4,57.4054054054054,0,0.3243243243243243]
[2,57.729729729729726,0,0.3243243243243243]
[0,57.89189189189189,0,0.3243243243243243]
[1,57.97297297297297,0,0.3243243243243243]
[5,58.05405405405405,0,0.3243243243243243]
[6,58.21621621621621,0,0.3243243243243243]
[7,58.37837837837838,0,0.3243243243243243]
[8,58.37837837837838,0,0.3243243243243243]
[3,58.54054054054054,0,0.3243243243243243]
[5,58.7027027027027,0,0.3243243243243243]
[0,58.86486486486486,0,0.3243243243243243]
[1,59.027027027027025,0,0.3243243243243243]
[2,59.027027027027025,1,0.3243243243243243]
[6,59.35135135135135,1,0.3243243243243243]
[7,59.67567567567567,0,0.3243243243243243]
[8,59.67567567567567,0,0.3243243243243243]
[3,59.83783783783783,0,0.3243243243243243]
[2,60,0,0.3243243243243243]
[0,60.16216216216216,0,0.3243243243243243]
[5,60.32432432432432,0,0.16216216216216214]
[4,60.32432432432432,0,0.16216216216216214]
[6,60.486486486486484,0,0.16216216216216214]
[2,60.648648648648646,0,0.16216216216216214]
[0,60.81081081081081,0,0.16216216216216214]
[4,60.97297297297297,0,0.16216216216216214]
[5,60.97297297297297,0,0.16216216216216214]
[6,61.13513513513513,0,0.16216216216216214]
[8,61.29729729729729,0,0.16216216216216214]
[3,61.45945945945946,0,0.16216216216216214]
[1,61.62162162162162,0,0.16216216216216214]
[2,61.62162162162162,0,0.16216216216216214]
[0,61.78378378378378,0,0.16216216216216214]
[7,61.945945945945944,0,0.16216216216216214]
[5,62.108108108108105,0,0.3243243243243243]
[3,62.27027027027027,0,0.16216216216216214]
[4,62.27027027027027,0,0.16216216216216214]
[2,62.43243243243243,0,0.16216216216216214]
[6,62.59459459459459,0,0.16216216216216214]
[8,62.75675675675675,0,0.16216216216216214]
[0,62.91891891891892,0,0.16216216216216214]
[4,62.91891891891892,0,0.16216216216216214]
[2,63.08108108108108,0,0.16216216216216214]
[3,63.24324324324324,0,0.16216216216216214]
[8,63.4054054054054,0,0.16216216216216214]
[6,63.567567567567565,0,0.16216216216216214]
[7,63.567567567567565,0,0.3243243243243243]
[5,63.729729729729726,0,0.16216216216216214]
[0,63.89189189189189,0,0.16216216216216214]
[4,63.89189189189189,0,0.3243243243243243]
[2,64.05405405405405,0,0.16216216216216214]
[7,64.21621621621621,0,0.3243243243243243]
[6,64.21621621621621,0,0.3243243243243243]
[5,64.37837837837837,0,0.16216216216216214]
[4,64.45945945945945,0,0.16216216216216214]
[6,64.54054054054053,0,0.16216216216216214]
[8,64.7027027027027,0,0.16216216216216214]
[0,64.86486486486486,0,0.16216216216216214]
[1,64.86486486486486,0,0.16216216216216214]
[2,65.02702702702702,0,0.16216216216216214]
[3,65.1891891891892,0,0.16216216216216214]
[8,65.35135135135135,0,0.16216216216216214]
[6,65.51351351351352,1,0.16216216216216214]
[7,65.67567567567568,0,0.16216216216216214]
[5,65.83783783783784,1,0.16216216216216214]
[4,66,0,0.16216216216216214]
[0,66.16216216216216,1,0.3243243243243243]
[1,66.16216216216216,0,0.3243243243243243]
[5,66.48648648648648,1,0.3243243243243243]
[4,66.48648648648648,0,0.3243243243243243]
[6,66.8108108108108,0,0.3243243243243243]
[8,66.97297297297297,0,0.3243243243243243]
[7,67.05405405405405,0,0.3243243243243243]
[3,67.13513513513513,0,0.3243243243243243]
[2,67.29729729729729,0,0.3243243243243243]
[0,67.45945945945945,1,0.3243243243243243]
[1,67.45945945945945,0,0.3243243243243243]
[5,67.78378378378378,1,0.3243243243243243]
[4,67.78378378378378,0,0.3243243243243243]
[6,68.1081081081081,0,0.3243243243243243]
[8,68.27027027027027,0,0.3243243243243243]
[7,68.35135135135135,0,0.3243243243243243]
[3,68.43243243243244,0,0.3243243243243243]
[4,68.51351351351352,0,0.3243243243243243]
[2,68.5945945945946,0,0.3243243243243243]
[1,68.75675675675676,0,0.3243243243243243]
[0,68.75675675675676,0,0.3243243243243243]
[5,68.91891891891892,0,0.3243243243243243]
[3,69.08108108108108,0,0.3243243243243243]
[4,69.08108108108108,0,0.3243243243243243]
[8,69.24324324324324,0,0.3243243243243243]
[7,69.4054054054054,0,0.3243243243243243]
[6,69.4054054054054,0,0.3243243243243243]
[0,70.05405405405405,0,0.3243243243243243]
[1,70.05405405405405,0,0.3243243243243243]
[5,70.37837837837837,0,0.3243243243243243]
[6,70.7027027027027,0,0.3243243243243243]
[8,71.02702702702702,0,0.3243243243243243]
[3,71.35135135135135,0,0.3243243243243243]
[4,71.35135135135135,0,0.3243243243243243]
[2,71.67567567567568,0,0.3243243243243243]
[0,72,0,0.3243243243243243]
[5,72.32432432432432,0,0.3243243243243243]
[6,72.64864864864865,0,0.3243243243243243]
[7,72.64864864864865,0,0.3243243243243243]
[8,72.97297297297297,0,0.3243243243243243]
[0,73.29729729729729,0,0.3243243243243243]
[5,73.62162162162161,0,0.3243243243243243]
[7,73.94594594594594,0,0.3243243243243243]
[6,73.94594594594594,0,0.3243243243243243]
[2,74.1081081081081,0,0.3243243243243243]
[1,74.18918918918918,0,0.3243243243243243]
[3,74.27027027027027,0,0.3243243243243243]
[8,74.43243243243244,0,0.3243243243243243]
[7,74.51351351351352,0,0.3243243243243243]
[3,74.5945945945946,0,0.3243243243243243]
[4,74.67567567567568,0,0.3243243243243243]
[2,74.75675675675676,0,0.16216216216216214]
[1,74.83783783783784,0,0.3243243243243243]
[0,74.91891891891892,0,0.3243243243243243]
[5,75.08108108108108,0,0.16216216216216214]
[6,75.24324324324324,0,0.3243243243243243]
[7,75.24324324324324,0,0.3243243243243243]
[8,75.4054054054054,0,0.16216216216216214]
[0,75.56756756756756,0,0.3243243243243243]
[2,75.72972972972973,0,0.3243243243243243]
[3,75.89189189189189,1,0.16216216216216214]
[4,76.05405405405405,0,0.16216216216216214]
[8,76.21621621621621,1,0.16216216216216214]
[7,76.37837837837837,0,0.16216216216216214]
[4,76.54054054054053,0,0.3243243243243243]
[3,76.54054054054053,1,0.3243243243243243]
[2,76.86486486486486,0,0.3243243243243243]
[0,77.18918918918918,1,0.3243243243243243]
[1,77.18918918918918,0,0.3243243243243243]
[5,77.51351351351352,0,0.3243243243243243]
[6,77.83783783783784,0,0.3243243243243243]
[8,78,0,0.3243243243243243]
[3,78.16216216216216,1,0.16216216216216214]
[4,78.32432432432432,0,0.16216216216216214]
[2,78.48648648648648,1,0.16216216216216214]
[1,78.64864864864865,0,0.16216216216216214]
[0,78.8108108108108,0,0.16216216216216214]
[5,78.97297297297297,0,0.16216216216216214]
[6,79.13513513513513,1,0.3243243243243243]
[7,79.13513513513513,0,0.3243243243243243]
[8,79.45945945945945,0,0.3243243243243243]
[3,79.78378378378378,1,0.3243243243243243]
[4,79.78378378378378,0,0.3243243243243243]
[2,80.1081081081081,0,0.3243243243243243]
[0,80.43243243243244,0,0.3243243243243243]
[5,80.5945945945946,0,0.3243243243243243]
[6,80.75675675675676,1,0.16216216216216214]
[4,80.91891891891892,0,0.16216216216216214]
[2,81.08108108108108,1,0.16216216216216214]
[1,81.24324324324324,0,0.16216216216216214]
[3,81.4054054054054,0,0.16216216216216214]
[8,81.56756756756756,0,0.16216216216216214]
[6,81.72972972972973,1,0.3243243243243243]
[7,81.72972972972973,0,0.3243243243243243]
[5,82.05405405405405,0,0.3243243243243243]
[0,82.37837837837837,1,0.3243243243243243]
[4,82.37837837837837,0,0.3243243243243243]
[2,82.7027027027027,0,0.3243243243243243]
[1,82.86486486486486,0,0.3243243243243243]
[3,83.02702702702702,0,0.3243243243243243]
[8,83.18918918918918,0,0.3243243243243243]
[6,83.35135135135135,1,0.16216216216216214]
[7,83.51351351351352,0,0.3243243243243243]
[5,83.67567567567568,1,0.3243243243243243]
[4,83.67567567567568,0,0.3243243243243243]
[0,84,0,0.3243243243243243]
[2,84.32432432432432,1,0.3243243243243243]
[1,84.32432432432432,0,0.3243243243243243]
[3,84.64864864864865,0,0.3243243243243243]
[4,84.72972972972973,0,0.3243243243243243]
[8,84.8108108108108,0,0.3243243243243243]
[7,84.89189189189189,0,0.3243243243243243]
[0,84.97297297297297,0,0.3243243243243243]
[1,85.05405405405405,0,0.3243243243243243]
[5,85.13513513513513,0,0.3243243243243243]
[4,85.21621621621621,0,0.3243243243243243]
[6,85.29729729729729,0,0.3243243243243243]
[8,85.45945945945945,0,0.3243243243243243]
[0,85.62162162162161,0,0.3243243243243243]
[1,85.62162162162161,0,0.3243243243243243]
[2,85.78378378378378,0,0.3243243243243243]
[4,85.86486486486486,0,0.3243243243243243]
[3,85.94594594594594,0,0.3243243243243243]
[8,86.1081081081081,0,0.3243243243243243]
[6,86.27027027027026,0,0.3243243243243243]
[7,86.27027027027026,0,0.3243243243243243]
[2,86.43243243243244,0,0.3243243243243243]
[0,86.5945945945946,0,0.3243243243243243]
[5,86.75675675675676,0,0.3243243243243243]
[4,86.91891891891892,0,0.3243243243243243]
[3,86.91891891891892,0,0.3243243243243243]
[2,87.08108108108108,0,0.3243243243243243]
[6,87.24324324324324,0,0.3243243243243243]
[5,87.4054054054054,0,0.3243243243243243]
[0,87.56756756756756,1,0.3243243243243243]
[8,87.89189189189189,0,0.3243243243243243]
[3,88.05405405405405,0,0.3243243243243243]
[1,88.21621621621621,0,0.3243243243243243]
[2,88.21621621621621,0,0.3243243243243243]
[0,88.37837837837837,0,0.3243243243243243]
[4,88.45945945945945,0,0.3243243243243243]
[5,88.54054054054053,0,0.3243243243243243]
[6,88.7027027027027,0,0.3243243243243243]
[7,88.86486486486486,0,0.3243243243243243]
[8,88.86486486486486,0,0.3243243243243243]
[3,89.02702702702702,0,0.3243243243243243]
[2,89.18918918918918,0,0.3243243243243243]
[0,89.35135135135134,0,0.3243243243243243]
[7,89.51351351351352,0,0.3243243243243243]
[8,89.51351351351352,1,0.3243243243243243]
[3,89.83783783783784,1,0.16216216216216212]
[4,89.83783783783784,0,0.3243243243243243]
[5,90,0,0.3243243243243243]
[1,90.08108108108108,0,0.3243243243243243]
[0,90.16216216216216,1,0.3243243243243243]
[2,90.48648648648648,1,0.3243243243243243]
[4,90.8108108108108,0,0.3243243243243243]
[3,90.8108108108108,0,0.3243243243243243]
[5,90.97297297297297,0,0.3243243243243243]
[7,91.05405405405405,0,0.3243243243243243]
[6,91.13513513513513,0,0.3243243243243243]
[8,91.29729729729729,0,0.3243243243243243]
[4,91.45945945945945,0,0.3243243243243243]
[3,91.45945945945945,0,0.3243243243243243]
[5,91.62162162162161,0,0.3243243243243243]
[0,91.78378378378378,0,0.3243243243243243]
[2,91.94594594594594,0,0.3243243243243243]
[4,92.1081081081081,0,0.3243243243243243]
[3,92.1081081081081,0,0.3243243243243243]
[8,92.27027027027026,0,0.3243243243243243]
[6,92.43243243243242,0,0.3243243243243243]
[5,92.5945945945946,0,0.3243243243243243]
[0,92.75675675675676,1,0.3243243243243243]
[4,93.08108108108108,0,0.3243243243243243]
[5,93.24324324324324,0,0.3243243243243243]
[7,93.4054054054054,0,0.3243243243243243]
[6,93.4054054054054,0,0.3243243243243243]
[8,93.56756756756756,0,0.3243243243243243]
[4,93.64864864864865,0,0.3243243243243243]
[3,93.72972972972973,0,0.3243243243243243]
[2,93.89189189189189,0,0.3243243243243243]
[1,94.05405405405405,0,0.3243243243243243]
[0,94.05405405405405,0,0.3243243243243243]
[5,94.21621621621621,0,0.3243243243243243]
[6,94.37837837837837,0,0.3243243243243243]
[8,94.54054054054053,0,0.3243243243243243]
[3,94.7027027027027,1,0.3243243243243243]
[4,94.7027027027027,0,0.3243243243243243]
[1,95.02702702702702,0,0.3243243243243243]
[2,95.02702702702702,1,0.3243243243243243]
[0,95.35135135135134,0,0.3243243243243243]
[4,95.43243243243242,0,0.3243243243243243]
[5,95.51351351351352,0,0.3243243243243243]
[7,95.5945945945946,0,0.3243243243243243]
[6,95.67567567567568,0,0.3243243243243243]
[8,95.83783783783784,0,0.3243243243243243]
[0,96,0,0.3243243243243243]
[7,96.10810810810811,0,0.3243243243243243]
[2,96.21621621621621,0,0.3243243243243243]
[3,96.32432432432432,1,0.3243243243243243]
[2,96.64864864864865,0,0.3243243243243243]
[7,96.75675675675676,0,0.3243243243243243]
[0,96.86486486486487,0,0.3243243243243243]
[5,96.97297297297297,1,0.3243243243243243]
[6,97.29729729729729,0,0.3243243243243243]
[2,97.4054054054054,0,0.3243243243243243]
[0,97.51351351351352,0,0.3243243243243243]
[8,97.62162162162163,0,0.3243243243243243]
[3,97.72972972972973,0,0.3243243243243243]
[5,97.83783783783784,0,0.3243243243243243]
[0,97.94594594594595,0,0.3243243243243243]
[7,98.05405405405405,0,0.3243243243243243]
[2,98.16216216216216,0,0.3243243243243243]
[3,98.27027027027027,1,0.3243243243243243]
[2,98.5945945945946,0,0.3243243243243243]
[7,98.70270270270271,0,0.3243243243243243]
[0,98.8108108108108,0,0.3243243243243243]
[5,98.91891891891892,1,0.3243243243243243]
[0,99.24324324324324,0,0.3243243243243243]
[7,99.35135135135135,0,0.3243243243243243]
[2,99.45945945945945,0,0.3243243243243243]
[3,99.56756756756756,1,0.3243243243243243]
[2,99.89189189189189,0,0.3243243243243243]
[6,100,0,0.3243243243243243]
[5,100.10810810810811,0,0.3243243243243243]
[0,100.21621621621621,0,0.3243243243243243]
[8,100.32432432432432,0,0.3243243243243243]
[3,100.43243243243244,0,0.3243243243243243]
[2,100.54054054054055,0,0.3243243243243243]
[1,100.64864864864865,0,0.3243243243243243]
[3,100.75675675675676,0,0.3243243243243243]
[7,100.86486486486487,0,0.3243243243243243]
[5,100.97297297297297,0,0.3243243243243243]
[4,101.08108108108108,0,0.3243243243243243]
[0,101.1891891891892,0,0.3243243243243243]
[3,101.1891891891892,0,0.3243243243243243]
[2,101.29729729729729,0,0.3243243243243243]
[6,101.4054054054054,0,0.3243243243243243]
[8,101.51351351351352,1,0.3243243243243243]
[0,101.83783783783784,0,0.3243243243243243]
[7,101.94594594594595,0,0.3243243243243243]
[2,102.05405405405405,0,0.3243243243243243]
[3,102.16216216216216,1,0.3243243243243243]
[2,102.48648648648648,0,0.3243243243243243]
[6,102.5945945945946,0,0.3243243243243243]
[5,102.70270270270271,0,0.3243243243243243]
[0,102.8108108108108,0,0.3243243243243243]
[8,102.91891891891892,0,0.3243243243243243]
[3,103.02702702702703,0,0.3243243243243243]
[2,103.13513513513513,0,0.3243243243243243]
[7,103.24324324324324,0,0.3243243243243243]
[0,103.35135135135135,0,0.3243243243243243]
[5,103.45945945945945,1,0.3243243243243243]
[0,103.78378378378379,0,0.3243243243243243]
[2,103.89189189189189,0,0.3243243243243243]
[6,104,0,0.3243243243243243]
[8,104.10810810810811,1,0.3243243243243243]
[6,104.43243243243244,0,0.3243243243243243]
[2,104.54054054054055,0,0.3243243243243243]
[0,104.64864864864865,0,0.3243243243243243]
[5,104.75675675675676,1,0.3243243243243243]
[6,105.08108108108108,0,0.3243243243243243]
[8,105.1891891891892,0,0.3243243243243243]
[3,105.29729729729729,0,0.3243243243243243]
[2,105.4054054054054,0,0.3243243243243243]
[0,105.51351351351352,0,0.3243243243243243]
[5,105.62162162162163,0,0.3243243243243243]
[6,105.72972972972973,0,0.3243243243243243]
[8,105.83783783783784,0,0.3243243243243243]
[0,105.94594594594595,0,0.3243243243243243]
[4,106.05405405405405,0,0.3243243243243243]
[2,106.05405405405405,1,0.3243243243243243]
[6,106.37837837837837,0,0.3243243243243243]
[7,106.37837837837837,0,0.3243243243243243]
[5,106.54054054054053,0,0.3243243243243243]
[0,106.7027027027027,0,0.3243243243243243]
[2,106.86486486486486,0,0.3243243243243243]
[3,107.02702702702702,1,0.16216216216216214]
[7,107.18918918918918,0,0.3243243243243243]
[5,107.35135135135134,1,0.16216216216216212]
[0,107.5135135135135,0,0.3243243243243243]
[1,107.67567567567568,0,0.3243243243243243]
[2,107.67567567567568,1,0.3243243243243243]
[3,108,1,0.3243243243243243]
[4,108,0,0.3243243243243243]
[8,108.32432432432432,0,0.3243243243243243]
[7,108.32432432432432,0,0.3243243243243243]
[6,108.48648648648648,0,0.3243243243243243]
[4,108.56756756756756,0,0.3243243243243243]
[5,108.64864864864865,1,0.16216216216216214]
[0,108.8108108108108,0,0.3243243243243243]
[1,108.97297297297297,0,0.3243243243243243]
[2,108.97297297297297,1,0.3243243243243243]
[4,109.29729729729729,0,0.3243243243243243]
[3,109.29729729729729,1,0.3243243243243243]
[8,109.62162162162161,0,0.3243243243243243]
[7,109.62162162162161,0,0.3243243243243243]
[6,109.78378378378378,0,0.3243243243243243]
[4,109.86486486486486,0,0.3243243243243243]
[5,109.94594594594594,1,0.16216216216216214]
[0,110.1081081081081,0,0.3243243243243243]
[1,110.27027027027026,0,0.3243243243243243]
[2,110.27027027027026,1,0.3243243243243243]
[4,110.59459459459458,0,0.3243243243243243]
[3,110.59459459459458,1,0.3243243243243243]
[8,110.91891891891892,0,0.3243243243243243]
[7,110.91891891891892,0,0.3243243243243243]
[6,111.08108108108108,0,0.3243243243243243]
[5,111.24324324324324,0,0.3243243243243243]
[0,111.4054054054054,0,0.3243243243243243]
[2,111.56756756756756,0,0.3243243243243243]
[1,111.56756756756756,0,0.3243243243243243]
[3,111.72972972972973,0,0.3243243243243243]
[5,111.89189189189189,0,0.3243243243243243]
[6,112.05405405405405,0,0.3243243243243243]
[8,112.21621621621621,1,0.16216216216216214]
[4,112.37837837837837,0,0.16216216216216214]
[0,112.54054054054053,1,0.16216216216216214]
[2,112.7027027027027,0,0.16216216216216214]
[7,112.86486486486486,0,0.3243243243243243]
[6,112.86486486486486,1,0.3243243243243243]
[4,113.18918918918918,0,0.3243243243243243]
[5,113.18918918918918,1,0.3243243243243243]
[0,113.5135135135135,0,0.3243243243243243]
[1,113.5135135135135,0,0.3243243243243243]
[2,113.67567567567568,0,0.3243243243243243]
[4,113.75675675675676,0,0.3243243243243243]
[3,113.83783783783784,1,0.16216216216216214]
[8,114,0,0.3243243243243243]
[7,114.16216216216216,0,0.3243243243243243]
[6,114.16216216216216,1,0.3243243243243243]
[4,114.48648648648648,0,0.3243243243243243]
[5,114.48648648648648,1,0.3243243243243243]
[0,114.8108108108108,0,0.3243243243243243]
[1,114.8108108108108,0,0.3243243243243243]
[2,114.97297297297297,0,0.3243243243243243]
[4,115.05405405405405,0,0.3243243243243243]
[3,115.13513513513513,0,0.3243243243243243]
[8,115.29729729729729,0,0.3243243243243243]
[7,115.45945945945945,0,0.3243243243243243]
[6,115.45945945945945,0,0.3243243243243243]
[5,115.62162162162161,0,0.3243243243243243]
[4,115.78378378378378,0,0.3243243243243243]
[3,115.78378378378378,1,0.16216216216216214]
[2,115.94594594594594,0,0.3243243243243243]
[1,116.1081081081081,0,0.3243243243243243]
[0,116.1081081081081,1,0.3243243243243243]
[5,116.43243243243242,1,0.3243243243243243]
[6,116.75675675675676,0,0.3243243243243243]
[7,116.75675675675676,0,0.3243243243243243]
[8,116.91891891891892,0,0.3243243243243243]
[3,117.08108108108108,0,0.3243243243243243]
[2,117.24324324324324,0,0.3243243243243243]
[0,117.4054054054054,0,0.3243243243243243]
[1,117.4054054054054,0,0.3243243243243243]
[5,117.56756756756756,0,0.3243243243243243]
[3,117.72972972972973,0,0.3243243243243243]
[8,117.89189189189189,0,0.3243243243243243]
[6,118.05405405405405,0,0.3243243243243243]
[7,118.05405405405405,0,0.3243243243243243]
[5,118.21621621621621,0,0.3243243243243243]
[0,118.37837837837837,0,0.3243243243243243]
[2,118.54054054054053,0,0.3243243243243243]
[3,118.7027027027027,0,0.3243243243243243]
[4,118.7027027027027,0,0.3243243243243243]
[8,118.86486486486486,0,0.3243243243243243]
[0,119.02702702702702,1,0.16216216216216214]
[1,119.18918918918918,0,0.16216216216216214]
[4,119.35135135135134,0,0.16216216216216214]
[5,119.35135135135134,0,0.3243243243243243]
[6,119.5135135135135,0,0.16216216216216214]
[8,119.67567567567566,0,0.3243243243243243]
[3,119.83783783783784,0,0.3243243243243243]
[4,120,0,0.16216216216216214]
[5,120,0,0.3243243243243243]
[0,120.16216216216216,0,0.3243243243243243]
[8,120.32432432432432,0,0.3243243243243243]
[6,120.48648648648648,0,0.3243243243243243]
[2,120.64864864864865,0,0.3243243243243243]
[1,120.64864864864865,0,0.3243243243243243]
[3,120.8108108108108,0,0.3243243243243243]
[5,120.97297297297297,0,0.3243243243243243]
[7,120.97297297297297,0,0.3243243243243243]
[0,121.13513513513513,0,0.3243243243243243]
[2,121.29729729729729,0,0.3243243243243243]
[1,121.29729729729729,0,0.3243243243243243]
[3,121.45945945945945,0,0.3243243243243243]
[4,121.54054054054052,0,0.16216216216216214]
[8,121.62162162162161,1,0.16216216216216214]
[6,121.78378378378378,0,0.3243243243243243]
[1,121.94594594594594,0,0.16216216216216214]
[2,121.94594594594594,0,0.3243243243243243]
[3,122.1081081081081,0,0.3243243243243243]
[8,122.27027027027026,0,0.3243243243243243]
[6,122.43243243243242,0,0.3243243243243243]
[5,122.59459459459458,1,0.16216216216216214]
[4,122.75675675675676,0,0.16216216216216214]
[0,122.91891891891892,1,0.16216216216216214]
[2,123.08108108108108,0,0.16216216216216214]
[6,123.24324324324324,1,0.3243243243243243]
[7,123.24324324324324,0,0.3243243243243243]
[5,123.56756756756755,1,0.3243243243243243]
[4,123.56756756756755,0,0.3243243243243243]
[0,123.89189189189189,0,0.3243243243243243]
[1,123.89189189189189,0,0.3243243243243243]
[2,124.05405405405405,0,0.3243243243243243]
[4,124.13513513513513,0,0.3243243243243243]
[3,124.21621621621621,0,0.16216216216216214]
[6,124.54054054054053,1,0.3243243243243243]
[7,124.54054054054053,0,0.3243243243243243]
[4,124.86486486486484,0,0.3243243243243243]
[5,124.86486486486484,1,0.3243243243243243]
[0,125.18918918918918,0,0.3243243243243243]
[1,125.18918918918918,0,0.3243243243243243]
[2,125.35135135135134,0,0.3243243243243243]
[4,125.43243243243242,0,0.3243243243243243]
[3,125.51351351351352,0,0.3243243243243243]
[7,125.59459459459458,0,0.3243243243243243]
[8,125.67567567567566,0,0.3243243243243243]
[1,125.83783783783784,0,0.3243243243243243]
[0,125.83783783783784,0,0.3243243243243243]
[5,126,0,0.3243243243243243]
[3,126.16216216216216,0,0.3243243243243243]
[4,126.16216216216216,0,0.3243243243243243]
[8,126.32432432432432,0,0.3243243243243243]
[6,126.48648648648648,0,0.3243243243243243]
[7,126.48648648648648,0,0.3243243243243243]
[5,126.64864864864865,0,0.3243243243243243]
[0,126.8108108108108,0,0.3243243243243243]
[4,126.8108108108108,0,0.3243243243243243]
[2,126.97297297297297,0,0.3243243243243243]
[6,127.13513513513513,0,0.3243243243243243]
[7,127.13513513513513,0,0.3243243243243243]
[8,127.29729729729729,0,0.3243243243243243]
[0,127.45945945945945,0,0.3243243243243243]
[4,127.45945945945945,0,0.16216216216216214]
[5,127.62162162162161,0,0.3243243243243243]
[7,127.78378378378378,0,0.3243243243243243]
[6,127.78378378378378,0,0.16216216216216214]
[2,127.94594594594594,0,0.3243243243243243]
[4,128.1081081081081,0,0.16216216216216214]
[3,128.1081081081081,0,0.16216216216216214]
[5,128.27027027027026,0,0.3243243243243243]
[1,128.43243243243242,0,0.16216216216216214]
[0,128.43243243243242,0,0.16216216216216214]
[4,129.08108108108107,0,0.16216216216216214]
[5,129.08108108108107,0,0.16216216216216214]
[7,129.7297297297297,0,0.3243243243243243]
[6,129.7297297297297,0,0.3243243243243243]
[4,130.3783783783784,0,0.3243243243243243]
[5,130.3783783783784,0,0.3243243243243243]
[0,131.02702702702703,0,0.3243243243243243]
[1,131.02702702702703,0,0.3243243243243243]
[5,131.35135135135135,0,0.3243243243243243]
[6,131.67567567567568,0,0.3243243243243243]
[2,132,0,0.3243243243243243]
[3,132.32432432432432,0,0.3243243243243243]
[8,132.64864864864865,0,0.3243243243243243]
[0,132.97297297297297,0,0.3243243243243243]
[8,133.2972972972973,0,0.3243243243243243]
[4,133.6216216216216,0,0.3243243243243243]
[3,133.6216216216216,0,0.3243243243243243]
[2,133.94594594594594,0,0.3243243243243243]
[3,134.27027027027026,0,0.3243243243243243]
[8,134.59459459459458,0,0.3243243243243243]
[6,134.75675675675674,0,0.3243243243243243]
[5,134.9189189189189,0,0.3243243243243243]
[4,135,0,0.3243243243243243]
[0,135.08108108108107,0,0.3243243243243243]
[1,135.16216216216216,0,0.3243243243243243]
[2,135.24324324324323,0,0.3243243243243243]
[3,135.4054054054054,0,0.3243243243243243]
[7,135.48648648648648,0,0.3243243243243243]
[8,135.56756756756755,0,0.3243243243243243]
[0,135.7297297297297,0,0.3243243243243243]
[4,135.8108108108108,0,0.3243243243243243]
[5,135.89189189189187,0,0.3243243243243243]
[6,136.05405405405403,0,0.3243243243243243]
[1,136.2162162162162,0,0.3243243243243243]
[2,136.2162162162162,0,0.3243243243243243]
[3,136.37837837837836,0,0.3243243243243243]
[7,136.45945945945945,0,0.3243243243243243]
[8,136.54054054054055,0,0.3243243243243243]
[0,136.7027027027027,0,0.3243243243243243]
[4,136.78378378378378,0,0.3243243243243243]
[5,136.86486486486487,0,0.3243243243243243]
[6,137.02702702702703,0,0.3243243243243243]
[2,137.1891891891892,0,0.3243243243243243]
[3,137.35135135135135,0,0.3243243243243243]
[7,137.51351351351352,0,0.3243243243243243]
[8,137.51351351351352,0,0.3243243243243243]
[0,137.67567567567568,0,0.3243243243243243]
[4,137.75675675675674,0,0.3243243243243243]
[5,137.83783783783784,0,0.3243243243243243]
[3,138,0,0.3243243243243243]
[7,138.08108108108107,0,0.3243243243243243]
[8,138.16216216216216,0,0.3243243243243243]
[6,138.32432432432432,0,0.3243243243243243]
[5,138.48648648648648,0,0.3243243243243243]
[0,138.64864864864865,0,0.3243243243243243]
[1,138.8108108108108,0,0.3243243243243243]
[2,138.8108108108108,0,0.3243243243243243]
[3,138.97297297297297,0,0.3243243243243243]
[4,139.05405405405403,0,0.3243243243243243]
[8,139.13513513513513,0,0.3243243243243243]
[0,139.2972972972973,0,0.3243243243243243]
[1,139.37837837837836,0,0.3243243243243243]
[5,139.45945945945945,0,0.3243243243243243]
[3,139.6216216216216,0,0.3243243243243243]
[8,139.78378378378378,0,0.3243243243243243]
[6,139.94594594594594,0,0.3243243243243243]
[4,140.1081081081081,0,0.3243243243243243]
[5,140.1081081081081,0,0.3243243243243243]
[3,140.27027027027026,0,0.3243243243243243]
[1,140.35135135135135,0,0.3243243243243243]
[2,140.43243243243242,0,0.3243243243243243]
[6,140.59459459459458,0,0.3243243243243243]
[4,140.67567567567568,0,0.3243243243243243]
[5,140.75675675675674,0,0.3243243243243243]
[0,140.9189189189189,0,0.3243243243243243]
[2,141.08108108108107,0,0.3243243243243243]
[3,141.24324324324323,0,0.3243243243243243]
[7,141.4054054054054,0,0.3243243243243243]
[8,141.4054054054054,0,0.3243243243243243]
[0,141.5628947368421,0,0.31578947368421056]
[4,141.64184210526315,0,0.31578947368421056]
[5,141.72078947368422,0,0.31578947368421056]
[3,141.87868421052633,0,0.31578947368421056]
[7,141.95763157894737,0,0.31578947368421056]
[8,142.0365789473684,0,0.31578947368421056]
[6,142.19447368421052,0,0.31578947368421056]
[5,142.35236842105263,0,0.31578947368421056]
[0,142.51026315789474,0,0.31578947368421056]
[2,142.66815789473685,0,0.31578947368421056]
[1,142.66815789473685,0,0.31578947368421056]
[3,142.82605263157896,0,0.31578947368421056]
[4,142.905,0,0.31578947368421056]
[8,142.98394736842104,0,0.31578947368421056]
[0,143.14184210526315,0,0.31578947368421056]
[1,143.22078947368422,0,0.31578947368421056]
[5,143.29973684210526,0,0.31578947368421056]
[6,143.45763157894737,0,0.31578947368421056]
[8,143.61552631578948,0,0.31578947368421056]
[3,143.7734210526316,0,0.31578947368421056]
[1,143.93131578947367,0,0.31578947368421056]
[2,143.93131578947367,0,0.31578947368421056]
[0,144.08921052631578,0,0.31578947368421056]
[4,144.16815789473685,0,0.31578947368421056]
[5,144.2471052631579,0,0.31578947368421056]
[3,144.405,0,0.31578947368421056]
[7,144.48394736842104,0,0.31578947368421056]
[8,144.5628947368421,0,0.31578947368421056]
[6,144.72078947368422,0,0.31578947368421056]
[5,144.87868421052633,0,0.31578947368421056]
[0,145.0365789473684,0,0.31578947368421056]
[1,145.19447368421052,0,0.31578947368421056]
[2,145.19447368421052,0,0.31578947368421056]
[3,145.35236842105263,0,0.31578947368421056]
[4,145.43131578947367,0,0.31578947368421056]
[8,145.51026315789474,0,0.31578947368421056]
[0,145.66815789473685,0,0.31578947368421056]
[1,145.7471052631579,0,0.31578947368421056]
[5,145.82605263157896,0,0.31578947368421056]
[6,145.98394736842104,0,0.31578947368421056]
[7,145.98394736842104,0,0.31578947368421056]
[8,146.14184210526315,0,0.31578947368421056]
[4,146.22078947368422,0,0.31578947368421056]
[0,146.29973684210526,0,0.31578947368421056]
[1,146.457,0,0.3076923076923077]
[2,146.457,0,0.3076923076923077]
[3,146.61084615384615,0,0.3076923076923077]
[5,146.76469230769231,0,0.3076923076923077]
[6,146.91853846153845,0,0.3076923076923077]
[8,147.0723846153846,0,0.3076923076923077]
[7,147.0723846153846,0,0.15384615384615385]
[3,147.22623076923077,0,0.3076923076923077]
[2,147.38007692307693,0,0.3076923076923077]
[0,147.53392307692306,0,0.3076923076923077]
[4,147.68776923076922,0,0.3076923076923077]
[5,147.68776923076922,0,0.3076923076923077]
[6,147.84161538461538,0,0.3076923076923077]
[2,147.99546153846154,0,0.3076923076923077]
[3,148.14930769230767,0,0.3076923076923077]
[7,148.30315384615383,0,0.3076923076923077]
[8,148.30315384615383,0,0.3076923076923077]
[0,148.457,0,0.3076923076923077]
[5,148.61084615384615,0,0.3076923076923077]
[6,148.76469230769231,0,0.3076923076923077]
[1,148.91853846153845,0,0.3076923076923077]
[2,148.91853846153845,0,0.3076923076923077]
[0,149.0723846153846,0,0.3076923076923077]
[4,149.14930769230767,0,0.3076923076923077]
[5,149.22623076923077,0,0.3076923076923077]
[3,149.38007692307693,0,0.3076923076923077]
[7,149.457,0,0.3076923076923077]
[8,149.53392307692306,0,0.3076923076923077]
[6,149.68776923076922,0,0.3076923076923077]
[5,149.84161538461538,0,0.3076923076923077]
[0,149.99546153846154,0,0.3076923076923077]
[1,150.14930769230767,0,0.3076923076923077]
[2,150.14930769230767,0,0.3076923076923077]
[3,150.30315384615383,0,0.3076923076923077]
[5,150.457,0,0.3076923076923077]
[6,150.61084615384615,0,0.3076923076923077]
[8,150.76469230769231,0,0.3076923076923077]
[7,150.76469230769231,0,0.15384615384615385]
[0,150.91853846153845,0,0.3076923076923077]
[2,151.0723846153846,0,0.3076923076923077]
[1,151.14930769230767,0,0.3076923076923077]
[3,151.22623076923077,0,0.3076923076923077]
[4,151.30315384615383,0,0.3076923076923077]
[5,151.38007692307693,0,0.3076923076923077]
[8,151.38007692307693,0,0.3076923076923077]
[6,151.53,0,0.3]
[2,151.68,0,0.3]
[0,151.82999999999998,0,0.3]
[4,151.98,0,0.3]
[5,151.98,0,0.3]
[3,152.13,0,0.3]
[8,152.28,0,0.3]
[6,152.43,0,0.3]
[1,152.57999999999998,0,0.3]
[2,152.57999999999998,0,0.3]
[0,152.73,0,0.3]
[4,152.805,0,0.3]
[5,152.88,0,0.3]
[3,153.03,0,0.3]
[7,153.105,0,0.3]
[8,153.18,0,0.3]
[6,153.32999999999998,0,0.3]
[5,153.48,0,0.3]
[0,153.63,0,0.3]
[1,153.78,0,0.3]
[2,153.78,0,0.3]
[6,153.93,0,0.3]
[7,154.005,0,0.3]
[5,154.07999999999998,0,0.3]
[4,154.155,0,0.3]
[0,154.23,0,0.15]
[1,154.305,0,0.3]
[8,154.38,0,0.15]
[7,154.45499999999998,0,0.15]
[3,154.53,0,0.15]
[4,154.605,0,0.15]
[2,154.68,0,0.15]
[1,154.755,0,0.15]
[6,154.82999999999998,0,0.15]
[7,154.905,0,0.15]
[8,154.98,0,0.3]
[5,154.98,0,0.3]
[0,155.28,0,0.3]
[3,155.28,0,0.3]
[2,155.57999999999998,0,0.3]
[4,155.57999999999998,0,0.3]
[6,155.57999999999998,0,0.3]