[3,0.135,1,0.5625]
[4,0.6975,0,0.75]
[8,0.885,0,0.5625]
[6,1.0725,0,0.375]
[5,1.26,0,0.5625]
[0,1.4475,1,0.375]
[2,1.8225,0,0.375]
[4,2.01,0,0.375]
[5,2.1975,0,0.375]
[7,2.385,0,0.375]
[7,2.5725,0,0.375]
[0,2.76,1,0.375]
[5,3.135,1,0.5625]
[4,3.6975,0,0.5625]
[3,3.885,0,0.5625]
[8,4.0725,0,0.5625]
[6,4.26,0,0.5625]
[5,4.4475,0,0.5625]
[5,4.635,0,0.5625]
[0,4.8225,0,0.5625]
[2,5.01,0,0.5625]
[4,5.1975,0,0.5625]
[6,5.385,0,0.5625]
[8,5.5725,0,0.5625]
[0,5.76,1,0.375]
[5,6.135,1,0.5625]
[4,6.6975,0,0.375]
[6,6.885,0,0.375]
[7,7.0725,0,0.375]
[5,7.26,0,0.375]
[0,7.4475,1,0.375]
[1,7.8225,0,0.375]
[5,8.01,0,0.375]
[4,8.1975,0,0.375]
[3,8.385,0,0.375]
[7,8.5725,0,0.375]
[6,8.76,0,0.375]
[7,9.135,0,0.375]
[8,9.135,0,0.375]
[6,9.3225,0,0.375]
[5,9.51,0,0.375]
[0,9.6975,0,0.375]
[1,9.885,0,0.375]
[2,9.885,0,0.375]
[3,10.0725,0,0.375]
[8,10.26,1,0.9375]
[7,11.1975,0,0.5625]
[0,11.385,0,0.9375]
[5,11.5725,0,0.9375]
[3,11.76,0,0.9375]
[8,11.9475,0,0.9375]
[6,12.135,1,0.5625]
[7,12.6975,0,0.5625]
[5,12.885,0,0.5625]
[1,13.0725,0,0.5625]
[3,13.26,0,0.5625]
[7,13.4475,1,0.375]
[8,13.8225,0,0.375]
[6,14.01,0,0.375]
[5,14.1975,0,0.375]
[0,14.385,0,0.375]
[4,14.5725,0,0.375]
[8,14.76,1,0.375]
[6,15.135,1,0.5625]
[7,15.6975,0,0.5625]
[5,15.885,0,0.5625]
[0,16.0725,0,0.5625]
[2,16.26,0,0.5625]
[8,16.4475,1,0.375]
[7,16.8225,0,0.375]
[5,17.01,0,0.375]
[0,17.1975,0,0.375]
[3,17.385,0,0.375]
[7,17.5725,0,0.375]
[2,17.76,1,0.375]
[0,18.135,1,0.5625]
[1,18.6975,0,0.5625]
[5,18.885,0,0.5625]
[1,19.0725,0,0.5625]
[4,19.26,0,0.5625]
[2,19.4475,1,0.375]
[1,19.8225,0,0.375]
[3,20.01,0,0.375]
[4,20.1975,0,0.375]
[5,20.385,0,0.375]
[7,20.5725,0,0.375]
[6,20.76,0,0.375]
[8,21.135,0,0.375]
[8,21.3225,0,0.5625]
[6,21.51,0,0.375]
[6,21.6975,0,0.375]
[5,21.885,0,0.375]
[1,22.0725,0,0.5625]
[3,22.26,1,1.5]
[4,23.76,0,0.375]
[5,23.76,0,0.375]
[2,24.135,0,0.375]
[0,24.135,0,0.375]
[3,24.51,0,0.375]
[7,24.51,0,0.375]
[6,24.885,0,0.375]
[8,25.0725,0,0.5625]
[4,25.26,0,0.375]
[3,25.26,0,0.375]
[1,25.635,0,0.375]
[2,25.635,0,0.375]
[1,26.01,0,0.375]
[2,26.01,0,0.375]
[0,26.385,0,0.375]
[5,26.5725,0,0.5625]
[3,26.76,0,0.375]
[7,26.76,0,0.375]
[6,27.135,0,0.375]
[8,27.135,0,0.375]
[6,27.51,0,0.375]
[8,27.51,0,0.375]
[0,27.885,0,0.5625]
[2,28.0725,0,0.375]
[4,28.26,0,0.375]
[3,28.26,0,0.375]
[6,28.635,0,0.375]
[7,28.635,0,0.375]
[4,29.01,0,0.375]
[5,29.01,0,0.375]
[2,29.385,0,0.5625]
[0,29.5725,0,0.375]
[4,29.76,0,0.375]
[5,29.76,0,0.375]
[3,29.9475,0,0.375]
[8,30.135,0,0.375]
[7,30.3225,0,0.375]
[8,30.51,0,0.375]
[7,30.6975,0,0.375]
[3,30.885,0,0.375]
[4,31.0725,0,0.375]
[2,31.26,0,0.375]
[8,31.4475,0,0.375]
[7,31.54125,0,0.375]
[6,31.635,0,0.375]
[5,31.8225,0,0.375]
[4,32.01,0,0.375]
[0,32.1975,0,0.375]
[1,32.385,0,0.375]
[2,32.5725,0,0.375]
[3,32.76,0,0.375]
[8,32.9475,0,0.375]
[7,33.04125,0,0.375]
[6,33.135,0,0.375]
[6,33.3225,0,0.375]
[8,33.51,0,0.375]
[8,33.6975,0,0.375]
[5,33.885,0,0.375]
[5,34.0725,0,0.375]
[0,34.26,0,0.375]
[0,34.4475,0,0.375]
[2,34.635,0,0.375]
[1,34.8225,0,0.375]
[3,35.01,0,0.375]
[4,35.1975,0,0.375]
[5,35.385,1,0.75]
[4,36.135,0,0.75]
[3,36.3225,0,0.75]
[1,36.51,0,0.75]
[5,36.6975,0,0.75]
[0,36.885,0,0.75]
[4,37.0725,0,0.75]
[2,37.26,0,0.75]
[8,37.4475,0,0.375]
[7,37.54125,0,0.375]
[6,37.635,0,0.375]
[5,37.8225,0,0.75]
[0,38.01,0,0.75]
[5,38.1975,0,0.75]
[1,38.385,0,0.75]
[3,38.5725,0,0.75]
[6,38.76,0,0.75]
[5,38.9475,0,0.375]
[4,39.04125,0,0.375]
[3,39.135,0,0.375]
[5,39.3225,0,0.75]
[7,39.51,0,0.75]
[0,39.6975,0,0.75]
[4,39.885,0,0.75]
[2,40.0725,0,0.75]
[1,40.26,0,0.75]
[3,40.4475,0,0.375]
[4,40.54125,0,0.375]
[5,40.635,0,0.375]
[0,40.8225,0,0.75]
[3,41.01,0,0.75]
[7,41.1975,0,0.75]
[5,41.385,0,0.75]
[4,41.5725,0,0.75]
[3,41.76,0,0.5625]
[2,41.9475,0,0.375]
[1,42.04125,0,0.375]
[0,42.135,0,0.375]
[5,42.3225,0,0.75]
[4,42.51,0,0.375]
[3,42.51,0,0.375]
[8,42.6975,0,0.5625]
[6,42.885,0,0.375]
[7,42.885,0,0.375]
[5,43.0725,0,0.75]
[3,43.26,0,0.375]
[4,43.26,0,0.375]
[2,43.4475,0,0.5625]
[1,43.54125,0,0.5625]
[0,43.635,0,0.5625]
[5,43.8225,0,0.5625]
[0,44.01,0,0.5625]
[4,44.1975,0,0.5625]
[2,44.385,0,0.5625]
[4,44.5725,0,0.5625]
[5,44.76,0,0.5625]
[6,44.9475,0,0.5625]
[7,45.04125,0,0.5625]
[8,45.135,0,0.5625]
[4,45.3225,0,0.5625]
[5,45.51,0,0.5625]
[7,45.6975,0,0.5625]
[0,45.885,0,0.5625]
[1,46.0725,0,0.5625]
[5,46.26,0,0.5625]
[4,46.4475,0,0.5625]
[5,46.635,0,0.5625]
[0,46.8225,0,0.375]
[1,46.91625,0,0.375]
[2,47.01,0,0.375]
[3,47.1975,0,0.375]
[4,47.29125,0,0.375]
[5,47.385,0,0.375]
[6,47.5725,0,0.375]
[7,47.66625,0,0.375]
[8,47.76,0,0.375]
[4,47.9475,0,0.5625]
[3,48.135,1,0.5625]
[4,48.6975,0,0.375]
[8,48.885,0,0.375]
[7,49.0725,0,0.375]
[6,49.26,0,0.375]
[5,49.4475,1,0.375]
[4,49.8225,0,0.375]
[3,50.01,0,0.375]
[1,50.1975,0,0.375]
[2,50.385,0,0.375]
[4,50.5725,0,0.375]
[3,50.76,1,0.375]
[8,51.135,1,0.5625]
[7,51.6975,0,0.375]
[3,51.885,0,0.375]
[2,52.0725,0,0.375]
[5,52.26,0,0.375]
[0,52.4475,1,0.375]
[1,52.8225,0,0.375]
[5,53.01,0,0.375]
[5,53.1975,0,0.375]
[6,53.385,0,0.375]
[7,53.5725,0,0.375]
[3,53.76,1,0.375]
[5,54.135,1,0.5625]
[4,54.6975,0,0.5625]
[0,54.885,0,0.5625]
[3,55.0725,0,0.375]
[7,55.26,0,0.375]
[6,55.4475,1,0.375]
[7,55.8225,0,0.375]
[8,56.01,0,0.375]
[4,56.1975,0,0.375]
[3,56.385,0,0.375]
[1,56.5725,0,0.375]
[2,56.76,1,0.375]
[0,57.135,1,0.375]
[1,57.51,0,0.375]
[5,57.6975,0,0.9375]
[3,57.885,0,0.9375]
[7,58.0725,0,0.9375]
[8,58.26,1,0.9375]
[7,59.1975,0,0.75]
[6,59.385,0,0.375]
[3,59.5725,0,0.375]
[1,59.76,0,0.375]
[2,59.76,0,0.375]
[3,59.9475,0,0.375]
[7,60.135,1,0.5625]
[8,60.6975,0,0.5625]
[4,60.885,0,0.5625]
[5,61.0725,0,0.375]
[0,61.26,0,0.375]
[1,61.4475,1,0.375]
[2,61.8225,0,0.375]
[4,62.01,0,0.375]
[5,62.1975,0,0.375]
[7,62.385,0,0.375]
[8,62.5725,0,0.375]
[6,62.76,1,0.375]
[5,63.135,1,0.5625]
[4,63.6975,0,0.5625]
[0,63.885,0,0.5625]
[1,64.0725,0,0.5625]
[2,64.26,0,0.5625]
[3,64.4475,1,0.375]
[4,64.8225,0,0.375]
[8,65.01,0,0.375]
[7,65.1975,0,0.375]
[6,65.385,0,0.375]
[4,65.5725,0,0.375]
[5,65.76,1,0.375]
[0,66.135,1,0.5625]
[1,66.6975,0,0.5625]
[5,66.885,0,0.5625]
[4,67.0725,0,0.5625]
[3,67.26,0,0.5625]
[1,67.4475,1,0.375]
[2,67.8225,0,0.375]
[4,68.01,0,0.375]
[3,68.1975,0,0.375]
[8,68.385,0,0.375]
[6,68.5725,0,0.375]
[7,68.76,1,0.375]
[6,69.135,0,0.375]
[3,69.3225,0,0.5625]
[4,69.51,0,0.375]
[5,69.51,0,0.375]
[0,69.6975,0,0.5625]
[1,69.885,0,0.375]
[2,69.885,0,0.375]
[3,70.0725,0,0.5625]
[8,70.26,1,0.75]
[7,71.01,0,0.75]
[3,71.1975,0,0.75]
[1,71.385,0,0.375]
[2,71.385,0,0.375]
[0,71.5725,0,0.75]
[4,71.76,0,0.375]
[5,71.76,0,0.375]
[6,71.9475,0,0.75]
[7,72.135,1,3]
[8,75.135,0,3]
[3,75.3225,0,3]
[2,75.51,0,3]
[5,75.6975,0,3]
[0,75.885,1,0.5625]
[1,76.4475,0,0.5625]
[5,76.635,0,0.5625]
[3,76.8225,0,0.5625]
[8,77.01,0,0.5625]
[6,77.1975,0,0.5625]
[5,77.385,0,0.5625]
[6,77.5725,0,0.375]
[7,77.66625,0,0.375]
[3,77.85375,0,0.5625]
[5,78.04125,0,0.5625]
[2,78.3225,0,0.5625]
[1,78.51,0,0.5625]
[3,78.6975,0,0.5625]
[0,79.0725,0,0.5625]
[1,79.26,0,0.5625]
[5,79.4475,0,0.5625]
[6,79.635,0,0.375]
[7,79.72875,0,0.375]
[8,79.8225,0,0.375]
[4,79.91625,0,0.375]
[3,80.01,1,0.375]
[4,80.385,0,0.375]
[8,80.76,0,0.375]
[6,80.9475,0,0.375]
[5,81.135,0,0.375]
[4,81.22875,0,0.375]
[0,81.3225,0,0.375]
[1,81.41625,0,0.375]
[2,81.51,0,0.375]
[3,81.6975,0,0.375]
[8,81.885,0,0.375]
[6,82.0725,0,0.375]
[8,82.26,0,0.375]
[0,82.4475,0,0.375]
[1,82.54125,0,0.375]
[2,82.635,0,0.375]
[3,82.72875,0,0.375]
[4,82.8225,0,0.375]
[5,82.91625,0,0.375]
[6,83.01,0,0.375]
[8,83.1975,0,0.375]
[3,83.385,0,0.375]
[1,83.5725,0,0.375]
[5,83.76,0,0.375]
[6,83.9475,0,0.375]
[7,84.04125,0,0.375]
[8,84.135,1,0.75]
[7,84.885,0,0.75]
[3,85.0725,0,0.75]
[0,85.26,0,0.75]
[1,85.4475,0,0.375]
[2,85.4475,0,0.375]
[4,85.8225,0,0.375]
[5,85.8225,0,0.375]
[7,86.1975,0,0.375]
[8,86.1975,0,0.375]
[3,86.385,0,0.5625]
[1,86.5725,0,0.5625]
[5,86.76,0,0.5625]
[6,86.9475,0,0.375]
[7,87.04125,0,0.375]
[8,87.135,0,0.375]
[4,87.3225,0,0.375]
[3,87.51,0,0.375]
[2,87.6975,1,0.375]
[1,88.0725,0,0.375]
[0,88.0725,0,0.375]
[3,88.4475,0,0.5625]
[4,88.635,0,0.5625]
[5,88.8225,0,0.5625]
[4,89.01,0,0.5625]
[6,89.1975,0,0.5625]
[7,89.385,0,0.375]
[8,89.385,0,0.375]
[3,89.5725,0,0.375]
[1,89.76,0,0.375]
[2,89.76,0,0.375]
[3,90.135,1,0.75]
[4,90.885,0,0.75]
[2,91.0725,0,0.75]
[3,91.26,0,0.375]
[7,91.4475,1,0.375]
[6,91.8225,0,0.375]
[4,92.01,0,0.375]
[8,92.1975,1,0.375]
[7,92.5725,0,0.375]
[6,92.76,0,0.375]
[4,92.9475,0,0.375]
[5,93.135,1,0.375]
[4,93.51,0,0.375]
[3,93.6975,0,0.375]
[8,93.885,0,0.375]
[6,94.0725,0,0.375]
[5,94.26,0,0.375]
[4,94.4475,1,0.375]
[3,94.8225,0,0.375]
[3,95.01,0,0.375]
[1,95.385,1,0.375]
[2,95.76,1,0.375]
[1,96.135,0,0.375]
[0,96.135,0,0.375]
[7,96.51,0,0.375]
[8,96.51,0,0.375]
[4,96.885,0,0.375]
[5,96.885,0,0.375]
[3,97.0725,0,0.375]
[1,97.26,0,0.375]
[2,97.26,0,0.375]
[0,97.4475,0,0.375]
[5,97.635,0,0.375]
[4,97.8225,0,0.375]
[3,98.01,1,0.375]
[6,98.385,1,0.75]
[4,99.135,0,0.375]
[5,99.135,0,0.375]
[7,99.51,0,0.375]
[8,99.51,0,0.375]
[6,99.6975,0,1.125]
[5,99.885,0,1.125]
[0,100.0725,0,1.125]
[1,100.26,0,0.375]
[2,100.26,0,0.375]
[3,100.4475,0,1.125]
[2,100.635,0,1.125]
[1,100.8225,0,1.125]
[3,101.01,0,1.125]
[5,101.1975,0,1.125]
[4,101.385,0,1.125]
[6,101.5725,0,1.125]
[7,101.76,0,0.75]
[8,101.9475,0,1.125]
[3,102.135,0,1.125]
[2,102.3225,0,0.375]
[1,102.41625,0,0.375]
[0,102.51,0,0.375]
[4,102.60375,0,0.375]
[5,102.6975,0,0.375]
[6,102.885,0,1.125]
[8,103.0725,0,1.125]
[0,103.26,0,0.375]
[5,103.4475,0,0.375]
[4,103.54125,0,0.375]
[3,103.635,0,0.375]
[7,103.72875,0,0.375]
[8,103.8225,0,0.375]
[3,104.01,0,0.375]
[8,104.1975,0,0.75]
[6,104.385,0,0.75]
[7,104.385,0,0.75]
[8,104.5725,0,0.375]
[3,104.76,0,0.375]
[5,104.9475,0,1.125]
[1,105.135,0,0.375]
[0,105.135,0,0.375]
[5,105.3225,0,1.125]
[2,105.51,0,1.125]
[4,105.6975,0,0.375]
[3,105.6975,0,0.375]
[5,105.885,0,0.375]
[7,106.0725,0,1.125]
[8,106.26,0,0.375]
[6,106.4475,0,0.375]
[4,106.635,0,0.375]
[5,106.635,0,0.375]
[0,106.8225,0,1.125]
[1,107.01,0,0.375]
[2,107.01,0,0.375]
[3,107.1975,0,1.125]
[5,107.385,0,0.375]
[7,107.5725,0,0.375]
[6,107.5725,0,0.375]
[8,107.76,0,0.375]
[3,107.9475,0,0.375]
[2,108.135,0,0.375]
[1,108.22875,0,0.375]
[0,108.3225,0,0.375]
[4,108.41625,0,0.375]
[5,108.51,0,0.375]
[3,108.6975,0,0.375]
[7,108.885,0,0.375]
[8,109.0725,0,1.125]
[4,109.26,0,0.375]
[0,109.4475,0,0.375]
[1,109.54125,0,0.375]
[2,109.635,0,0.375]
[3,109.72875,0,0.375]
[4,109.8225,0,0.375]
[5,109.91625,0,0.375]
[6,110.01,0,0.375]
[7,110.1975,0,0.375]
[8,110.385,0,0.375]
[3,110.5725,0,0.375]
[5,110.76,0,0.375]
[0,110.9475,0,0.375]
[1,111.04125,0,0.375]
[2,111.135,0,0.375]
[4,111.22875,0,0.375]
[3,111.3225,0,0.375]
[7,111.51,0,0.375]
[8,111.6975,0,1.125]
[5,111.885,0,1.125]
[4,112.0725,0,0.375]
[0,112.26,0,1.125]
[2,112.4475,0,1.125]
[4,112.635,0,1.125]
[8,112.8225,0,1.125]
[3,113.01,0,1.125]
[5,113.1975,0,1.125]
[0,113.385,0,1.125]
[1,113.5725,0,0.375]
[5,113.76,0,0.375]
[3,113.9475,0,0.375]
[2,114.135,0,0.375]
[1,114.22875,0,0.375]
[0,114.3225,0,0.375]
[4,114.41625,0,0.375]
[5,114.51,0,0.375]
[6,114.6975,0,0.375]
[8,114.885,0,0.375]
[3,115.0725,0,0.375]
[4,115.26,0,0.375]
[2,115.4475,0,0.375]
[1,115.54125,0,0.375]
[0,115.635,0,0.375]
[5,115.72875,0,0.375]
[4,115.8225,0,0.375]
[3,115.91625,0,0.375]
[8,116.01,0,0.375]
[6,116.1975,0,0.375]
[5,116.385,0,0.375]
[5,116.5725,0,0.375]
[4,116.76,0,0.375]
[4,116.9475,0,0.375]
[0,117.135,0,0.375]
[1,117.22875,0,0.375]
[2,117.3225,0,0.375]
[4,117.41625,0,0.375]
[3,117.51,0,0.375]
[7,117.6975,0,0.375]
[2,117.885,0,0.375]
[3,118.0725,0,0.375]
[0,118.26,0,0.375]
[0,118.4475,0,0.375]
[5,118.635,0,0.375]
[3,118.8225,0,0.375]
[8,119.01,0,0.375]
[6,119.1975,0,0.375]
[2,119.385,0,0.375]
[1,119.47875,0,0.375]
[0,119.5725,0,0.375]
[4,119.66625,0,0.375]
[5,119.76,1,0.375]
[4,120.135,0,0.375]
[3,120.51,0,0.375]
[5,120.885,0,0.375]
[3,121.26,0,0.75]
[3,121.635,0,0.375]
[3,122.01,0,0.375]
[5,122.385,0,0.375]
[8,122.5725,0,0.375]
[3,122.76,0,0.375]
[5,123.135,0,0.375]
[3,123.51,0,0.375]
[2,123.885,0,0.375]
[5,124.0725,0,0.375]
[8,124.26,0,0.375]
[3,124.635,0,0.375]
[3,125.01,0,0.375]
[5,125.385,0,0.375]
[3,125.76,0,0.375]
[2,125.9475,0,0.375]
[1,126.04125,0,0.375]
[0,126.135,0,0.375]
[3,126.51,0,0.375]
[6,126.6975,0,0.375]
[5,126.885,0,0.375]
[8,127.0725,0,0.375]
[5,127.26,0,0.375]
[2,127.4475,0,0.375]
[3,127.635,0,0.375]
[6,127.8225,0,0.375]
[3,128.01,0,0.375]
[0,128.1975,0,0.375]
[5,128.385,0,0.375]
[8,128.5725,0,0.375]
[3,128.76,0,0.375]
[6,128.9475,0,0.375]
[5,129.135,0,0.375]
[3,129.51,0,0.75]
[5,129.885,0,0.375]
[8,130.0725,0,0.375]
[5,130.26,0,0.375]
[7,130.635,1,0.75]
[6,131.385,0,0.75]
[4,131.5725,0,0.75]
[8,131.76,0,0.75]
[3,131.9475,0,0.75]
[2,132.135,0,0.375]
[0,132.3225,0,0.375]
[5,132.51,0,0.75]
[1,132.6975,0,0.75]
[3,132.885,0,0.75]
[7,133.0725,0,0.75]
[8,133.26,0,0.75]
[0,133.4475,0,0.375]
[1,133.54125,0,0.375]
[2,133.635,0,0.375]
[3,133.8225,0,0.75]
[6,134.01,0,0.375]
[8,134.1975,0,0.375]
[3,134.385,0,0.375]
[5,134.5725,0,0.375]
[0,134.76,0,0.375]
[2,134.9475,0,0.375]
[1,135.04125,0,0.375]
[0,135.135,0,0.375]
[5,135.3225,0,0.75]
[3,135.51,0,0.75]
[4,135.6975,0,0.375]
[8,135.885,0,0.75]
[7,136.0725,0,0.375]
[6,136.26,0,0.75]
[5,136.4475,0,0.375]
[4,136.54125,0,0.375]
[3,136.635,0,0.375]
[3,136.8225,0,0.75]
[2,137.01,0,0.375]
[2,137.1975,0,0.75]
[0,137.385,0,0.375]
[0,137.5725,0,0.75]
[2,137.76,0,0.375]
[1,137.9475,0,0.75]
[5,138.135,0,0.75]
[3,138.3225,0,0.75]
[7,138.51,0,0.75]
[8,138.6975,0,0.75]
[4,138.885,0,0.75]
[2,139.0725,0,0.75]
[1,139.26,0,0.75]
[3,139.4475,0,0.75]
[4,139.635,0,0.75]
[5,139.8225,0,0.75]
[7,140.01,0,0.75]
[6,140.1975,0,0.75]
[4,140.385,0,0.75]
[3,140.5725,0,0.75]
[1,140.76,0,0.75]
[0,140.9475,0,0.75]
[4,141.135,0,0.75]
[5,141.3225,0,0.75]
[7,141.51,0,0.75]
[6,141.6975,0,0.75]
[8,141.885,0,0.75]
[4,142.0725,0,0.75]
[3,142.26,0,0.75]
[5,142.4475,0,0.75]
[1,142.635,0,0.75]
[0,142.8225,0,0.75]
[1,143.01,0,0.75]
[5,143.1975,0,0.75]
[4,143.385,0,0.75]
[8,143.5725,0,0.375]
[6,143.76,0,0.75]
[5,143.9475,0,0.75]
[0,144.135,0,0.375]
[1,144.22875,0,0.375]
[2,144.3225,0,0.375]
[3,144.51,0,0.75]
[3,144.6975,0,0.375]
[5,144.885,0,0.375]
[5,145.0725,0,0.375]
[6,145.26,0,0.375]
[2,145.4475,0,0.375]
[1,145.54125,0,0.375]
[0,145.635,0,0.375]
[4,145.72875,0,0.375]
[5,145.8225,0,0.375]
[3,146.01,0,0.375]
[8,146.1975,0,0.375]
[4,146.385,0,0.375]
[6,146.5725,0,0.375]
[7,146.76,0,0.375]
[5,146.9475,0,0.375]
[0,147.135,0,0.375]
[1,147.22875,0,0.375]
[2,147.3225,0,0.375]
[4,147.41625,0,0.375]
[3,147.51,0,0.375]
[8,147.6975,0,0.375]
[6,147.885,0,0.375]
[6,148.0725,0,0.375]
[8,148.26,0,0.375]
[4,148.4475,0,0.375]
[0,148.635,0,0.375]
[1,148.8225,0,0.375]
[4,149.01,0,0.375]
[6,149.1975,0,0.375]
[5,149.385,0,0.375]
[1,149.5725,0,0.375]
[3,149.76,0,0.375]
[3,149.9475,0,0.375]
[2,150.135,0,0.375]
[1,150.22875,0,0.375]
[0,150.3225,0,0.375]
[4,150.41625,0,0.375]
[5,150.51,0,0.375]
[3,150.6975,0,0.375]
[7,150.885,0,0.375]
[8,151.0725,0,0.375]
[6,151.26,0,0.375]
[5,151.4475,0,0.375]
[0,151.635,0,0.375]
[1,151.72875,0,0.375]
[2,151.8225,0,0.375]
[3,152.01,0,0.375]
[3,152.1975,0,0.375]
[5,152.385,0,0.375]
[5,152.5725,0,0.375]
[4,152.76,0,0.375]
[6,152.9475,0,0.375]
[7,153.135,0,0.375]
[5,153.3225,0,0.375]
[4,153.51,0,0.375]
[0,153.6975,0,0.375]
[1,153.885,0,0.375]
[2,154.0725,0,0.375]
[4,154.26,0,0.375]
[3,154.4475,0,0.375]
[7,154.635,0,0.375]
[8,154.8225,0,0.375]
[5,155.01,0,0.375]
[2,155.1975,0,0.375]
[4,155.385,0,0.375]
[7,155.5725,0,0.375]
[3,155.76,0,0.375]
[5,155.9475,0,0.375]
[0,156.135,0,0.375]
[5,156.3225,0,0.375]
[3,156.51,0,0.375]
[7,156.6975,0,0.375]
[6,156.885,0,0.375]
[4,157.0725,0,0.375]
[5,157.26,0,0.375]
[0,157.4475,0,0.375]
[1,157.54125,0,0.375]
[2,157.635,0,0.375]
[3,157.8225,0,0.375]
[4,158.01,0,0.375]
[8,158.1975,0,0.375]
[1,158.385,0,0.375]
[2,158.5725,0,0.375]
[0,158.76,0,0.375]
[0,158.9475,0,0.375]
[2,159.135,0,0.375]
[3,159.3225,0,0.375]
[8,159.51,0,0.375]
[6,159.6975,0,0.375]
[4,159.885,0,0.375]
[2,160.0725,0,0.375]
[7,160.26,0,0.375]
[5,160.4475,0,0.375]
[4,160.54125,0,0.375]
[3,160.635,0,0.375]
[8,160.8225,0,0.375]
[3,161.01,0,0.375]
[5,161.1975,0,0.375]
[1,161.385,0,0.375]
[0,161.5725,0,0.375]
[2,161.76,0,0.375]
[1,161.85375,0,0.375]
[3,161.9475,0,0.375]
[4,162.04125,0,0.375]
[5,162.135,0,0.375]
[3,162.3225,0,0.375]
[8,162.51,0,0.375]
[4,162.6975,0,0.375]
[6,162.885,0,0.375]
[5,163.0725,0,0.375]
[4,163.26,0,0.375]
[0,163.4475,0,0.375]
[1,163.54125,0,0.375]
[2,163.635,0,0.375]
[3,163.8225,0,0.375]
[4,164.01,0,0.375]
[5,164.1975,0,0.375]
[7,164.385,0,0.375]
[3,164.5725,0,0.375]
[1,164.76,0,0.375]
[5,164.9475,0,0.375]
[4,165.04125,0,0.375]
[3,165.135,0,0.375]
[8,165.3225,0,0.375]
[6,165.51,0,0.375]
[5,165.6975,0,0.375]
[4,165.885,0,0.375]
[2,166.0725,0,0.375]
[0,166.26,0,0.375]
[4,166.4475,0,0.375]
[7,166.635,0,0.375]
[2,166.8225,0,0.375]
[1,166.91625,0,0.375]
[0,167.01,0,0.375]
[5,167.1975,0,0.375]
[4,167.29125,0,0.375]
[3,167.385,0,0.375]
[8,167.5725,0,0.375]
[7,167.66625,0,0.375]
[6,167.76,0,0.375]
[8,167.9475,0,0.375]
[3,168.135,1,0.5625]
[4,168.6975,0,0.5625]
[8,168.885,0,0.5625]
[7,169.0725,0,0.5625]
[3,169.26,0,0.5625]
[2,169.4475,1,0.375]
[1,169.8225,0,0.375]
[5,170.01,0,0.375]
[3,170.1975,0,0.375]
[7,170.385,0,0.375]
[5,170.5725,0,0.375]
[0,170.76,1,0.375]
[5,171.135,1,0.5625]
[7,171.6975,0,0.5625]
[3,171.885,0,0.5625]
[4,172.0725,0,0.5625]
[6,172.26,0,0.5625]
[7,172.4475,0,0.5625]
[7,172.635,0,0.5625]
[5,172.8225,0,0.5625]
[1,173.01,0,0.5625]
[0,173.1975,0,0.5625]
[2,173.385,0,0.5625]
[2,173.5725,0,0.5625]
[0,173.76,1,0.375]
[5,174.135,1,0.5625]
[4,174.6975,0,0.5625]
[3,174.885,0,0.5625]
[7,175.0725,0,0.5625]
[8,175.26,0,0.5625]
[3,175.4475,1,0.375]
[4,175.8225,0,0.375]
[2,176.01,0,0.375]
[0,176.1975,0,0.375]
[1,176.385,0,0.375]
[5,176.5725,0,0.375]
[7,176.76,1,0.375]
[6,177.135,0,0.375]
[4,177.3225,0,0.5625]
[8,177.51,0,0.5625]
[4,177.6975,0,0.5625]
[0,177.885,0,0.5625]
[3,178.0725,0,0.5625]
[8,178.26,1,0.9375]
[7,179.1975,0,0.9375]
[3,179.385,0,0.9375]
[5,179.5725,0,0.9375]
[1,179.76,0,0.9375]
[5,179.9475,0,0.9375]
[3,180.135,1,0.5625]
[4,180.6975,0,0.5625]
[2,180.885,0,0.5625]
[1,181.0725,0,0.5625]
[3,181.26,0,0.5625]
[4,181.4475,1,0.375]
[5,181.8225,0,0.375]
[7,182.01,0,0.375]
[8,182.1975,0,0.375]
[4,182.385,0,0.375]
[2,182.5725,0,0.375]
[4,182.76,1,0.375]
[3,183.135,1,1.5]
[7,184.635,1,1.5]
[8,186.135,0,2.25]
[4,186.3225,1,2.8125]
[5,189.135,0,2.25]
[1,189.3225,1,2.25]