[8,0,0,0.27027027027027023]
[7,0,0,0.27027027027027023]
[1,0,0,0.27027027027027023]
[0,0,0,0.27027027027027023]
[6,0.27027027027027023,0,0.27027027027027023]
[8,0.27027027027027023,0,0.27027027027027023]
[7,0.33783783783783783,0,0.27027027027027023]
[3,0.4054054054054054,0,0.27027027027027023]
[5,0.4054054054054054,0,0.27027027027027023]
[4,0.47297297297297297,0,0.27027027027027023]
[2,0.5405405405405405,0,0.27027027027027023]
[1,0.5405405405405405,0,0.27027027027027023]
[6,0.6756756756756757,0,0.27027027027027023]
[7,0.7432432432432432,0,0.27027027027027023]
[5,0.8108108108108107,0,0.27027027027027023]
[4,0.8558558558558558,0,0.27027027027027023]
[3,0.9009009009009008,0,0.27027027027027023]
[2,0.9459459459459459,0,0.27027027027027023]
[0,0.9459459459459459,0,0.27027027027027023]
[1,0.9459459459459459,0,0.27027027027027023]
[3,1.081081081081081,0,0.27027027027027023]
[4,1.081081081081081,0,0.27027027027027023]
[7,1.2162162162162162,0,0.27027027027027023]
[8,1.2162162162162162,0,0.27027027027027023]
[6,1.3513513513513513,0,0.27027027027027023]
[5,1.3513513513513513,0,0.27027027027027023]
[4,1.4189189189189189,0,0.27027027027027023]
[3,1.4864864864864864,0,0.27027027027027023]
[2,1.4864864864864864,0,0.27027027027027023]
[1,1.554054054054054,0,0.27027027027027023]
[7,1.6216216216216215,0,0.27027027027027023]
[8,1.6216216216216215,0,0.27027027027027023]
[0,1.6216216216216215,0,0.27027027027027023]
[4,1.7567567567567566,0,0.27027027027027023]
[5,1.7567567567567566,0,0.27027027027027023]
[6,1.7567567567567566,0,0.27027027027027023]
[0,1.8918918918918919,0,0.27027027027027023]
[1,1.9369369369369367,0,0.27027027027027023]
[2,1.9819819819819817,0,0.27027027027027023]
[3,2.0270270270270268,0,0.27027027027027023]
[4,2.0270270270270268,0,0.27027027027027023]
[8,2.162162162162162,0,0.27027027027027023]
[7,2.162162162162162,0,0.27027027027027023]
[6,2.2972972972972974,0,0.27027027027027023]
[5,2.364864864864865,0,0.27027027027027023]
[4,2.364864864864865,0,0.27027027027027023]
[0,2.5,0,0.27027027027027023]
[1,2.5675675675675675,0,0.27027027027027023]
[2,2.5675675675675675,0,0.27027027027027023]
[3,2.635135135135135,0,0.27027027027027023]
[4,2.635135135135135,0,0.27027027027027023]
[8,2.7027027027027026,0,0.27027027027027023]
[7,2.77027027027027,0,0.27027027027027023]
[6,2.8378378378378377,0,0.27027027027027023]
[7,2.9054054054054053,0,0.27027027027027023]
[3,2.972972972972973,0,0.27027027027027023]
[8,2.972972972972973,0,0.27027027027027023]
[4,3.108108108108108,0,0.27027027027027023]
[5,3.108108108108108,0,0.27027027027027023]
[0,3.108108108108108,0,0.27027027027027023]
[1,3.108108108108108,0,0.27027027027027023]
[3,3.243243243243243,0,0.27027027027027023]
[5,3.378378378378378,0,0.27027027027027023]
[6,3.513513513513513,0,0.27027027027027023]
[7,3.513513513513513,0,0.27027027027027023]
[8,3.5810810810810807,0,0.27027027027027023]
[7,3.5810810810810807,0,0.27027027027027023]
[5,3.6486486486486487,0,0.27027027027027023]
[4,3.6936936936936933,0,0.27027027027027023]
[3,3.7387387387387383,0,0.27027027027027023]
[0,3.7837837837837838,0,0.27027027027027023]
[1,3.7837837837837838,0,0.27027027027027023]
[2,3.7837837837837838,0,0.27027027027027023]
[5,3.8513513513513513,0,0.27027027027027023]
[6,3.918918918918919,0,0.27027027027027023]
[7,3.918918918918919,0,0.27027027027027023]
[8,3.918918918918919,0,0.27027027027027023]
[4,3.9864864864864864,0,0.27027027027027023]
[0,4.0540540540540535,0,0.27027027027027023]
[1,4.0540540540540535,0,0.27027027027027023]
[2,4.0540540540540535,0,0.27027027027027023]
[3,4.121621621621621,0,0.27027027027027023]
[6,4.189189189189189,0,0.27027027027027023]
[7,4.189189189189189,0,0.27027027027027023]
[8,4.189189189189189,0,0.27027027027027023]
[4,4.256756756756756,0,0.27027027027027023]
[2,4.324324324324324,0,0.27027027027027023]
[1,4.324324324324324,0,0.27027027027027023]
[6,4.45945945945946,0,0.27027027027027023]
[7,4.45945945945946,0,0.27027027027027023]
[5,4.594594594594595,0,0.27027027027027023]
[4,4.594594594594595,0,0.27027027027027023]
[3,4.662162162162162,0,0.27027027027027023]
[4,4.662162162162162,0,0.27027027027027023]
[7,4.72972972972973,0,0.27027027027027023]
[8,4.72972972972973,0,0.27027027027027023]
[0,4.864864864864864,0,0.27027027027027023]
[1,4.909909909909909,0,0.27027027027027023]
[2,4.954954954954954,0,0.27027027027027023]
[3,5,0,0.27027027027027023]
[4,5.0675675675675675,0,0.27027027027027023]
[7,5.135135135135135,0,0.27027027027027023]
[8,5.135135135135135,0,0.27027027027027023]
[6,5.27027027027027,0,0.27027027027027023]
[7,5.27027027027027,0,0.27027027027027023]
[2,5.27027027027027,0,0.27027027027027023]
[1,5.27027027027027,0,0.27027027027027023]
[4,5.405405405405405,0,0.27027027027027023]
[8,5.405405405405405,0,0.27027027027027023]
[3,5.405405405405405,0,0.27027027027027023]
[5,5.54054054054054,0,0.27027027027027023]
[0,5.54054054054054,0,0.27027027027027023]
[1,5.675675675675675,0,0.27027027027027023]
[2,5.675675675675675,0,0.27027027027027023]
[6,5.8108108108108105,0,0.27027027027027023]
[7,5.8108108108108105,0,0.27027027027027023]
[8,5.878378378378378,0,0.27027027027027023]
[3,5.945945945945946,0,0.27027027027027023]
[3,6.013513513513513,0,0.27027027027027023]
[0,6.081081081081081,0,0.27027027027027023]
[1,6.081081081081081,0,0.27027027027027023]
[4,6.081081081081081,0,0.27027027027027023]
[5,6.081081081081081,0,0.27027027027027023]
[7,6.216216216216216,0,0.27027027027027023]
[8,6.216216216216216,0,0.27027027027027023]
[6,6.216216216216216,0,0.27027027027027023]
[3,6.351351351351351,0,0.27027027027027023]
[4,6.396396396396396,0,0.27027027027027023]
[5,6.441441441441441,0,0.27027027027027023]
[0,6.486486486486486,0,0.27027027027027023]
[1,6.486486486486486,0,0.27027027027027023]
[7,6.5540540540540535,0,0.27027027027027023]
[8,6.5540540540540535,0,0.27027027027027023]
[0,6.621621621621621,0,0.27027027027027023]
[1,6.621621621621621,0,0.27027027027027023]
[7,6.689189189189189,0,0.27027027027027023]
[8,6.689189189189189,0,0.27027027027027023]
[3,6.756756756756756,0,0.27027027027027023]
[2,6.756756756756756,0,0.27027027027027023]
[4,6.824324324324324,0,0.27027027027027023]
[5,6.891891891891891,0,0.27027027027027023]
[6,6.891891891891891,0,0.27027027027027023]
[7,6.959459459459459,0,0.27027027027027023]
[8,7.027027027027026,0,0.27027027027027023]
[3,7.094594594594594,0,0.27027027027027023]
[2,7.162162162162161,0,0.27027027027027023]
[0,7.22972972972973,0,0.27027027027027023]
[1,7.297297297297297,0,0.27027027027027023]
[5,7.364864864864865,0,0.27027027027027023]
[4,7.398648648648648,0,0.27027027027027023]
[3,7.4324324324324325,0,0.27027027027027023]
[8,7.5675675675675675,0,0.27027027027027023]
[1,7.635135135135135,0,0.27027027027027023]
[6,7.702702702702703,0,0.27027027027027023]
[5,7.77027027027027,0,0.27027027027027023]
[0,7.837837837837838,0,0.27027027027027023]
[7,7.905405405405405,0,0.27027027027027023]
[2,7.972972972972973,0,0.27027027027027023]
[3,8.04054054054054,0,0.27027027027027023]
[4,8.108108108108107,0,0.27027027027027023]
[5,8.108108108108107,0,0.27027027027027023]
[7,8.243243243243242,0,0.27027027027027023]
[6,8.243243243243242,0,0.27027027027027023]
[0,8.378378378378377,0,0.27027027027027023]
[1,8.378378378378377,0,0.27027027027027023]
[2,8.378378378378377,0,0.27027027027027023]
[3,8.445945945945946,0,0.27027027027027023]
[4,8.445945945945946,0,0.27027027027027023]
[5,8.445945945945946,0,0.27027027027027023]
[6,8.513513513513512,0,0.27027027027027023]
[7,8.513513513513512,0,0.27027027027027023]
[8,8.513513513513512,0,0.27027027027027023]
[0,8.58108108108108,0,0.27027027027027023]
[1,8.648648648648647,0,0.27027027027027023]
[2,8.648648648648647,0,0.27027027027027023]
[6,8.783783783783784,0,0.27027027027027023]
[7,8.783783783783784,0,0.27027027027027023]
[5,8.91891891891892,0,0.27027027027027023]
[4,9.054054054054054,0,0.27027027027027023]
[0,9.18918918918919,0,0.27027027027027023]
[1,9.18918918918919,0,0.27027027027027023]
[7,9.256756756756756,0,0.27027027027027023]
[8,9.256756756756756,0,0.27027027027027023]
[0,9.324324324324325,0,0.27027027027027023]
[1,9.324324324324325,0,0.27027027027027023]
[7,9.391891891891891,0,0.27027027027027023]
[8,9.391891891891891,0,0.27027027027027023]
[3,9.45945945945946,0,0.27027027027027023]
[4,9.45945945945946,0,0.27027027027027023]
[5,9.527027027027026,0,0.27027027027027023]
[4,9.527027027027026,0,0.27027027027027023]
[6,9.594594594594595,0,0.27027027027027023]
[7,9.594594594594595,0,0.27027027027027023]
[1,9.662162162162161,0,0.27027027027027023]
[2,9.662162162162161,0,0.27027027027027023]
[0,9.72972972972973,0,0.27027027027027023]
[5,9.72972972972973,0,0.27027027027027023]
[4,9.864864864864865,0,0.27027027027027023]
[8,9.932432432432432,0,0.27027027027027023]
[3,9.932432432432432,0,0.27027027027027023]
[7,10.067567567567567,0,0.27027027027027023]
[6,10.135135135135135,0,0.27027027027027023]
[5,10.135135135135135,0,0.27027027027027023]
[0,10.27027027027027,0,0.27027027027027023]
[1,10.27027027027027,0,0.27027027027027023]
[2,10.337837837837837,0,0.27027027027027023]
[4,10.405405405405405,0,0.27027027027027023]
[5,10.405405405405405,0,0.27027027027027023]
[6,10.405405405405405,0,0.27027027027027023]
[3,10.472972972972972,0,0.27027027027027023]
[8,10.54054054054054,0,0.27027027027027023]
[7,10.608108108108107,0,0.27027027027027023]
[0,10.675675675675675,0,0.27027027027027023]
[1,10.743243243243242,0,0.27027027027027023]
[4,10.81081081081081,0,0.27027027027027023]
[5,10.81081081081081,0,0.27027027027027023]
[6,10.945945945945946,0,0.27027027027027023]
[7,10.945945945945946,0,0.27027027027027023]
[1,11.08108108108108,0,0.27027027027027023]
[2,11.08108108108108,0,0.27027027027027023]
[3,11.08108108108108,0,0.27027027027027023]
[4,11.08108108108108,0,0.27027027027027023]
[0,11.216216216216216,0,0.27027027027027023]
[5,11.216216216216216,0,0.27027027027027023]
[6,11.35135135135135,0,0.27027027027027023]
[7,11.35135135135135,0,0.27027027027027023]
[1,11.418918918918918,0,0.27027027027027023]
[2,11.418918918918918,0,0.27027027027027023]
[6,11.486486486486486,0,0.27027027027027023]
[7,11.486486486486486,0,0.27027027027027023]
[1,11.554054054054053,0,0.27027027027027023]
[2,11.554054054054053,0,0.27027027027027023]
[3,11.621621621621621,0,0.27027027027027023]
[4,11.621621621621621,0,0.27027027027027023]
[8,11.68918918918919,0,0.27027027027027023]
[7,11.68918918918919,0,0.27027027027027023]
[3,11.756756756756756,0,0.27027027027027023]
[4,11.756756756756756,0,0.27027027027027023]
[7,11.824324324324325,0,0.27027027027027023]
[8,11.824324324324325,0,0.27027027027027023]
[0,11.891891891891891,0,0.27027027027027023]
[1,11.891891891891891,0,0.27027027027027023]
[5,11.891891891891891,0,0.27027027027027023]
[6,11.95945945945946,0,0.27027027027027023]
[7,12.027027027027026,0,0.27027027027027023]
[8,12.027027027027026,0,0.27027027027027023]
[3,12.027027027027026,0,0.27027027027027023]
[4,12.094594594594595,0,0.27027027027027023]
[1,12.162162162162161,0,0.27027027027027023]
[2,12.162162162162161,0,0.27027027027027023]
[0,12.297297297297296,0,0.27027027027027023]
[5,12.432432432432432,0,0.27027027027027023]
[4,12.432432432432432,0,0.27027027027027023]
[3,12.567567567567567,0,0.27027027027027023]
[7,12.702702702702702,0,0.27027027027027023]
[8,12.702702702702702,0,0.27027027027027023]
[0,12.77027027027027,0,0.27027027027027023]
[1,12.77027027027027,0,0.27027027027027023]
[5,12.837837837837837,0,0.27027027027027023]
[4,12.882882882882882,0,0.27027027027027023]
[3,12.927927927927927,0,0.27027027027027023]
[2,12.972972972972972,0,0.27027027027027023]
[6,13.108108108108107,0,0.27027027027027023]
[7,13.108108108108107,0,0.27027027027027023]
[2,13.243243243243242,0,0.27027027027027023]
[1,13.288288288288287,0,0.27027027027027023]
[0,13.333333333333332,0,0.27027027027027023]
[5,13.378378378378377,0,0.27027027027027023]
[3,13.445945945945946,0,0.27027027027027023]
[4,13.445945945945946,0,0.27027027027027023]
[7,13.513513513513512,0,0.27027027027027023]
[8,13.513513513513512,0,0.27027027027027023]
[6,13.648648648648647,0,0.27027027027027023]
[1,13.648648648648647,0,0.27027027027027023]
[2,13.648648648648647,0,0.27027027027027023]
[3,13.783783783783782,0,0.27027027027027023]
[4,13.783783783783782,0,0.27027027027027023]
[5,13.918918918918918,0,0.27027027027027023]
[0,14.054054054054053,0,0.27027027027027023]
[8,14.054054054054053,0,0.27027027027027023]
[3,14.189189189189188,0,0.27027027027027023]
[4,14.234234234234233,0,0.27027027027027023]
[5,14.279279279279278,0,0.27027027027027023]
[6,14.324324324324323,0,0.27027027027027023]
[7,14.324324324324323,0,0.27027027027027023]
[2,14.459459459459458,0,0.27027027027027023]
[1,14.504504504504503,0,0.27027027027027023]
[0,14.549549549549548,0,0.27027027027027023]
[4,14.594594594594593,0,0.27027027027027023]
[5,14.594594594594593,0,0.27027027027027023]
[6,14.662162162162161,0,0.27027027027027023]
[7,14.662162162162161,0,0.27027027027027023]
[8,14.72972972972973,0,0.27027027027027023]
[3,14.797297297297296,0,0.27027027027027023]
[2,14.864864864864863,0,0.27027027027027023]
[1,14.909909909909908,0,0.27027027027027023]
[0,14.954954954954953,0,0.27027027027027023]
[5,15,0,0.27027027027027023]
[4,15.067567567567567,0,0.27027027027027023]
[6,15.135135135135135,0,0.27027027027027023]
[7,15.135135135135135,0,0.27027027027027023]
[8,15.135135135135135,0,0.27027027027027023]
[3,15.27027027027027,0,0.27027027027027023]
[4,15.27027027027027,0,0.27027027027027023]
[5,15.405405405405405,0,0.27027027027027023]
[2,15.54054054054054,0,0.27027027027027023]
[1,15.54054054054054,0,0.27027027027027023]
[0,15.54054054054054,0,0.27027027027027023]
[7,15.675675675675675,0,0.27027027027027023]
[8,15.675675675675675,0,0.27027027027027023]
[6,15.81081081081081,0,0.27027027027027023]
[3,15.945945945945946,0,0.27027027027027023]
[4,15.945945945945946,0,0.27027027027027023]
[5,15.945945945945946,0,0.27027027027027023]
[0,16.08108108108108,0,0.27027027027027023]
[1,16.08108108108108,0,0.27027027027027023]
[5,16.216216216216214,0,0.27027027027027023]
[4,16.216216216216214,0,0.27027027027027023]
[6,16.35135135135135,0,0.27027027027027023]
[7,16.35135135135135,0,0.27027027027027023]
[8,16.35135135135135,0,0.27027027027027023]
[5,16.486486486486484,0,0.27027027027027023]
[4,16.486486486486484,0,0.27027027027027023]
[3,16.486486486486484,0,0.27027027027027023]
[0,16.62162162162162,0,0.27027027027027023]
[1,16.62162162162162,0,0.27027027027027023]
[5,16.756756756756754,0,0.27027027027027023]
[6,16.756756756756754,0,0.27027027027027023]
[3,16.89189189189189,0,0.27027027027027023]
[4,16.89189189189189,0,0.27027027027027023]
[0,17.027027027027025,0,0.27027027027027023]
[7,17.027027027027025,0,0.27027027027027023]
[8,17.027027027027025,0,0.27027027027027023]
[1,17.027027027027025,0,0.27027027027027023]
[3,17.297297297297295,0,0.27027027027027023]
[2,17.297297297297295,0,0.27027027027027023]
[4,17.364864864864863,0,0.27027027027027023]
[5,17.43243243243243,0,0.27027027027027023]
[6,17.5,0,0.27027027027027023]
[7,17.56756756756757,0,0.27027027027027023]
[8,17.56756756756757,0,0.27027027027027023]
[0,17.56756756756757,0,0.27027027027027023]
[2,17.635135135135133,0,0.27027027027027023]
[1,17.7027027027027,0,0.27027027027027023]
[3,17.77027027027027,0,0.27027027027027023]
[4,17.83783783783784,0,0.27027027027027023]
[5,17.83783783783784,0,0.27027027027027023]
[6,17.905405405405403,0,0.27027027027027023]
[8,17.972972972972972,0,0.27027027027027023]
[7,18.04054054054054,0,0.27027027027027023]
[0,18.10810810810811,0,0.27027027027027023]
[1,18.10810810810811,0,0.27027027027027023]
[2,18.10810810810811,0,0.27027027027027023]
[3,18.175675675675674,0,0.27027027027027023]
[5,18.243243243243242,0,0.27027027027027023]
[4,18.31081081081081,0,0.27027027027027023]
[6,18.37837837837838,0,0.27027027027027023]
[7,18.37837837837838,0,0.27027027027027023]
[8,18.445945945945944,0,0.27027027027027023]
[0,18.513513513513512,0,0.27027027027027023]
[1,18.58108108108108,0,0.27027027027027023]
[2,18.64864864864865,0,0.27027027027027023]
[3,18.64864864864865,0,0.27027027027027023]
[4,18.64864864864865,0,0.27027027027027023]
[5,18.716216216216214,0,0.27027027027027023]
[6,18.783783783783782,0,0.27027027027027023]
[7,18.85135135135135,0,0.27027027027027023]
[8,18.91891891891892,0,0.27027027027027023]
[0,18.91891891891892,0,0.27027027027027023]
[2,18.986486486486484,0,0.27027027027027023]
[1,19.054054054054053,0,0.27027027027027023]
[3,19.12162162162162,0,0.27027027027027023]
[5,19.18918918918919,0,0.27027027027027023]
[6,19.18918918918919,0,0.27027027027027023]
[4,19.18918918918919,0,0.27027027027027023]
[8,19.256756756756754,0,0.27027027027027023]
[0,19.324324324324323,0,0.27027027027027023]
[1,19.324324324324323,0,0.27027027027027023]
[4,19.39189189189189,0,0.27027027027027023]
[5,19.39189189189189,0,0.27027027027027023]
[6,19.45945945945946,0,0.27027027027027023]
[7,19.45945945945946,0,0.27027027027027023]
[2,19.527027027027025,0,0.27027027027027023]
[3,19.594594594594593,0,0.27027027027027023]
[4,19.66216216216216,0,0.27027027027027023]
[5,19.72972972972973,0,0.27027027027027023]
[0,19.72972972972973,0,0.27027027027027023]
[1,19.72972972972973,0,0.27027027027027023]
[2,19.797297297297295,0,0.27027027027027023]
[6,19.864864864864863,0,0.27027027027027023]
[7,19.93243243243243,0,0.27027027027027023]
[8,20,0,0.27027027027027023]
[3,20,0,0.27027027027027023]
[5,20.067567567567565,0,0.27027027027027023]
[4,20.135135135135133,0,0.27027027027027023]
[0,20.2027027027027,0,0.27027027027027023]
[1,20.27027027027027,0,0.27027027027027023]
[2,20.27027027027027,0,0.27027027027027023]
[3,20.27027027027027,0,0.27027027027027023]
[8,20.33783783783784,0,0.27027027027027023]
[6,20.405405405405403,0,0.27027027027027023]
[7,20.472972972972972,0,0.27027027027027023]
[5,20.54054054054054,0,0.27027027027027023]
[4,20.54054054054054,0,0.27027027027027023]
[0,20.60810810810811,0,0.27027027027027023]
[1,20.675675675675674,0,0.27027027027027023]
[2,20.743243243243242,0,0.27027027027027023]
[3,20.81081081081081,0,0.27027027027027023]
[4,20.81081081081081,0,0.27027027027027023]
[5,20.81081081081081,0,0.27027027027027023]
[6,20.87837837837838,0,0.27027027027027023]
[8,20.945945945945944,0,0.27027027027027023]
[7,21.013513513513512,0,0.27027027027027023]
[3,21.08108108108108,0,0.27027027027027023]
[4,21.08108108108108,0,0.27027027027027023]
[5,21.14864864864865,0,0.27027027027027023]
[0,21.216216216216214,0,0.27027027027027023]
[1,21.216216216216214,0,0.27027027027027023]
[7,21.283783783783782,0,0.27027027027027023]
[8,21.283783783783782,0,0.27027027027027023]
[3,21.35135135135135,0,0.27027027027027023]
[4,21.35135135135135,0,0.27027027027027023]
[1,21.41891891891892,0,0.27027027027027023]
[2,21.41891891891892,0,0.27027027027027023]
[6,21.486486486486484,0,0.27027027027027023]
[7,21.486486486486484,0,0.27027027027027023]
[4,21.554054054054053,0,0.27027027027027023]
[5,21.554054054054053,0,0.27027027027027023]
[0,21.62162162162162,0,0.27027027027027023]
[1,21.62162162162162,0,0.27027027027027023]
[8,21.68918918918919,0,0.27027027027027023]
[7,21.756756756756754,0,0.27027027027027023]
[3,21.824324324324323,0,0.27027027027027023]
[4,21.89189189189189,0,0.27027027027027023]
[5,21.89189189189189,0,0.27027027027027023]
[0,21.89189189189189,0,0.27027027027027023]
[2,21.95945945945946,0,0.27027027027027023]
[1,22.027027027027025,0,0.27027027027027023]
[6,22.094594594594593,0,0.27027027027027023]
[8,22.16216216216216,0,0.27027027027027023]
[7,22.16216216216216,0,0.27027027027027023]
[3,22.22972972972973,0,0.27027027027027023]
[5,22.297297297297295,0,0.27027027027027023]
[4,22.364864864864863,0,0.27027027027027023]
[1,22.43243243243243,0,0.27027027027027023]
[2,22.43243243243243,0,0.27027027027027023]
[6,22.43243243243243,0,0.27027027027027023]
[0,22.5,0,0.27027027027027023]
[8,22.567567567567565,0,0.27027027027027023]
[7,22.635135135135133,0,0.27027027027027023]
[6,22.7027027027027,0,0.27027027027027023]
[5,22.7027027027027,0,0.27027027027027023]
[3,22.77027027027027,0,0.27027027027027023]
[4,22.837837837837835,0,0.27027027027027023]
[2,22.905405405405403,0,0.27027027027027023]
[0,22.972972972972972,0,0.27027027027027023]
[1,22.972972972972972,0,0.27027027027027023]
[5,22.972972972972972,0,0.27027027027027023]
[6,23.04054054054054,0,0.27027027027027023]
[7,23.108108108108105,0,0.27027027027027023]
[8,23.175675675675674,0,0.27027027027027023]
[3,23.243243243243242,0,0.27027027027027023]
[4,23.243243243243242,0,0.27027027027027023]
[5,23.31081081081081,0,0.27027027027027023]
[0,23.37837837837838,0,0.27027027027027023]
[1,23.445945945945944,0,0.27027027027027023]
[2,23.513513513513512,0,0.27027027027027023]
[3,23.513513513513512,0,0.27027027027027023]
[4,23.513513513513512,0,0.27027027027027023]
[8,23.58108108108108,0,0.27027027027027023]
[6,23.64864864864865,0,0.27027027027027023]
[7,23.64864864864865,0,0.27027027027027023]
[4,23.716216216216214,0,0.27027027027027023]
[5,23.716216216216214,0,0.27027027027027023]
[0,23.783783783783782,0,0.27027027027027023]
[1,23.783783783783782,0,0.27027027027027023]
[8,23.85135135135135,0,0.27027027027027023]
[3,23.91891891891892,0,0.27027027027027023]
[4,23.986486486486484,0,0.27027027027027023]
[6,24.054054054054053,0,0.27027027027027023]
[7,24.054054054054053,0,0.27027027027027023]
[5,24.054054054054053,0,0.27027027027027023]
[0,24.12162162162162,0,0.27027027027027023]
[2,24.18918918918919,0,0.27027027027027023]
[1,24.256756756756754,0,0.27027027027027023]
[3,24.324324324324323,0,0.27027027027027023]
[4,24.324324324324323,0,0.27027027027027023]
[5,24.39189189189189,0,0.27027027027027023]
[6,24.45945945945946,0,0.27027027027027023]
[7,24.527027027027025,0,0.27027027027027023]
[8,24.594594594594593,0,0.27027027027027023]
[0,24.594594594594593,0,0.27027027027027023]
[1,24.594594594594593,0,0.27027027027027023]
[2,24.66216216216216,0,0.27027027027027023]
[3,24.72972972972973,0,0.27027027027027023]
[4,24.797297297297295,0,0.27027027027027023]
[5,24.864864864864863,0,0.27027027027027023]
[6,24.864864864864863,0,0.27027027027027023]
[8,24.93243243243243,0,0.27027027027027023]
[7,25,0,0.27027027027027023]
[0,25.067567567567565,0,0.27027027027027023]
[1,25.135135135135133,0,0.27027027027027023]
[2,25.135135135135133,0,0.27027027027027023]
[3,25.135135135135133,0,0.27027027027027023]
[8,25.2027027027027,0,0.27027027027027023]
[6,25.27027027027027,0,0.27027027027027023]
[7,25.337837837837835,0,0.27027027027027023]
[4,25.405405405405403,0,0.27027027027027023]
[5,25.405405405405403,0,0.27027027027027023]
[3,25.472972972972972,0,0.27027027027027023]
[1,25.54054054054054,0,0.27027027027027023]
[2,25.54054054054054,0,0.27027027027027023]
[6,25.608108108108105,0,0.27027027027027023]
[7,25.608108108108105,0,0.27027027027027023]
[4,25.675675675675674,0,0.27027027027027023]
[5,25.675675675675674,0,0.27027027027027023]
[0,25.743243243243242,0,0.27027027027027023]
[1,25.743243243243242,0,0.27027027027027023]
[7,25.81081081081081,0,0.27027027027027023]
[8,25.81081081081081,0,0.27027027027027023]
[3,25.878378378378375,0,0.27027027027027023]
[4,25.878378378378375,0,0.27027027027027023]
[1,25.945945945945944,0,0.27027027027027023]
[2,25.945945945945944,0,0.27027027027027023]
[6,26.013513513513512,0,0.27027027027027023]
[5,26.08108108108108,0,0.27027027027027023]
[4,26.14864864864865,0,0.27027027027027023]
[3,26.216216216216214,0,0.27027027027027023]
[2,26.216216216216214,0,0.27027027027027023]
[1,26.216216216216214,0,0.27027027027027023]
[0,26.283783783783782,0,0.27027027027027023]
[8,26.35135135135135,0,0.27027027027027023]
[7,26.41891891891892,0,0.27027027027027023]
[6,26.486486486486484,0,0.27027027027027023]
[5,26.486486486486484,0,0.27027027027027023]
[3,26.554054054054053,0,0.27027027027027023]
[4,26.62162162162162,0,0.27027027027027023]
[2,26.68918918918919,0,0.27027027027027023]
[0,26.756756756756754,0,0.27027027027027023]
[1,26.756756756756754,0,0.27027027027027023]
[8,26.756756756756754,0,0.27027027027027023]
[6,26.824324324324323,0,0.27027027027027023]
[7,26.89189189189189,0,0.27027027027027023]
[5,26.95945945945946,0,0.27027027027027023]
[3,27.027027027027025,0,0.27027027027027023]
[4,27.027027027027025,0,0.27027027027027023]
[2,27.094594594594593,0,0.27027027027027023]
[0,27.16216216216216,0,0.27027027027027023]
[1,27.22972972972973,0,0.27027027027027023]
[7,27.297297297297295,0,0.27027027027027023]
[6,27.297297297297295,0,0.27027027027027023]
[5,27.297297297297295,0,0.27027027027027023]
[8,27.364864864864863,0,0.27027027027027023]
[3,27.43243243243243,0,0.27027027027027023]
[4,27.5,0,0.27027027027027023]
[5,27.567567567567565,0,0.27027027027027023]
[0,27.567567567567565,0,0.27027027027027023]
[2,27.635135135135133,0,0.27027027027027023]
[1,27.7027027027027,0,0.27027027027027023]
[6,27.77027027027027,0,0.27027027027027023]
[7,27.837837837837835,0,0.27027027027027023]
[8,27.837837837837835,0,0.27027027027027023]
[3,27.837837837837835,0,0.27027027027027023]
[2,27.905405405405403,0,0.27027027027027023]
[0,27.972972972972972,0,0.27027027027027023]
[1,27.972972972972972,0,0.27027027027027023]
[4,28.04054054054054,0,0.27027027027027023]
[5,28.04054054054054,0,0.27027027027027023]
[6,28.108108108108105,0,0.27027027027027023]
[7,28.108108108108105,0,0.27027027027027023]
[8,28.175675675675674,0,0.27027027027027023]
[3,28.243243243243242,0,0.27027027027027023]
[4,28.31081081081081,0,0.27027027027027023]
[5,28.378378378378375,0,0.27027027027027023]
[0,28.378378378378375,0,0.27027027027027023]
[1,28.378378378378375,0,0.27027027027027023]
[2,28.445945945945944,0,0.27027027027027023]
[6,28.513513513513512,0,0.27027027027027023]
[7,28.58108108108108,0,0.27027027027027023]
[8,28.648648648648646,0,0.27027027027027023]
[3,28.648648648648646,0,0.27027027027027023]
[5,28.716216216216214,0,0.27027027027027023]
[4,28.783783783783782,0,0.27027027027027023]
[0,28.85135135135135,0,0.27027027027027023]
[1,28.91891891891892,0,0.27027027027027023]
[2,28.91891891891892,0,0.27027027027027023]
[3,28.91891891891892,0,0.27027027027027023]
[8,28.986486486486484,0,0.27027027027027023]
[7,29.054054054054053,0,0.27027027027027023]
[6,29.12162162162162,0,0.27027027027027023]
[4,29.18918918918919,0,0.27027027027027023]
[5,29.18918918918919,0,0.27027027027027023]
[3,29.256756756756754,0,0.27027027027027023]
[2,29.324324324324323,0,0.27027027027027023]
[1,29.39189189189189,0,0.27027027027027023]
[0,29.45945945945946,0,0.27027027027027023]
[4,29.45945945945946,0,0.27027027027027023]
[5,29.45945945945946,0,0.27027027027027023]
[6,29.527027027027025,0,0.27027027027027023]
[8,29.594594594594593,0,0.27027027027027023]
[7,29.66216216216216,0,0.27027027027027023]
[3,29.72972972972973,0,0.27027027027027023]
[4,29.72972972972973,0,0.27027027027027023]
[2,29.797297297297295,0,0.27027027027027023]
[0,29.864864864864863,0,0.27027027027027023]
[1,29.864864864864863,0,0.27027027027027023]
[7,29.93243243243243,0,0.27027027027027023]
[8,29.93243243243243,0,0.27027027027027023]
[3,30,0,0.27027027027027023]
[4,30,0,0.27027027027027023]
[1,30.067567567567565,0,0.27027027027027023]
[2,30.067567567567565,0,0.27027027027027023]
[6,30.135135135135133,0,0.27027027027027023]
[7,30.135135135135133,0,0.27027027027027023]
[4,30.2027027027027,0,0.27027027027027023]
[5,30.2027027027027,0,0.27027027027027023]
[0,30.27027027027027,0,0.27027027027027023]
[1,30.27027027027027,0,0.27027027027027023]
[8,30.337837837837835,0,0.27027027027027023]
[7,30.405405405405403,0,0.27027027027027023]
[6,30.472972972972972,0,0.27027027027027023]
[0,30.54054054054054,0,0.27027027027027023]
[1,30.54054054054054,0,0.27027027027027023]
[2,30.54054054054054,0,0.27027027027027023]
[5,30.608108108108105,0,0.27027027027027023]
[3,30.675675675675674,0,0.27027027027027023]
[4,30.743243243243242,0,0.27027027027027023]
[7,30.81081081081081,0,0.27027027027027023]
[8,30.81081081081081,0,0.27027027027027023]
[6,30.878378378378375,0,0.27027027027027023]
[2,30.945945945945944,0,0.27027027027027023]
[1,31.013513513513512,0,0.27027027027027023]
[4,31.08108108108108,0,0.27027027027027023]
[0,31.08108108108108,0,0.27027027027027023]
[5,31.08108108108108,0,0.27027027027027023]
[3,31.148648648648646,0,0.27027027027027023]
[8,31.216216216216214,0,0.27027027027027023]
[7,31.283783783783782,0,0.27027027027027023]
[6,31.35135135135135,0,0.27027027027027023]
[2,31.35135135135135,0,0.27027027027027023]
[0,31.418918918918916,0,0.27027027027027023]
[1,31.486486486486484,0,0.27027027027027023]
[2,31.554054054054053,0,0.27027027027027023]
[3,31.62162162162162,0,0.27027027027027023]
[7,31.62162162162162,0,0.27027027027027023]
[8,31.62162162162162,0,0.27027027027027023]
[6,31.689189189189186,0,0.27027027027027023]
[5,31.756756756756754,0,0.27027027027027023]
[4,31.824324324324323,0,0.27027027027027023]
[0,31.89189189189189,0,0.27027027027027023]
[1,31.89189189189189,0,0.27027027027027023]
[2,31.95945945945946,0,0.27027027027027023]
[3,32.027027027027025,0,0.27027027027027023]
[4,32.0945945945946,0,0.27027027027027023]
[6,32.16216216216216,0,0.27027027027027023]
[7,32.16216216216216,0,0.27027027027027023]
[5,32.16216216216216,0,0.27027027027027023]
[8,32.229729729729726,0,0.27027027027027023]
[0,32.2972972972973,0,0.27027027027027023]
[1,32.2972972972973,0,0.27027027027027023]
[4,32.36486486486486,0,0.27027027027027023]
[5,32.36486486486486,0,0.27027027027027023]
[6,32.43243243243243,0,0.27027027027027023]
[7,32.43243243243243,0,0.27027027027027023]
[2,32.5,0,0.27027027027027023]
[3,32.567567567567565,0,0.27027027027027023]
[4,32.63513513513514,0,0.27027027027027023]
[8,32.7027027027027,0,0.27027027027027023]
[7,32.7027027027027,0,0.27027027027027023]
[6,32.7027027027027,0,0.27027027027027023]
[2,32.77027027027027,0,0.27027027027027023]
[1,32.83783783783784,0,0.27027027027027023]
[0,32.9054054054054,0,0.27027027027027023]
[4,32.97297297297297,0,0.27027027027027023]
[5,32.97297297297297,0,0.27027027027027023]
[3,33.04054054054054,0,0.27027027027027023]
[8,33.108108108108105,0,0.27027027027027023]
[7,33.17567567567568,0,0.27027027027027023]
[6,33.24324324324324,0,0.27027027027027023]
[2,33.24324324324324,0,0.27027027027027023]
[1,33.24324324324324,0,0.27027027027027023]
[0,33.31081081081081,0,0.27027027027027023]
[5,33.37837837837838,0,0.27027027027027023]
[4,33.445945945945944,0,0.27027027027027023]
[3,33.51351351351351,0,0.27027027027027023]
[8,33.51351351351351,0,0.27027027027027023]
[6,33.58108108108108,0,0.27027027027027023]
[7,33.648648648648646,0,0.27027027027027023]
[5,33.71621621621622,0,0.27027027027027023]
[3,33.78378378378378,0,0.27027027027027023]
[4,33.78378378378378,0,0.27027027027027023]
[2,33.78378378378378,0,0.27027027027027023]
[0,33.85135135135135,0,0.27027027027027023]
[1,33.91891891891892,0,0.27027027027027023]
[5,33.986486486486484,0,0.27027027027027023]
[3,34.05405405405405,0,0.27027027027027023]
[4,34.05405405405405,0,0.27027027027027023]
[8,34.12162162162162,0,0.27027027027027023]
[6,34.189189189189186,0,0.27027027027027023]
[7,34.189189189189186,0,0.27027027027027023]
[1,34.25675675675676,0,0.27027027027027023]
[2,34.25675675675676,0,0.27027027027027023]
[4,34.32432432432432,0,0.27027027027027023]
[3,34.32432432432432,0,0.27027027027027023]
[7,34.39189189189189,0,0.27027027027027023]
[8,34.39189189189189,0,0.27027027027027023]
[0,34.45945945945946,0,0.27027027027027023]
[1,34.45945945945946,0,0.27027027027027023]
[4,34.527027027027025,0,0.27027027027027023]
[5,34.527027027027025,0,0.27027027027027023]
[6,34.59459459459459,0,0.27027027027027023]
[7,34.59459459459459,0,0.27027027027027023]
[8,34.729729729729726,0,0.27027027027027023]
[4,34.86486486486486,0,0.27027027027027023]
[5,34.86486486486486,0,0.27027027027027023]
[0,34.86486486486486,0,0.27027027027027023]
[2,35,0,0.27027027027027023]
[3,35.13513513513514,0,0.27027027027027023]
[4,35.13513513513514,0,0.27027027027027023]
[5,35.27027027027027,0,0.27027027027027023]
[1,35.4054054054054,0,0.27027027027027023]
[2,35.4054054054054,0,0.27027027027027023]
[6,35.4054054054054,0,0.27027027027027023]
[8,35.54054054054054,0,0.27027027027027023]
[0,35.67567567567568,0,0.27027027027027023]
[1,35.67567567567568,0,0.27027027027027023]
[2,35.81081081081081,0,0.27027027027027023]
[6,35.945945945945944,0,0.27027027027027023]
[7,35.945945945945944,0,0.27027027027027023]
[8,35.945945945945944,0,0.27027027027027023]
[4,36.01351351351351,0,0.27027027027027023]
[3,36.01351351351351,0,0.27027027027027023]
[5,36.08108108108108,0,0.27027027027027023]
[0,36.148648648648646,0,0.27027027027027023]
[1,36.21621621621622,0,0.27027027027027023]
[2,36.21621621621622,0,0.27027027027027023]
[6,36.21621621621622,0,0.27027027027027023]
[8,36.35135135135135,0,0.27027027027027023]
[3,36.486486486486484,0,0.27027027027027023]
[2,36.486486486486484,0,0.27027027027027023]
[0,36.62162162162162,0,0.27027027027027023]
[1,36.62162162162162,0,0.27027027027027023]
[4,36.689189189189186,0,0.27027027027027023]
[5,36.689189189189186,0,0.27027027027027023]
[6,36.75675675675676,0,0.27027027027027023]
[7,36.75675675675676,0,0.27027027027027023]
[8,36.891891891891895,0,0.27027027027027023]
[4,37.02702702702703,0,0.27027027027027023]
[5,37.02702702702703,0,0.27027027027027023]
[0,37.02702702702703,0,0.27027027027027023]
[2,37.16216216216217,0,0.27027027027027023]
[3,37.297297297297305,0,0.27027027027027023]
[4,37.297297297297305,0,0.27027027027027023]
[0,37.43243243243243,0,0.27027027027027023]
[5,37.43243243243243,0,0.27027027027027023]
[1,37.56756756756757,0,0.27027027027027023]
[2,37.56756756756757,0,0.27027027027027023]
[6,37.56756756756757,0,0.27027027027027023]
[8,37.70270270270271,0,0.27027027027027023]
[0,37.837837837837846,0,0.27027027027027023]
[1,37.837837837837846,0,0.27027027027027023]
[2,37.972972972972975,0,0.27027027027027023]
[6,38.10810810810811,0,0.27027027027027023]
[7,38.10810810810811,0,0.27027027027027023]
[8,38.10810810810811,0,0.27027027027027023]
[4,38.17567567567568,0,0.27027027027027023]
[3,38.17567567567568,0,0.27027027027027023]
[5,38.24324324324325,0,0.27027027027027023]
[0,38.310810810810814,0,0.27027027027027023]
[1,38.378378378378386,0,0.27027027027027023]
[2,38.378378378378386,0,0.27027027027027023]
[6,38.445945945945944,0,0.27027027027027023]
[7,38.445945945945944,0,0.27027027027027023]
[8,38.51351351351351,0,0.27027027027027023]
[3,38.58108108108108,0,0.27027027027027023]
[2,38.648648648648646,0,0.27027027027027023]
[1,38.69369369369369,0,0.27027027027027023]
[0,38.73873873873873,0,0.27027027027027023]
[5,38.783783783783775,0,0.27027027027027023]
[4,38.828828828828826,0,0.27027027027027023]
[3,38.87387387387387,0,0.27027027027027023]
[6,38.91891891891891,0,0.27027027027027023]
[7,38.91891891891891,0,0.27027027027027023]
[8,38.91891891891891,0,0.27027027027027023]
[6,39.05405405405405,0,0.27027027027027023]
[7,39.05405405405405,0,0.27027027027027023]
[8,39.05405405405405,0,0.27027027027027023]
[6,39.189189189189186,0,0.27027027027027023]
[7,39.189189189189186,0,0.27027027027027023]
[8,39.189189189189186,0,0.27027027027027023]
[6,39.32432432432432,0,0.27027027027027023]
[7,39.32432432432432,0,0.27027027027027023]
[8,39.32432432432432,0,0.27027027027027023]
[1,39.45945945945946,0,0.27027027027027023]
[2,39.45945945945946,0,0.27027027027027023]
[3,39.59459459459459,0,0.27027027027027023]
[5,39.66216216216216,0,0.27027027027027023]
[7,39.729729729729726,0,0.27027027027027023]
[6,39.729729729729726,0,0.27027027027027023]
[5,39.86486486486486,0,0.27027027027027023]
[3,39.93243243243243,0,0.27027027027027023]
[0,40,0,0.27027027027027023]
[1,40,0,0.27027027027027023]
[6,40.13513513513513,0,0.27027027027027023]
[8,40.13513513513513,0,0.27027027027027023]
[0,40.27027027027027,0,0.27027027027027023]
[5,40.27027027027027,0,0.27027027027027023]
[4,40.33783783783784,0,0.27027027027027023]
[3,40.4054054054054,0,0.27027027027027023]
[8,40.4054054054054,0,0.27027027027027023]
[7,40.47297297297297,0,0.27027027027027023]
[0,40.54054054054054,0,0.27027027027027023]
[1,40.54054054054054,0,0.27027027027027023]
[2,40.54054054054054,0,0.27027027027027023]
[4,40.67567567567568,0,0.27027027027027023]
[5,40.67567567567568,0,0.27027027027027023]
[3,40.67567567567568,0,0.27027027027027023]
[6,40.81081081081081,0,0.27027027027027023]
[7,40.85585585585585,0,0.27027027027027023]
[8,40.90090090090089,0,0.27027027027027023]
[3,40.945945945945944,0,0.27027027027027023]
[4,40.945945945945944,0,0.27027027027027023]
[5,41.08108108108108,0,0.27027027027027023]
[4,41.08108108108108,0,0.27027027027027023]
[0,41.21621621621622,0,0.27027027027027023]
[2,41.28378378378378,0,0.27027027027027023]
[1,41.28378378378378,0,0.27027027027027023]
[6,41.35135135135135,0,0.27027027027027023]
[7,41.35135135135135,0,0.27027027027027023]
[8,41.35135135135135,0,0.27027027027027023]
[3,41.486486486486484,0,0.27027027027027023]
[4,41.53153153153153,0,0.27027027027027023]
[5,41.57657657657657,0,0.27027027027027023]
[7,41.621621621621614,0,0.27027027027027023]
[8,41.621621621621614,0,0.27027027027027023]
[3,41.75675675675676,0,0.27027027027027023]
[1,41.75675675675676,0,0.27027027027027023]
[0,41.89189189189189,0,0.27027027027027023]
[2,41.89189189189189,0,0.27027027027027023]
[6,42.027027027027025,0,0.27027027027027023]
[7,42.027027027027025,0,0.27027027027027023]
[5,42.027027027027025,0,0.27027027027027023]
[4,42.027027027027025,0,0.27027027027027023]
[8,42.16216216216216,0,0.27027027027027023]
[3,42.2972972972973,0,0.27027027027027023]
[4,42.2972972972973,0,0.27027027027027023]
[2,42.43243243243243,0,0.27027027027027023]
[1,42.47747747747747,0,0.27027027027027023]
[0,42.522522522522515,0,0.27027027027027023]
[5,42.567567567567565,0,0.27027027027027023]
[4,42.567567567567565,0,0.27027027027027023]
[3,42.7027027027027,0,0.27027027027027023]
[7,42.7027027027027,0,0.27027027027027023]
[8,42.77027027027027,0,0.27027027027027023]
[4,42.83783783783784,0,0.27027027027027023]
[5,42.83783783783784,0,0.27027027027027023]
[6,42.9054054054054,0,0.27027027027027023]
[1,42.97297297297297,0,0.27027027027027023]
[2,42.97297297297297,0,0.27027027027027023]
[0,43.04054054054054,0,0.27027027027027023]
[1,43.108108108108105,0,0.27027027027027023]
[2,43.108108108108105,0,0.27027027027027023]
[0,43.17567567567567,0,0.27027027027027023]
[8,43.24324324324324,0,0.27027027027027023]
[7,43.31081081081081,0,0.27027027027027023]
[3,43.37837837837838,0,0.27027027027027023]
[5,43.445945945945944,0,0.27027027027027023]
[0,43.51351351351351,0,0.27027027027027023]
[1,43.51351351351351,0,0.27027027027027023]
[1,43.58108108108108,0,0.27027027027027023]
[2,43.58108108108108,0,0.27027027027027023]
[6,43.648648648648646,0,0.27027027027027023]
[7,43.648648648648646,0,0.27027027027027023]
[8,43.71621621621622,0,0.27027027027027023]
[3,43.78378378378378,0,0.27027027027027023]
[4,43.85135135135135,0,0.27027027027027023]
[2,43.91891891891891,0,0.27027027027027023]
[1,43.963963963963955,0,0.27027027027027023]
[0,44.009009009009006,0,0.27027027027027023]
[5,44.05405405405405,0,0.27027027027027023]
[4,44.05405405405405,0,0.27027027027027023]
[6,44.189189189189186,0,0.27027027027027023]
[7,44.189189189189186,0,0.27027027027027023]
[1,44.189189189189186,0,0.27027027027027023]
[2,44.189189189189186,0,0.27027027027027023]
[3,44.32432432432432,0,0.27027027027027023]
[8,44.45945945945946,0,0.27027027027027023]
[7,44.45945945945946,0,0.27027027027027023]
[0,44.45945945945946,0,0.27027027027027023]
[1,44.45945945945946,0,0.27027027027027023]
[6,44.59459459459459,0,0.27027027027027023]
[5,44.59459459459459,0,0.27027027027027023]
[3,44.729729729729726,0,0.27027027027027023]
[4,44.7972972972973,0,0.27027027027027023]
[8,44.86486486486486,0,0.27027027027027023]
[8,44.93243243243243,0,0.27027027027027023]
[6,45,0,0.27027027027027023]
[7,45,0,0.27027027027027023]
[1,45,0,0.27027027027027023]
[2,45,0,0.27027027027027023]
[5,45.13513513513513,0,0.27027027027027023]
[4,45.2027027027027,0,0.27027027027027023]
[0,45.27027027027027,0,0.27027027027027023]
[1,45.31531531531531,0,0.27027027027027023]
[2,45.36036036036035,0,0.27027027027027023]
[6,45.4054054054054,0,0.27027027027027023]
[8,45.47297297297297,0,0.27027027027027023]
[6,45.54054054054054,0,0.27027027027027023]
[8,45.608108108108105,0,0.27027027027027023]
[3,45.67567567567567,0,0.27027027027027023]
[4,45.67567567567567,0,0.27027027027027023]
[5,45.74324324324324,0,0.27027027027027023]
[0,45.81081081081081,0,0.27027027027027023]
[2,45.81081081081081,0,0.27027027027027023]
[1,45.87837837837838,0,0.27027027027027023]
[3,45.945945945945944,0,0.27027027027027023]
[5,45.945945945945944,0,0.27027027027027023]
[4,46.01351351351351,0,0.27027027027027023]
[6,46.08108108108108,0,0.27027027027027023]
[7,46.08108108108108,0,0.27027027027027023]
[5,46.21621621621621,0,0.27027027027027023]
[3,46.28378378378378,0,0.27027027027027023]
[4,46.317567567567565,0,0.27027027027027023]
[5,46.35135135135135,0,0.27027027027027023]
[3,46.41891891891892,0,0.27027027027027023]
[6,46.486486486486484,0,0.27027027027027023]
[8,46.486486486486484,0,0.27027027027027023]
[1,46.62162162162162,0,0.27027027027027023]
[2,46.62162162162162,0,0.27027027027027023]
[0,46.689189189189186,0,0.27027027027027023]
[6,46.75675675675676,0,0.27027027027027023]
[7,46.75675675675676,0,0.27027027027027023]
[8,46.75675675675676,0,0.27027027027027023]
[3,46.82432432432432,0,0.27027027027027023]
[4,46.82432432432432,0,0.27027027027027023]
[5,46.82432432432432,0,0.27027027027027023]
[0,46.89189189189189,0,0.27027027027027023]
[1,46.89189189189189,0,0.27027027027027023]
[2,46.89189189189189,0,0.27027027027027023]
[5,46.95945945945946,0,0.27027027027027023]
[6,47.027027027027025,0,0.27027027027027023]
[7,47.027027027027025,0,0.27027027027027023]
[8,47.16216216216216,0,0.27027027027027023]
[0,47.2972972972973,0,0.27027027027027023]
[1,47.2972972972973,0,0.27027027027027023]
[2,47.2972972972973,0,0.27027027027027023]
[3,47.36486486486486,0,0.27027027027027023]
[4,47.36486486486486,0,0.27027027027027023]
[5,47.36486486486486,0,0.27027027027027023]
[8,47.43243243243243,0,0.27027027027027023]
[7,47.43243243243243,0,0.27027027027027023]
[6,47.43243243243243,0,0.27027027027027023]
[0,47.5,0,0.27027027027027023]
[1,47.567567567567565,0,0.27027027027027023]
[2,47.567567567567565,0,0.27027027027027023]
[6,47.63513513513513,0,0.27027027027027023]
[7,47.63513513513513,0,0.27027027027027023]
[2,47.7027027027027,0,0.27027027027027023]
[1,47.7027027027027,0,0.27027027027027023]
[6,47.77027027027027,0,0.27027027027027023]
[7,47.77027027027027,0,0.27027027027027023]
[4,47.83783783783784,0,0.27027027027027023]
[5,47.83783783783784,0,0.27027027027027023]
[0,47.9054054054054,0,0.27027027027027023]
[1,47.9054054054054,0,0.27027027027027023]
[4,47.97297297297297,0,0.27027027027027023]
[5,47.97297297297297,0,0.27027027027027023]
[0,48.04054054054054,0,0.27027027027027023]
[1,48.04054054054054,0,0.27027027027027023]
[7,48.108108108108105,0,0.27027027027027023]
[8,48.108108108108105,0,0.27027027027027023]
[3,48.17567567567567,0,0.27027027027027023]
[4,48.17567567567567,0,0.27027027027027023]
[7,48.24324324324324,0,0.27027027027027023]
[8,48.24324324324324,0,0.27027027027027023]
[3,48.31081081081081,0,0.27027027027027023]
[4,48.31081081081081,0,0.27027027027027023]
[2,48.37837837837838,0,0.27027027027027023]
[1,48.37837837837838,0,0.27027027027027023]
[6,48.445945945945944,0,0.27027027027027023]
[7,48.51351351351351,0,0.27027027027027023]
[5,48.58108108108108,0,0.27027027027027023]
[0,48.648648648648646,0,0.27027027027027023]
[1,48.648648648648646,0,0.27027027027027023]
[3,48.78378378378378,0,0.27027027027027023]
[4,48.78378378378378,0,0.27027027027027023]
[8,48.78378378378378,0,0.27027027027027023]
[6,48.91891891891892,0,0.27027027027027023]
[7,48.91891891891892,0,0.27027027027027023]
[5,48.986486486486484,0,0.27027027027027023]
[3,49.05405405405405,0,0.27027027027027023]
[4,49.05405405405405,0,0.27027027027027023]
[1,49.189189189189186,0,0.27027027027027023]
[2,49.189189189189186,0,0.27027027027027023]
[6,49.25675675675676,0,0.27027027027027023]
[7,49.25675675675676,0,0.27027027027027023]
[1,49.32432432432432,0,0.27027027027027023]
[2,49.32432432432432,0,0.27027027027027023]
[6,49.39189189189189,0,0.27027027027027023]
[7,49.39189189189189,0,0.27027027027027023]
[5,49.45945945945946,0,0.27027027027027023]
[4,49.45945945945946,0,0.27027027027027023]
[3,49.527027027027025,0,0.27027027027027023]
[4,49.527027027027025,0,0.27027027027027023]
[2,49.59459459459459,0,0.27027027027027023]
[1,49.66216216216216,0,0.27027027027027023]
[0,49.729729729729726,0,0.27027027027027023]
[5,49.729729729729726,0,0.27027027027027023]
[4,49.86486486486486,0,0.27027027027027023]
[3,50,0,0.27027027027027023]
[8,50,0,0.27027027027027023]
[7,50,0,0.27027027027027023]
[6,50.13513513513513,0,0.27027027027027023]
[0,50.27027027027027,0,0.27027027027027023]
[1,50.27027027027027,0,0.27027027027027023]
[2,50.27027027027027,0,0.27027027027027023]
[7,50.33783783783784,0,0.27027027027027023]
[3,50.4054054054054,0,0.27027027027027023]
[4,50.4054054054054,0,0.27027027027027023]
[5,50.4054054054054,0,0.27027027027027023]
[8,50.47297297297297,0,0.27027027027027023]
[0,50.54054054054054,0,0.27027027027027023]
[1,50.608108108108105,0,0.27027027027027023]
[2,50.67567567567567,0,0.27027027027027023]
[1,50.74324324324324,0,0.27027027027027023]
[6,50.81081081081081,0,0.27027027027027023]
[4,50.81081081081081,0,0.27027027027027023]
[5,50.81081081081081,0,0.27027027027027023]
[3,50.87837837837838,0,0.27027027027027023]
[8,50.945945945945944,0,0.27027027027027023]
[0,50.945945945945944,0,0.27027027027027023]
[7,50.945945945945944,0,0.27027027027027023]
[2,51.01351351351351,0,0.27027027027027023]
[1,51.01351351351351,0,0.27027027027027023]
[3,51.08108108108108,0,0.27027027027027023]
[4,51.148648648648646,0,0.27027027027027023]
[6,51.21621621621621,0,0.27027027027027023]
[7,51.21621621621621,0,0.27027027027027023]
[5,51.21621621621621,0,0.27027027027027023]
[8,51.28378378378378,0,0.27027027027027023]
[0,51.35135135135135,0,0.27027027027027023]
[1,51.35135135135135,0,0.27027027027027023]
[2,51.35135135135135,0,0.27027027027027023]
[3,51.41891891891892,0,0.27027027027027023]
[4,51.486486486486484,0,0.27027027027027023]
[5,51.55405405405405,0,0.27027027027027023]
[7,51.62162162162162,0,0.27027027027027023]
[8,51.62162162162162,0,0.27027027027027023]
[0,51.62162162162162,0,0.27027027027027023]
[6,51.689189189189186,0,0.27027027027027023]
[3,51.75675675675675,0,0.27027027027027023]
[4,51.75675675675675,0,0.27027027027027023]
[5,51.75675675675675,0,0.27027027027027023]
[0,51.82432432432432,0,0.27027027027027023]
[1,51.82432432432432,0,0.27027027027027023]
[2,51.82432432432432,0,0.27027027027027023]
[7,51.89189189189189,0,0.27027027027027023]
[8,51.89189189189189,0,0.27027027027027023]
[4,52.027027027027025,0,0.27027027027027023]
[3,52.027027027027025,0,0.27027027027027023]
[1,52.16216216216216,0,0.27027027027027023]
[2,52.16216216216216,0,0.27027027027027023]
[0,52.229729729729726,0,0.27027027027027023]
[5,52.2972972972973,0,0.27027027027027023]
[3,52.36486486486486,0,0.27027027027027023]
[7,52.43243243243243,0,0.27027027027027023]
[8,52.43243243243243,0,0.27027027027027023]
[3,52.567567567567565,0,0.27027027027027023]
[5,52.63513513513513,0,0.27027027027027023]
[0,52.7027027027027,0,0.27027027027027023]
[1,52.7027027027027,0,0.27027027027027023]
[8,52.83783783783784,0,0.27027027027027023]
[7,52.9054054054054,0,0.27027027027027023]
[6,52.97297297297297,0,0.27027027027027023]
[5,52.97297297297297,0,0.27027027027027023]
[3,53.108108108108105,0,0.27027027027027023]
[2,53.108108108108105,0,0.27027027027027023]
[0,53.24324324324324,0,0.27027027027027023]
[1,53.24324324324324,0,0.27027027027027023]
[5,53.24324324324324,0,0.27027027027027023]
[4,53.31081081081081,0,0.27027027027027023]
[6,53.37837837837838,0,0.27027027027027023]
[7,53.37837837837838,0,0.27027027027027023]
[8,53.37837837837838,0,0.27027027027027023]
[3,53.445945945945944,0,0.27027027027027023]
[4,53.51351351351351,0,0.27027027027027023]
[5,53.51351351351351,0,0.27027027027027023]
[1,53.648648648648646,0,0.27027027027027023]
[2,53.648648648648646,0,0.27027027027027023]
[6,53.783783783783775,0,0.27027027027027023]
[7,53.82882882882882,0,0.27027027027027023]
[8,53.87387387387387,0,0.27027027027027023]
[3,53.91891891891892,0,0.27027027027027023]
[4,53.91891891891892,0,0.27027027027027023]
[2,54.05405405405405,0,0.27027027027027023]
[0,54.05405405405405,0,0.27027027027027023]
[1,54.05405405405405,0,0.27027027027027023]
[7,54.189189189189186,0,0.27027027027027023]
[8,54.189189189189186,0,0.27027027027027023]
[6,54.32432432432432,0,0.27027027027027023]
[3,54.45945945945946,0,0.27027027027027023]
[5,54.45945945945946,0,0.27027027027027023]
[4,54.45945945945946,0,0.27027027027027023]
[2,54.59459459459459,0,0.27027027027027023]
[1,54.59459459459459,0,0.27027027027027023]
[0,54.729729729729726,0,0.27027027027027023]
[8,54.86486486486486,0,0.27027027027027023]
[6,54.86486486486486,0,0.27027027027027023]
[7,54.86486486486486,0,0.27027027027027023]
[3,55,0,0.27027027027027023]
[4,55,0,0.27027027027027023]
[5,55.13513513513513,0,0.27027027027027023]
[6,55.27027027027027,0,0.27027027027027023]
[7,55.27027027027027,0,0.27027027027027023]
[8,55.27027027027027,0,0.27027027027027023]
[4,55.4054054054054,0,0.27027027027027023]
[5,55.4054054054054,0,0.27027027027027023]
[3,55.4054054054054,0,0.27027027027027023]
[0,55.54054054054054,0,0.27027027027027023]
[1,55.54054054054054,0,0.27027027027027023]
[8,55.67567567567567,0,0.27027027027027023]
[3,55.67567567567567,0,0.27027027027027023]
[4,55.81081081081081,0,0.27027027027027023]
[5,55.81081081081081,0,0.27027027027027023]
[6,55.945945945945944,0,0.27027027027027023]
[7,55.945945945945944,0,0.27027027027027023]
[1,55.945945945945944,0,0.27027027027027023]
[2,55.945945945945944,0,0.27027027027027023]
[8,56.21621621621621,0,0.27027027027027023]
[3,56.21621621621621,0,0.27027027027027023]
[4,56.28378378378378,0,0.27027027027027023]
[5,56.351351351351354,0,0.27027027027027023]
[0,56.41891891891892,0,0.27027027027027023]
[1,56.486486486486484,0,0.27027027027027023]
[2,56.486486486486484,0,0.27027027027027023]
[6,56.486486486486484,0,0.27027027027027023]
[8,56.55405405405405,0,0.27027027027027023]
[7,56.62162162162162,0,0.27027027027027023]
[3,56.68918918918919,0,0.27027027027027023]
[4,56.75675675675676,0,0.27027027027027023]
[5,56.75675675675676,0,0.27027027027027023]
[0,56.82432432432432,0,0.27027027027027023]
[2,56.89189189189189,0,0.27027027027027023]
[1,56.95945945945946,0,0.27027027027027023]
[6,57.02702702702703,0,0.27027027027027023]
[7,57.02702702702703,0,0.27027027027027023]
[8,57.02702702702703,0,0.27027027027027023]
[3,57.0945945945946,0,0.27027027027027023]
[5,57.16216216216216,0,0.27027027027027023]
[4,57.229729729729726,0,0.27027027027027023]
[0,57.2972972972973,0,0.27027027027027023]
[1,57.2972972972973,0,0.27027027027027023]
[2,57.36486486486486,0,0.27027027027027023]
[6,57.432432432432435,0,0.27027027027027023]
[7,57.5,0,0.27027027027027023]
[8,57.567567567567565,0,0.27027027027027023]
[3,57.567567567567565,0,0.27027027027027023]
[4,57.567567567567565,0,0.27027027027027023]
[5,57.63513513513513,0,0.27027027027027023]
[0,57.7027027027027,0,0.27027027027027023]
[1,57.770270270270274,0,0.27027027027027023]
[2,57.83783783783784,0,0.27027027027027023]
[6,57.83783783783784,0,0.27027027027027023]
[8,57.9054054054054,0,0.27027027027027023]
[7,57.97297297297297,0,0.27027027027027023]
[3,58.04054054054054,0,0.27027027027027023]
[5,58.10810810810811,0,0.27027027027027023]
[0,58.10810810810811,0,0.27027027027027023]
[4,58.10810810810811,0,0.27027027027027023]
[2,58.17567567567568,0,0.27027027027027023]
[6,58.24324324324324,0,0.27027027027027023]
[7,58.24324324324324,0,0.27027027027027023]
[4,58.31081081081081,0,0.27027027027027023]
[5,58.31081081081081,0,0.27027027027027023]
[0,58.37837837837838,0,0.27027027027027023]
[1,58.37837837837838,0,0.27027027027027023]
[8,58.445945945945944,0,0.27027027027027023]
[3,58.513513513513516,0,0.27027027027027023]
[4,58.58108108108108,0,0.27027027027027023]
[5,58.648648648648646,0,0.27027027027027023]
[6,58.648648648648646,0,0.27027027027027023]
[7,58.648648648648646,0,0.27027027027027023]
[8,58.71621621621621,0,0.27027027027027023]
[0,58.78378378378378,0,0.27027027027027023]
[1,58.851351351351354,0,0.27027027027027023]
[2,58.91891891891892,0,0.27027027027027023]
[3,58.91891891891892,0,0.27027027027027023]
[5,58.986486486486484,0,0.27027027027027023]
[4,59.05405405405405,0,0.27027027027027023]
[6,59.12162162162162,0,0.27027027027027023]
[7,59.18918918918919,0,0.27027027027027023]
[8,59.18918918918919,0,0.27027027027027023]
[3,59.18918918918919,0,0.27027027027027023]
[2,59.25675675675676,0,0.27027027027027023]
[0,59.32432432432432,0,0.27027027027027023]
[1,59.39189189189189,0,0.27027027027027023]
[5,59.45945945945946,0,0.27027027027027023]
[4,59.45945945945946,0,0.27027027027027023]
[6,59.52702702702703,0,0.27027027027027023]
[7,59.5945945945946,0,0.27027027027027023]
[8,59.66216216216216,0,0.27027027027027023]
[3,59.729729729729726,0,0.27027027027027023]
[4,59.729729729729726,0,0.27027027027027023]
[5,59.729729729729726,0,0.27027027027027023]
[0,59.7972972972973,0,0.27027027027027023]
[2,59.86486486486486,0,0.27027027027027023]
[1,59.932432432432435,0,0.27027027027027023]
[3,60,0,0.27027027027027023]
[4,60,0,0.27027027027027023]
[5,60.067567567567565,0,0.27027027027027023]
[6,60.13513513513513,0,0.27027027027027023]
[7,60.13513513513513,0,0.27027027027027023]
[1,60.2027027027027,0,0.27027027027027023]
[2,60.2027027027027,0,0.27027027027027023]
[3,60.270270270270274,0,0.27027027027027023]
[4,60.270270270270274,0,0.27027027027027023]
[7,60.33783783783784,0,0.27027027027027023]
[8,60.33783783783784,0,0.27027027027027023]
[0,60.4054054054054,0,0.27027027027027023]
[1,60.4054054054054,0,0.27027027027027023]
[4,60.47297297297297,0,0.27027027027027023]
[5,60.47297297297297,0,0.27027027027027023]
[6,60.54054054054054,0,0.27027027027027023]
[7,60.54054054054054,0,0.27027027027027023]
[2,60.60810810810811,0,0.27027027027027023]
[1,60.67567567567568,0,0.27027027027027023]
[3,60.74324324324324,0,0.27027027027027023]
[4,60.81081081081081,0,0.27027027027027023]
[5,60.81081081081081,0,0.27027027027027023]
[6,60.81081081081081,0,0.27027027027027023]
[8,60.87837837837838,0,0.27027027027027023]
[7,60.945945945945944,0,0.27027027027027023]
[0,61.013513513513516,0,0.27027027027027023]
[2,61.08108108108108,0,0.27027027027027023]
[1,61.08108108108108,0,0.27027027027027023]
[3,61.148648648648646,0,0.27027027027027023]
[5,61.21621621621621,0,0.27027027027027023]
[4,61.28378378378378,0,0.27027027027027023]
[7,61.351351351351354,0,0.27027027027027023]
[8,61.351351351351354,0,0.27027027027027023]
[0,61.351351351351354,0,0.27027027027027023]
[6,61.41891891891892,0,0.27027027027027023]
[2,61.486486486486484,0,0.27027027027027023]
[1,61.55405405405405,0,0.27027027027027023]
[0,61.62162162162162,0,0.27027027027027023]
[5,61.62162162162162,0,0.27027027027027023]
[3,61.68918918918919,0,0.27027027027027023]
[4,61.75675675675676,0,0.27027027027027023]
[8,61.82432432432432,0,0.27027027027027023]
[6,61.89189189189189,0,0.27027027027027023]
[7,61.89189189189189,0,0.27027027027027023]
[5,61.89189189189189,0,0.27027027027027023]
[0,61.95945945945946,0,0.27027027027027023]
[1,62.027027027027025,0,0.27027027027027023]
[2,62.0945945945946,0,0.27027027027027023]
[3,62.16216216216216,0,0.27027027027027023]
[4,62.16216216216216,0,0.27027027027027023]
[5,62.229729729729726,0,0.27027027027027023]
[6,62.2972972972973,0,0.27027027027027023]
[7,62.36486486486486,0,0.27027027027027023]
[8,62.432432432432435,0,0.27027027027027023]
[3,62.432432432432435,0,0.27027027027027023]
[4,62.432432432432435,0,0.27027027027027023]
[2,62.5,0,0.27027027027027023]
[0,62.567567567567565,0,0.27027027027027023]
[1,62.567567567567565,0,0.27027027027027023]
[4,62.63513513513513,0,0.27027027027027023]
[5,62.63513513513513,0,0.27027027027027023]
[6,62.7027027027027,0,0.27027027027027023]
[7,62.7027027027027,0,0.27027027027027023]
[2,62.770270270270274,0,0.27027027027027023]
[3,62.83783783783784,0,0.27027027027027023]
[4,62.9054054054054,0,0.27027027027027023]
[0,62.97297297297297,0,0.27027027027027023]
[1,62.97297297297297,0,0.27027027027027023]
[5,62.97297297297297,0,0.27027027027027023]
[6,63.04054054054054,0,0.27027027027027023]
[8,63.10810810810811,0,0.27027027027027023]
[7,63.17567567567568,0,0.27027027027027023]
[3,63.24324324324324,0,0.27027027027027023]
[4,63.24324324324324,0,0.27027027027027023]
[5,63.31081081081081,0,0.27027027027027023]
[0,63.37837837837838,0,0.27027027027027023]
[1,63.445945945945944,0,0.27027027027027023]
[2,63.513513513513516,0,0.27027027027027023]
[6,63.513513513513516,0,0.27027027027027023]
[7,63.513513513513516,0,0.27027027027027023]
[8,63.58108108108108,0,0.27027027027027023]
[3,63.648648648648646,0,0.27027027027027023]
[4,63.71621621621621,0,0.27027027027027023]
[5,63.78378378378378,0,0.27027027027027023]
[0,63.78378378378378,0,0.27027027027027023]
[2,63.851351351351354,0,0.27027027027027023]
[1,63.91891891891892,0,0.27027027027027023]
[6,63.986486486486484,0,0.27027027027027023]
[7,64.05405405405405,0,0.27027027027027023]
[8,64.05405405405405,0,0.27027027027027023]
[3,64.05405405405405,0,0.27027027027027023]
[2,64.12162162162161,0,0.27027027027027023]
[0,64.1891891891892,0,0.27027027027027023]
[1,64.25675675675676,0,0.27027027027027023]
[4,64.32432432432432,0,0.27027027027027023]
[5,64.32432432432432,0,0.27027027027027023]
[3,64.39189189189189,0,0.27027027027027023]
[7,64.45945945945945,0,0.27027027027027023]
[8,64.45945945945945,0,0.27027027027027023]
[0,64.52702702702703,0,0.27027027027027023]
[1,64.52702702702703,0,0.27027027027027023]
[4,64.5945945945946,0,0.27027027027027023]
[5,64.5945945945946,0,0.27027027027027023]
[6,64.66216216216216,0,0.27027027027027023]
[7,64.66216216216216,0,0.27027027027027023]
[1,64.72972972972973,0,0.27027027027027023]
[2,64.72972972972973,0,0.27027027027027023]
[3,64.79729729729729,0,0.27027027027027023]
[4,64.79729729729729,0,0.27027027027027023]
[7,64.86486486486487,0,0.27027027027027023]
[8,64.86486486486487,0,0.27027027027027023]
[0,64.93243243243244,0,0.27027027027027023]
[5,65,0,0.27027027027027023]
[4,65.06756756756756,0,0.27027027027027023]
[3,65.13513513513513,0,0.27027027027027023]
[8,65.13513513513513,0,0.27027027027027023]
[7,65.13513513513513,0,0.27027027027027023]
[6,65.20270270270271,0,0.27027027027027023]
[2,65.27027027027027,0,0.27027027027027023]
[1,65.33783783783784,0,0.27027027027027023]
[0,65.4054054054054,0,0.27027027027027023]
[5,65.4054054054054,0,0.27027027027027023]
[3,65.47297297297297,0,0.27027027027027023]
[4,65.54054054054055,0,0.27027027027027023]
[8,65.60810810810811,0,0.27027027027027023]
[6,65.67567567567568,0,0.27027027027027023]
[7,65.67567567567568,0,0.27027027027027023]
[2,65.67567567567568,0,0.27027027027027023]
[0,65.74324324324324,0,0.27027027027027023]
[1,65.8108108108108,0,0.27027027027027023]
[5,65.87837837837839,0,0.27027027027027023]
[3,65.94594594594594,0,0.27027027027027023]
[4,65.94594594594594,0,0.27027027027027023]
[8,66.01351351351352,0,0.27027027027027023]
[6,66.08108108108108,0,0.27027027027027023]
[7,66.14864864864865,0,0.27027027027027023]
[1,66.21621621621621,0,0.27027027027027023]
[0,66.21621621621621,0,0.27027027027027023]
[5,66.21621621621621,0,0.27027027027027023]
[2,66.28378378378378,0,0.27027027027027023]
[3,66.35135135135135,0,0.27027027027027023]
[4,66.41891891891892,0,0.27027027027027023]
[5,66.48648648648648,0,0.27027027027027023]
[6,66.48648648648648,0,0.27027027027027023]
[8,66.55405405405405,0,0.27027027027027023]
[7,66.62162162162161,0,0.27027027027027023]
[0,66.6891891891892,0,0.27027027027027023]
[1,66.75675675675676,0,0.27027027027027023]
[2,66.75675675675676,0,0.27027027027027023]
[3,66.75675675675676,0,0.27027027027027023]
[8,66.82432432432432,0,0.27027027027027023]
[6,66.89189189189189,0,0.27027027027027023]
[7,66.89189189189189,0,0.27027027027027023]
[4,66.95945945945945,0,0.27027027027027023]
[5,66.95945945945945,0,0.27027027027027023]
[0,67.02702702702703,0,0.27027027027027023]
[1,67.02702702702703,0,0.27027027027027023]
[2,67.0945945945946,0,0.27027027027027023]
[3,67.16216216216216,0,0.27027027027027023]
[4,67.22972972972973,0,0.27027027027027023]
[5,67.29729729729729,0,0.27027027027027023]
[6,67.29729729729729,0,0.27027027027027023]
[7,67.29729729729729,0,0.27027027027027023]
[8,67.36486486486487,0,0.27027027027027023]
[0,67.43243243243244,0,0.27027027027027023]
[1,67.5,0,0.27027027027027023]
[2,67.56756756756756,0,0.27027027027027023]
[3,67.56756756756756,0,0.27027027027027023]
[5,67.63513513513513,0,0.27027027027027023]
[4,67.70270270270271,0,0.27027027027027023]
[6,67.77027027027027,0,0.27027027027027023]
[7,67.83783783783784,0,0.27027027027027023]
[8,67.83783783783784,0,0.27027027027027023]
[3,67.83783783783784,0,0.27027027027027023]
[2,67.9054054054054,0,0.27027027027027023]
[1,67.97297297297297,0,0.27027027027027023]
[0,68.04054054054055,0,0.27027027027027023]
[4,68.10810810810811,0,0.27027027027027023]
[5,68.10810810810811,0,0.27027027027027023]
[3,68.17567567567568,0,0.27027027027027023]
[8,68.24324324324324,0,0.27027027027027023]
[7,68.3108108108108,0,0.27027027027027023]
[6,68.37837837837839,0,0.27027027027027023]
[4,68.37837837837839,0,0.27027027027027023]
[5,68.37837837837839,0,0.27027027027027023]
[0,68.44594594594594,0,0.27027027027027023]
[2,68.51351351351352,0,0.27027027027027023]
[1,68.58108108108108,0,0.27027027027027023]
[3,68.64864864864865,0,0.27027027027027023]
[4,68.64864864864865,0,0.27027027027027023]
[8,68.71621621621621,0,0.27027027027027023]
[6,68.78378378378378,0,0.27027027027027023]
[7,68.78378378378378,0,0.27027027027027023]
[1,68.85135135135135,0,0.27027027027027023]
[2,68.85135135135135,0,0.27027027027027023]
[3,68.91891891891892,0,0.27027027027027023]
[4,68.91891891891892,0,0.27027027027027023]
[7,68.98648648648648,0,0.27027027027027023]
[8,68.98648648648648,0,0.27027027027027023]
[0,69.05405405405405,0,0.27027027027027023]
[1,69.05405405405405,0,0.27027027027027023]
[4,69.12162162162161,0,0.27027027027027023]
[5,69.12162162162161,0,0.27027027027027023]
[6,69.1891891891892,0,0.27027027027027023]
[7,69.1891891891892,0,0.27027027027027023]
[2,69.25675675675676,0,0.27027027027027023]
[1,69.32432432432432,0,0.27027027027027023]
[0,69.39189189189189,0,0.27027027027027023]
[6,69.45945945945945,0,0.27027027027027023]
[7,69.45945945945945,0,0.27027027027027023]
[8,69.45945945945945,0,0.27027027027027023]
[5,69.52702702702703,0,0.27027027027027023]
[3,69.5945945945946,0,0.27027027027027023]
[4,69.66216216216216,0,0.27027027027027023]
[1,69.72972972972973,0,0.27027027027027023]
[2,69.72972972972973,0,0.27027027027027023]
[0,69.79729729729729,0,0.27027027027027023]
[8,69.86486486486487,0,0.27027027027027023]
[7,69.93243243243244,0,0.27027027027027023]
[4,70,0,0.27027027027027023]
[6,70,0,0.27027027027027023]
[5,70,0,0.27027027027027023]
[3,70.06756756756756,0,0.27027027027027023]
[2,70.13513513513513,0,0.27027027027027023]
[1,70.20270270270271,0,0.27027027027027023]
[0,70.27027027027027,0,0.27027027027027023]
[8,70.27027027027027,0,0.27027027027027023]
[6,70.33783783783784,0,0.27027027027027023]
[7,70.4054054054054,0,0.27027027027027023]
[8,70.47297297297297,0,0.27027027027027023]
[3,70.54054054054055,0,0.27027027027027023]
[1,70.54054054054055,0,0.27027027027027023]
[2,70.54054054054055,0,0.27027027027027023]
[0,70.6081081081081,0,0.27027027027027023]
[5,70.67567567567568,0,0.27027027027027023]
[4,70.74324324324324,0,0.27027027027027023]
[6,70.8108108108108,0,0.27027027027027023]
[7,70.8108108108108,0,0.27027027027027023]
[8,70.87837837837839,0,0.27027027027027023]
[3,70.94594594594594,0,0.27027027027027023]
[4,71.01351351351352,0,0.27027027027027023]
[0,71.08108108108108,0,0.27027027027027023]
[1,71.08108108108108,0,0.27027027027027023]
[5,71.08108108108108,0,0.27027027027027023]
[2,71.14864864864865,0,0.27027027027027023]
[6,71.21621621621622,0,0.27027027027027023]
[7,71.21621621621622,0,0.27027027027027023]
[4,71.28378378378378,0,0.27027027027027023]
[5,71.28378378378378,0,0.27027027027027023]
[0,71.35135135135135,0,0.27027027027027023]
[1,71.35135135135135,0,0.27027027027027023]
[8,71.41891891891892,0,0.27027027027027023]
[3,71.48648648648648,0,0.27027027027027023]
[4,71.55405405405406,0,0.27027027027027023]
[2,71.62162162162161,0,0.27027027027027023]
[1,71.62162162162161,0,0.27027027027027023]
[0,71.62162162162161,0,0.27027027027027023]
[8,71.6891891891892,0,0.27027027027027023]
[7,71.75675675675676,0,0.27027027027027023]
[6,71.82432432432432,0,0.27027027027027023]
[4,71.89189189189189,0,0.27027027027027023]
[5,71.89189189189189,0,0.27027027027027023]
[3,71.95945945945945,0,0.27027027027027023]
[2,72.02702702702703,0,0.27027027027027023]
[1,72.0945945945946,0,0.27027027027027023]
[0,72.16216216216216,0,0.27027027027027023]
[8,72.16216216216216,0,0.27027027027027023]
[7,72.16216216216216,0,0.27027027027027023]
[6,72.22972972972973,0,0.27027027027027023]
[5,72.29729729729729,0,0.27027027027027023]
[4,72.36486486486487,0,0.27027027027027023]
[3,72.43243243243242,0,0.27027027027027023]
[2,72.43243243243242,0,0.27027027027027023]
[0,72.56756756756756,0,0.27027027027027023]
[1,72.56756756756756,0,0.27027027027027023]
[4,72.63513513513513,0,0.27027027027027023]
[5,72.63513513513513,0,0.27027027027027023]
[6,72.7027027027027,0,0.27027027027027023]
[7,72.7027027027027,0,0.27027027027027023]
[1,72.83783783783784,0,0.27027027027027023]
[2,72.83783783783784,0,0.27027027027027023]
[3,72.9054054054054,0,0.27027027027027023]
[4,72.9054054054054,0,0.27027027027027023]
[7,72.97297297297297,0,0.27027027027027023]
[8,72.97297297297297,0,0.27027027027027023]
[0,73.1081081081081,0,0.27027027027027023]
[1,73.1081081081081,0,0.27027027027027023]
[7,73.17567567567568,0,0.27027027027027023]
[8,73.17567567567568,0,0.27027027027027023]
[4,73.24324324324324,0,0.27027027027027023]
[3,73.24324324324324,0,0.27027027027027023]
[1,73.3108108108108,0,0.27027027027027023]
[2,73.3108108108108,0,0.27027027027027023]
[6,73.37837837837839,0,0.27027027027027023]
[7,73.37837837837839,0,0.27027027027027023]
[4,73.44594594594594,0,0.27027027027027023]
[5,73.44594594594594,0,0.27027027027027023]
[0,73.51351351351352,0,0.27027027027027023]
[1,73.51351351351352,0,0.27027027027027023]
[8,73.58108108108108,0,0.27027027027027023]
[3,73.64864864864865,0,0.27027027027027023]
[4,73.71621621621621,0,0.27027027027027023]
[5,73.78378378378378,0,0.27027027027027023]
[6,73.78378378378378,0,0.27027027027027023]
[7,73.78378378378378,0,0.27027027027027023]
[2,73.85135135135135,0,0.27027027027027023]
[0,73.91891891891892,0,0.27027027027027023]
[1,73.98648648648648,0,0.27027027027027023]
[7,74.05405405405405,0,0.27027027027027023]
[8,74.05405405405405,0,0.27027027027027023]
[6,74.12162162162161,0,0.27027027027027023]
[5,74.18918918918918,0,0.27027027027027023]
[4,74.25675675675676,0,0.27027027027027023]
[3,74.32432432432432,0,0.27027027027027023]
[2,74.32432432432432,0,0.27027027027027023]
[1,74.32432432432432,0,0.27027027027027023]
[0,74.39189189189189,0,0.27027027027027023]
[8,74.45945945945945,0,0.27027027027027023]
[7,74.52702702702702,0,0.27027027027027023]
[6,74.5945945945946,0,0.27027027027027023]
[5,74.5945945945946,0,0.27027027027027023]
[3,74.66216216216216,0,0.27027027027027023]
[1,74.72972972972973,0,0.27027027027027023]
[2,74.72972972972973,0,0.27027027027027023]
[0,74.79729729729729,0,0.27027027027027023]
[4,74.86486486486486,0,0.27027027027027023]
[5,74.86486486486486,0,0.27027027027027023]
[3,74.86486486486486,0,0.27027027027027023]
[8,74.93243243243244,0,0.27027027027027023]
[6,75,0,0.27027027027027023]
[7,75,0,0.27027027027027023]
[5,75.06756756756756,0,0.27027027027027023]
[3,75.13513513513513,0,0.27027027027027023]
[4,75.13513513513513,0,0.27027027027027023]
[2,75.2027027027027,0,0.27027027027027023]
[1,75.27027027027027,0,0.27027027027027023]
[0,75.33783783783784,0,0.27027027027027023]
[8,75.4054054054054,0,0.27027027027027023]
[3,75.4054054054054,0,0.27027027027027023]
[4,75.4054054054054,0,0.27027027027027023]
[5,75.47297297297297,0,0.27027027027027023]
[6,75.54054054054053,0,0.27027027027027023]
[7,75.54054054054053,0,0.27027027027027023]
[1,75.6081081081081,0,0.27027027027027023]
[2,75.6081081081081,0,0.27027027027027023]
[3,75.67567567567568,0,0.27027027027027023]
[4,75.67567567567568,0,0.27027027027027023]
[8,75.74324324324324,0,0.27027027027027023]
[0,75.8108108108108,0,0.27027027027027023]
[1,75.87837837837837,0,0.27027027027027023]
[2,75.94594594594594,0,0.27027027027027023]
[6,75.94594594594594,0,0.27027027027027023]
[7,75.94594594594594,0,0.27027027027027023]
[5,76.01351351351352,0,0.27027027027027023]
[4,76.08108108108108,0,0.27027027027027023]
[3,76.14864864864865,0,0.27027027027027023]
[1,76.21621621621621,0,0.27027027027027023]
[2,76.21621621621621,0,0.27027027027027023]
[0,76.28378378378378,0,0.27027027027027023]
[5,76.35135135135135,0,0.27027027027027023]
[4,76.41891891891892,0,0.27027027027027023]
[7,76.48648648648648,0,0.27027027027027023]
[8,76.48648648648648,0,0.27027027027027023]
[3,76.48648648648648,0,0.27027027027027023]
[6,76.55405405405405,0,0.27027027027027023]
[5,76.62162162162161,0,0.27027027027027023]
[4,76.68918918918918,0,0.27027027027027023]
[0,76.75675675675676,0,0.27027027027027023]
[1,76.75675675675676,0,0.27027027027027023]
[2,76.82432432432432,0,0.27027027027027023]
[6,76.89189189189189,0,0.27027027027027023]
[7,76.89189189189189,0,0.27027027027027023]
[8,76.95945945945945,0,0.27027027027027023]
[3,77.02702702702702,0,0.27027027027027023]
[4,77.02702702702702,0,0.27027027027027023]
[5,77.02702702702702,0,0.27027027027027023]
[0,77.0945945945946,0,0.27027027027027023]
[2,77.16216216216216,0,0.27027027027027023]
[1,77.22972972972973,0,0.27027027027027023]
[3,77.29729729729729,0,0.27027027027027023]
[4,77.29729729729729,0,0.27027027027027023]
[5,77.36486486486486,0,0.27027027027027023]
[6,77.43243243243244,0,0.27027027027027023]
[7,77.43243243243244,0,0.27027027027027023]
[1,77.5,0,0.27027027027027023]
[2,77.5,0,0.27027027027027023]
[3,77.56756756756756,0,0.27027027027027023]
[4,77.56756756756756,0,0.27027027027027023]
[7,77.63513513513513,0,0.27027027027027023]
[8,77.63513513513513,0,0.27027027027027023]
[0,77.7027027027027,0,0.27027027027027023]
[1,77.7027027027027,0,0.27027027027027023]
[4,77.77027027027026,0,0.27027027027027023]
[5,77.77027027027026,0,0.27027027027027023]
[6,77.83783783783784,0,0.27027027027027023]
[7,77.83783783783784,0,0.27027027027027023]
[2,77.9054054054054,0,0.27027027027027023]
[3,77.97297297297297,0,0.27027027027027023]
[4,78.04054054054053,0,0.27027027027027023]
[5,78.1081081081081,0,0.27027027027027023]
[0,78.1081081081081,0,0.27027027027027023]
[1,78.1081081081081,0,0.27027027027027023]
[8,78.17567567567568,0,0.27027027027027023]
[6,78.24324324324324,0,0.27027027027027023]
[7,78.3108108108108,0,0.27027027027027023]
[4,78.37837837837837,0,0.27027027027027023]
[5,78.37837837837837,0,0.27027027027027023]
[3,78.44594594594594,0,0.27027027027027023]
[2,78.51351351351352,0,0.27027027027027023]
[1,78.58108108108108,0,0.27027027027027023]
[0,78.64864864864865,0,0.27027027027027023]
[4,78.64864864864865,0,0.27027027027027023]
[5,78.64864864864865,0,0.27027027027027023]
[3,78.71621621621621,0,0.27027027027027023]
[8,78.78378378378378,0,0.27027027027027023]
[7,78.85135135135135,0,0.27027027027027023]
[6,78.91891891891892,0,0.27027027027027023]
[5,78.91891891891892,0,0.27027027027027023]
[0,78.98648648648648,0,0.27027027027027023]
[1,79.05405405405405,0,0.27027027027027023]
[2,79.05405405405405,0,0.27027027027027023]
[3,79.12162162162161,0,0.27027027027027023]
[4,79.18918918918918,0,0.27027027027027023]
[5,79.18918918918918,0,0.27027027027027023]
[6,79.18918918918918,0,0.27027027027027023]
[8,79.25675675675676,0,0.27027027027027023]
[7,79.32432432432432,0,0.27027027027027023]
[3,79.39189189189189,0,0.27027027027027023]
[1,79.45945945945945,0,0.27027027027027023]
[2,79.45945945945945,0,0.27027027027027023]
[0,79.52702702702702,0,0.27027027027027023]
[5,79.5945945945946,0,0.27027027027027023]
[4,79.66216216216216,0,0.27027027027027023]
[7,79.72972972972973,0,0.27027027027027023]
[3,79.72972972972973,0,0.27027027027027023]
[8,79.72972972972973,0,0.27027027027027023]
[6,79.79729729729729,0,0.27027027027027023]
[1,79.86486486486486,0,0.27027027027027023]
[2,79.86486486486486,0,0.27027027027027023]
[3,79.93243243243244,0,0.27027027027027023]
[4,79.93243243243244,0,0.27027027027027023]
[7,80,0,0.27027027027027023]
[8,80,0,0.27027027027027023]
[0,80.06756756756756,0,0.27027027027027023]
[5,80.13513513513513,0,0.27027027027027023]
[4,80.2027027027027,0,0.27027027027027023]
[3,80.27027027027026,0,0.27027027027027023]
[7,80.27027027027026,0,0.27027027027027023]
[8,80.27027027027026,0,0.27027027027027023]
[6,80.33783783783784,0,0.27027027027027023]
[2,80.4054054054054,0,0.27027027027027023]
[1,80.47297297297297,0,0.27027027027027023]
[0,80.54054054054053,0,0.27027027027027023]
[5,80.54054054054053,0,0.27027027027027023]
[3,80.6081081081081,0,0.27027027027027023]
[4,80.67567567567568,0,0.27027027027027023]
[8,80.74324324324324,0,0.27027027027027023]
[6,80.8108108108108,0,0.27027027027027023]
[7,80.8108108108108,0,0.27027027027027023]
[5,80.8108108108108,0,0.27027027027027023]
[0,80.87837837837837,0,0.27027027027027023]
[1,80.94594594594594,0,0.27027027027027023]
[2,81.01351351351352,0,0.27027027027027023]
[3,81.08108108108108,0,0.27027027027027023]
[4,81.08108108108108,0,0.27027027027027023]
[8,81.14864864864865,0,0.27027027027027023]
[6,81.21621621621621,0,0.27027027027027023]
[7,81.21621621621621,0,0.27027027027027023]
[5,81.28378378378378,0,0.27027027027027023]
[1,81.35135135135135,0,0.27027027027027023]
[2,81.35135135135135,0,0.27027027027027023]
[3,81.35135135135135,0,0.27027027027027023]
[0,81.41891891891892,0,0.27027027027027023]
[4,81.48648648648648,0,0.27027027027027023]
[5,81.48648648648648,0,0.27027027027027023]
[6,81.55405405405405,0,0.27027027027027023]
[7,81.62162162162161,0,0.27027027027027023]
[8,81.62162162162161,0,0.27027027027027023]
[3,81.68918918918918,0,0.27027027027027023]
[1,81.75675675675676,0,0.27027027027027023]
[2,81.75675675675676,0,0.27027027027027023]
[6,81.82432432432432,0,0.27027027027027023]
[7,81.82432432432432,0,0.27027027027027023]
[4,81.89189189189189,0,0.27027027027027023]
[5,81.89189189189189,0,0.27027027027027023]
[0,81.95945945945945,0,0.27027027027027023]
[1,81.95945945945945,0,0.27027027027027023]
[7,82.02702702702702,0,0.27027027027027023]
[8,82.02702702702702,0,0.27027027027027023]
[3,82.0945945945946,0,0.27027027027027023]
[4,82.0945945945946,0,0.27027027027027023]
[1,82.16216216216216,0,0.27027027027027023]
[2,82.16216216216216,0,0.27027027027027023]
[6,82.22972972972973,0,0.27027027027027023]
[5,82.29729729729729,0,0.27027027027027023]
[4,82.36486486486486,0,0.27027027027027023]
[3,82.43243243243242,0,0.27027027027027023]
[8,82.43243243243242,0,0.27027027027027023]
[7,82.43243243243242,0,0.27027027027027023]
[0,82.5,0,0.27027027027027023]
[2,82.56756756756756,0,0.27027027027027023]
[1,82.63513513513513,0,0.27027027027027023]
[7,82.7027027027027,0,0.27027027027027023]
[6,82.7027027027027,0,0.27027027027027023]
[8,82.77027027027026,0,0.27027027027027023]
[3,82.83783783783782,0,0.27027027027027023]
[4,82.9054054054054,0,0.27027027027027023]
[5,82.97297297297297,0,0.27027027027027023]
[0,82.97297297297297,0,0.27027027027027023]
[1,82.97297297297297,0,0.27027027027027023]
[2,83.04054054054053,0,0.27027027027027023]
[6,83.1081081081081,0,0.27027027027027023]
[7,83.17567567567566,0,0.27027027027027023]
[8,83.24324324324324,0,0.27027027027027023]
[3,83.24324324324324,0,0.27027027027027023]
[5,83.3108108108108,0,0.27027027027027023]
[1,83.37837837837837,0,0.27027027027027023]
[0,83.37837837837837,0,0.27027027027027023]
[2,83.44594594594594,0,0.27027027027027023]
[4,83.5135135135135,0,0.27027027027027023]
[3,83.5135135135135,0,0.27027027027027023]
[5,83.5135135135135,0,0.27027027027027023]
[6,83.58108108108108,0,0.27027027027027023]
[8,83.64864864864865,0,0.27027027027027023]
[7,83.64864864864865,0,0.27027027027027023]
[3,83.71621621621621,0,0.27027027027027023]
[5,83.78378378378378,0,0.27027027027027023]
[4,83.78378378378378,0,0.27027027027027023]
[0,83.85135135135134,0,0.27027027027027023]
[1,83.91891891891892,0,0.27027027027027023]
[2,83.98648648648648,0,0.27027027027027023]
[6,84.05405405405405,0,0.27027027027027023]
[5,84.05405405405405,0,0.27027027027027023]
[4,84.05405405405405,0,0.27027027027027023]
[3,84.12162162162161,0,0.27027027027027023]
[8,84.18918918918918,0,0.27027027027027023]
[7,84.18918918918918,0,0.27027027027027023]
[1,84.25675675675674,0,0.27027027027027023]
[0,84.25675675675674,0,0.27027027027027023]
[5,84.32432432432432,0,0.27027027027027023]
[4,84.32432432432432,0,0.27027027027027023]
[6,84.39189189189189,0,0.27027027027027023]
[2,84.45945945945945,0,0.27027027027027023]
[1,84.52702702702702,0,0.27027027027027023]
[0,84.59459459459458,0,0.27027027027027023]
[8,84.59459459459458,0,0.27027027027027023]
[7,84.59459459459458,0,0.27027027027027023]
[3,84.66216216216216,0,0.27027027027027023]
[4,84.72972972972973,0,0.27027027027027023]
[5,84.79729729729729,0,0.27027027027027023]
[1,84.86486486486486,0,0.27027027027027023]
[0,84.86486486486486,0,0.27027027027027023]
[2,84.93243243243242,0,0.27027027027027023]
[3,85,0,0.27027027027027023]
[4,85.06756756756756,0,0.27027027027027023]
[7,85.13513513513513,0,0.27027027027027023]
[6,85.13513513513513,0,0.27027027027027023]
[5,85.13513513513513,0,0.27027027027027023]
[8,85.2027027027027,0,0.27027027027027023]
[3,85.27027027027026,0,0.27027027027027023]
[4,85.33783783783782,0,0.27027027027027023]
[2,85.4054054054054,0,0.27027027027027023]
[1,85.4054054054054,0,0.27027027027027023]
[0,85.47297297297297,0,0.27027027027027023]
[8,85.54054054054053,0,0.27027027027027023]
[7,85.54054054054053,0,0.27027027027027023]
[6,85.6081081081081,0,0.27027027027027023]
[5,85.67567567567566,0,0.27027027027027023]
[4,85.67567567567566,0,0.27027027027027023]
[3,85.67567567567566,0,0.27027027027027023]
[2,85.74324324324324,0,0.27027027027027023]
[0,85.8108108108108,0,0.27027027027027023]
[1,85.87837837837837,0,0.27027027027027023]
[5,85.94594594594594,0,0.27027027027027023]
[4,85.94594594594594,0,0.27027027027027023]
[3,86.0135135135135,0,0.27027027027027023]
[8,86.08108108108108,0,0.27027027027027023]
[7,86.08108108108108,0,0.27027027027027023]
[1,86.14864864864865,0,0.27027027027027023]
[0,86.14864864864865,0,0.27027027027027023]
[5,86.21621621621621,0,0.27027027027027023]
[4,86.21621621621621,0,0.27027027027027023]
[7,86.28378378378378,0,0.27027027027027023]
[6,86.28378378378378,0,0.27027027027027023]
[2,86.35135135135134,0,0.27027027027027023]
[1,86.35135135135134,0,0.27027027027027023]
[4,86.4189189189189,0,0.27027027027027023]
[3,86.4189189189189,0,0.27027027027027023]
[8,86.48648648648648,0,0.27027027027027023]
[7,86.48648648648648,0,0.27027027027027023]
[0,86.55405405405405,0,0.27027027027027023]
[5,86.62162162162161,0,0.27027027027027023]
[4,86.68918918918918,0,0.27027027027027023]
[3,86.75675675675674,0,0.27027027027027023]
[2,86.75675675675674,0,0.27027027027027023]
[1,86.75675675675674,0,0.27027027027027023]
[6,86.82432432432432,0,0.27027027027027023]
[8,86.89189189189189,0,0.27027027027027023]
[7,86.95945945945945,0,0.27027027027027023]
[4,87.02702702702702,0,0.27027027027027023]
[3,87.02702702702702,0,0.27027027027027023]
[5,87.09459459459458,0,0.27027027027027023]
[0,87.16216216216216,0,0.27027027027027023]
[1,87.22972972972973,0,0.27027027027027023]
[2,87.29729729729729,0,0.27027027027027023]
[4,87.29729729729729,0,0.27027027027027023]
[3,87.29729729729729,0,0.27027027027027023]
[5,87.36486486486486,0,0.27027027027027023]
[6,87.43243243243242,0,0.27027027027027023]
[7,87.5,0,0.27027027027027023]
[8,87.56756756756756,0,0.27027027027027023]
[3,87.56756756756756,0,0.27027027027027023]
[2,87.63513513513513,0,0.27027027027027023]
[1,87.7027027027027,0,0.27027027027027023]
[0,87.7027027027027,0,0.27027027027027023]
[5,87.77027027027026,0,0.27027027027027023]
[4,87.83783783783782,0,0.27027027027027023]
[3,87.83783783783782,0,0.27027027027027023]
[8,87.83783783783782,0,0.27027027027027023]
[6,87.9054054054054,0,0.27027027027027023]
[7,87.97297297297297,0,0.27027027027027023]
[5,88.04054054054053,0,0.27027027027027023]
[1,88.1081081081081,0,0.27027027027027023]
[0,88.1081081081081,0,0.27027027027027023]
[2,88.17567567567566,0,0.27027027027027023]
[3,88.24324324324324,0,0.27027027027027023]
[4,88.3108108108108,0,0.27027027027027023]
[7,88.37837837837837,0,0.27027027027027023]
[5,88.37837837837837,0,0.27027027027027023]
[6,88.37837837837837,0,0.27027027027027023]
[8,88.44594594594594,0,0.27027027027027023]
[1,88.5135135135135,0,0.27027027027027023]
[0,88.5135135135135,0,0.27027027027027023]
[5,88.58108108108108,0,0.27027027027027023]
[4,88.58108108108108,0,0.27027027027027023]
[7,88.64864864864865,0,0.27027027027027023]
[6,88.64864864864865,0,0.27027027027027023]
[2,88.71621621621621,0,0.27027027027027023]
[3,88.78378378378378,0,0.27027027027027023]
[4,88.85135135135134,0,0.27027027027027023]
[5,88.9189189189189,0,0.27027027027027023]
[7,88.9189189189189,0,0.27027027027027023]
[6,88.9189189189189,0,0.27027027027027023]
[8,88.98648648648648,0,0.27027027027027023]
[0,89.05405405405405,0,0.27027027027027023]
[1,89.12162162162161,0,0.27027027027027023]
[2,89.18918918918918,0,0.27027027027027023]
[3,89.18918918918918,0,0.27027027027027023]
[5,89.25675675675674,0,0.27027027027027023]
[4,89.32432432432432,0,0.27027027027027023]
[6,89.39189189189189,0,0.27027027027027023]
[8,89.45945945945945,0,0.27027027027027023]
[7,89.45945945945945,0,0.27027027027027023]
[3,89.45945945945945,0,0.27027027027027023]
[2,89.52702702702702,0,0.27027027027027023]
[1,89.59459459459458,0,0.27027027027027023]
[0,89.66216216216216,0,0.27027027027027023]
[5,89.72972972972973,0,0.27027027027027023]
[4,89.72972972972973,0,0.27027027027027023]
[6,89.79729729729729,0,0.27027027027027023]
[8,89.86486486486486,0,0.27027027027027023]
[7,89.86486486486486,0,0.27027027027027023]
[3,89.93243243243242,0,0.27027027027027023]
[1,90,0,0.27027027027027023]
[0,90,0,0.27027027027027023]
[5,90,0,0.27027027027027023]
[2,90.06756756756756,0,0.27027027027027023]
[4,90.13513513513513,0,0.27027027027027023]
[3,90.13513513513513,0,0.27027027027027023]
[8,90.2027027027027,0,0.27027027027027023]
[7,90.27027027027026,0,0.27027027027027023]
[6,90.27027027027026,0,0.27027027027027023]
[5,90.33783783783782,0,0.27027027027027023]
[1,90.4054054054054,0,0.27027027027027023]
[0,90.4054054054054,0,0.27027027027027023]
[8,90.47297297297297,0,0.27027027027027023]
[7,90.47297297297297,0,0.27027027027027023]
[4,90.54054054054053,0,0.27027027027027023]
[3,90.54054054054053,0,0.27027027027027023]
[2,90.6081081081081,0,0.27027027027027023]
[1,90.6081081081081,0,0.27027027027027023]
[7,90.67567567567566,0,0.27027027027027023]
[6,90.67567567567566,0,0.27027027027027023]
[5,90.74324324324324,0,0.27027027027027023]
[4,90.74324324324324,0,0.27027027027027023]
[1,90.8108108108108,0,0.27027027027027023]
[0,90.8108108108108,0,0.27027027027027023]
[8,90.87837837837837,0,0.27027027027027023]
[3,90.94594594594594,0,0.27027027027027023]
[4,91.01351351351352,0,0.27027027027027023]
[0,91.08108108108108,0,0.27027027027027023]
[1,91.08108108108108,0,0.27027027027027023]
[5,91.08108108108108,0,0.27027027027027023]
[2,91.14864864864865,0,0.27027027027027023]
[6,91.21621621621621,0,0.27027027027027023]
[7,91.28378378378378,0,0.27027027027027023]
[8,91.35135135135134,0,0.27027027027027023]
[3,91.35135135135134,0,0.27027027027027023]
[5,91.41891891891892,0,0.27027027027027023]
[0,91.48648648648648,0,0.27027027027027023]
[1,91.55405405405405,0,0.27027027027027023]
[2,91.62162162162161,0,0.27027027027027023]
[3,91.62162162162161,0,0.27027027027027023]
[4,91.62162162162161,0,0.27027027027027023]
[8,91.68918918918918,0,0.27027027027027023]
[7,91.75675675675676,0,0.27027027027027023]
[6,91.82432432432432,0,0.27027027027027023]
[4,91.89189189189189,0,0.27027027027027023]
[5,91.89189189189189,0,0.27027027027027023]
[3,91.95945945945945,0,0.27027027027027023]
[2,92.02702702702702,0,0.27027027027027023]
[1,92.0945945945946,0,0.27027027027027023]
[0,92.16216216216216,0,0.27027027027027023]
[5,92.16216216216216,0,0.27027027027027023]
[4,92.16216216216216,0,0.27027027027027023]
[3,92.22972972972973,0,0.27027027027027023]
[8,92.29729729729729,0,0.27027027027027023]
[7,92.36486486486486,0,0.27027027027027023]
[6,92.43243243243242,0,0.27027027027027023]
[5,92.43243243243242,0,0.27027027027027023]
[3,92.5,0,0.27027027027027023]
[4,92.56756756756756,0,0.27027027027027023]
[2,92.63513513513513,0,0.27027027027027023]
[0,92.7027027027027,0,0.27027027027027023]
[1,92.7027027027027,0,0.27027027027027023]
[5,92.7027027027027,0,0.27027027027027023]
[6,92.77027027027026,0,0.27027027027027023]
[7,92.83783783783784,0,0.27027027027027023]
[8,92.83783783783784,0,0.27027027027027023]
[3,92.9054054054054,0,0.27027027027027023]
[4,92.9054054054054,0,0.27027027027027023]
[1,92.97297297297297,0,0.27027027027027023]
[2,92.97297297297297,0,0.27027027027027023]
[0,93.04054054054053,0,0.27027027027027023]
[5,93.1081081081081,0,0.27027027027027023]
[4,93.17567567567568,0,0.27027027027027023]
[3,93.24324324324324,0,0.27027027027027023]
[8,93.24324324324324,0,0.27027027027027023]
[7,93.24324324324324,0,0.27027027027027023]
[6,93.3108108108108,0,0.27027027027027023]
[5,93.37837837837837,0,0.27027027027027023]
[4,93.44594594594594,0,0.27027027027027023]
[0,93.51351351351352,0,0.27027027027027023]
[1,93.51351351351352,0,0.27027027027027023]
[2,93.58108108108108,0,0.27027027027027023]
[3,93.64864864864865,0,0.27027027027027023]
[4,93.71621621621621,0,0.27027027027027023]
[6,93.78378378378378,0,0.27027027027027023]
[7,93.78378378378378,0,0.27027027027027023]
[5,93.78378378378378,0,0.27027027027027023]
[8,93.85135135135134,0,0.27027027027027023]
[0,93.91891891891892,0,0.27027027027027023]
[1,93.98648648648648,0,0.27027027027027023]
[2,94.05405405405405,0,0.27027027027027023]
[3,94.05405405405405,0,0.27027027027027023]
[5,94.12162162162161,0,0.27027027027027023]
[4,94.18918918918918,0,0.27027027027027023]
[3,94.25675675675676,0,0.27027027027027023]
[7,94.32432432432432,0,0.27027027027027023]
[8,94.32432432432432,0,0.27027027027027023]
[6,94.32432432432432,0,0.27027027027027023]
[1,94.45945945945945,0,0.27027027027027023]
[2,94.45945945945945,0,0.27027027027027023]
[3,94.52702702702702,0,0.27027027027027023]
[4,94.52702702702702,0,0.27027027027027023]
[7,94.5945945945946,0,0.27027027027027023]
[8,94.5945945945946,0,0.27027027027027023]
[0,94.72972972972973,0,0.27027027027027023]
[1,94.72972972972973,0,0.27027027027027023]
[7,94.79729729729729,0,0.27027027027027023]
[8,94.79729729729729,0,0.27027027027027023]
[3,94.86486486486486,0,0.27027027027027023]
[4,94.86486486486486,0,0.27027027027027023]
[1,94.93243243243242,0,0.27027027027027023]
[2,94.93243243243242,0,0.27027027027027023]
[6,95,0,0.27027027027027023]
[7,95,0,0.27027027027027023]
[4,95.06756756756756,0,0.27027027027027023]
[5,95.06756756756756,0,0.27027027027027023]