[2,0.7321507760532151,0,0.532150776053215]
[7,1.26430155210643,0,0.532150776053215]
[3,1.7964523281596452,0,0.532150776053215]
[7,2.3286031042128603,0,0.532150776053215]
[2,2.8607538802660755,0,0.532150776053215]
[7,3.3929046563192906,0,0.532150776053215]
[0,3.9250554323725058,0,0.532150776053215]
[5,4.4572062084257205,0,0.532150776053215]
[6,4.989356984478936,0,0.532150776053215]
[1,5.521507760532151,0,0.532150776053215]
[8,6.053658536585366,0,0.532150776053215]
[1,6.585809312638581,0,0.532150776053215]
[6,7.117960088691796,0,0.532150776053215]
[5,7.650110864745011,0,0.532150776053215]
[0,8.182261640798226,0,0.532150776053215]
[7,8.71441241685144,0,0.532150776053215]
[2,9.246563192904656,0,0.532150776053215]
[1,9.313082039911308,0,0.532150776053215]
[0,9.37960088691796,0,0.532150776053215]
[1,9.446119733924611,0,0.532150776053215]
[5,9.512638580931263,0,0.532150776053215]
[4,9.579157427937915,0,0.532150776053215]
[3,9.645676274944567,0,0.532150776053215]
[4,9.712195121951218,0,0.532150776053215]
[8,9.77871396895787,0,0.532150776053215]
[7,9.845232815964522,0,0.532150776053215]
[6,9.911751662971174,0,0.532150776053215]
[7,9.978270509977827,0,0.532150776053215]
[5,10.044789356984479,0,0.532150776053215]
[4,10.11130820399113,0,0.532150776053215]
[3,10.177827050997783,0,0.532150776053215]
[4,10.244345898004434,0,0.532150776053215]
[8,10.310864745011086,0,0.532150776053215]
[7,10.377383592017738,0,0.532150776053215]
[0,10.44390243902439,0,0.532150776053215]
[1,10.510421286031042,0,0.532150776053215]
[5,10.576940133037693,0,0.532150776053215]
[4,10.643458980044345,0,0.532150776053215]
[6,10.709977827050997,0,0.532150776053215]
[7,10.776496674057649,0,0.532150776053215]
[2,10.8430155210643,0,0.532150776053215]
[0,10.909534368070952,0,0.532150776053215]
[2,10.976053215077604,0,0.532150776053215]
[0,11.042572062084256,0,0.532150776053215]
[5,11.10909090909091,0,0.532150776053215]
[3,11.175609756097561,0,0.532150776053215]
[5,11.242128603104213,0,0.532150776053215]
[3,11.308647450110865,0,0.532150776053215]
[8,11.375166297117516,0,0.532150776053215]
[7,11.441685144124168,0,0.532150776053215]
[6,11.50820399113082,0,0.532150776053215]
[7,11.574722838137472,0,0.532150776053215]
[5,11.641241685144124,0,0.532150776053215]
[4,11.707760532150775,0,0.532150776053215]
[3,11.774279379157427,0,0.532150776053215]
[4,11.840798226164079,0,0.532150776053215]
[2,11.90731707317073,0,0.532150776053215]
[1,11.973835920177383,0,0.532150776053215]
[0,12.040354767184034,0,0.532150776053215]
[1,12.106873614190686,0,0.532150776053215]
[5,12.173392461197338,0,0.532150776053215]
[4,12.23991130820399,0,0.532150776053215]
[3,12.306430155210643,0,0.532150776053215]
[4,12.372949002217295,0,0.532150776053215]
[2,12.439467849223947,0,0.532150776053215]
[1,12.505986696230599,0,0.532150776053215]
[6,12.57250554323725,0,0.532150776053215]
[7,12.639024390243902,0,0.532150776053215]
[5,12.705543237250554,0,0.532150776053215]
[4,12.772062084257206,0,0.532150776053215]
[0,12.838580931263857,0,0.532150776053215]
[1,12.90509977827051,0,0.532150776053215]
[8,12.971618625277161,0,0.532150776053215]
[6,13.038137472283813,0,0.532150776053215]
[8,13.104656319290465,0,0.532150776053215]
[6,13.171175166297116,0,0.532150776053215]
[5,13.237694013303768,0,0.532150776053215]
[3,13.30421286031042,0,0.532150776053215]
[5,13.370731707317072,0,0.532150776053215]
[3,13.437250554323725,0,0.532150776053215]
[2,13.503769401330377,0,0.532150776053215]
[4,13.570288248337029,0,0.532150776053215]
[0,13.63680709534368,0,0.532150776053215]
[1,13.703325942350332,0,0.532150776053215]
[5,13.769844789356984,0,0.532150776053215]
[7,13.836363636363636,0,0.532150776053215]
[3,13.902882483370288,0,0.532150776053215]
[4,13.96940133037694,0,0.532150776053215]
[2,14.035920177383591,0,0.532150776053215]
[4,14.102439024390243,0,0.532150776053215]
[0,14.168957871396895,0,0.532150776053215]
[1,14.235476718403547,0,0.532150776053215]
[5,14.301995565410198,0,0.532150776053215]
[7,14.36851441241685,0,0.532150776053215]
[3,14.435033259423502,0,0.532150776053215]
[4,14.501552106430154,0,0.532150776053215]
[8,14.568070953436807,0,0.532150776053215]
[6,14.63458980044346,0,0.532150776053215]
[8,14.701108647450111,0,0.532150776053215]
[6,14.767627494456763,0,0.532150776053215]
[5,14.834146341463414,0,0.532150776053215]
[3,14.900665188470066,0,0.532150776053215]
[5,14.967184035476718,0,0.532150776053215]
[3,15.03370288248337,0,0.532150776053215]
[2,15.100221729490022,0,0.532150776053215]
[1,15.166740576496673,0,0.532150776053215]
[6,15.233259423503325,0,0.532150776053215]
[7,15.299778270509977,0,0.532150776053215]
[5,15.366297117516629,0,0.532150776053215]
[3,15.43281596452328,0,0.532150776053215]
[5,15.499334811529932,0,0.532150776053215]
[3,15.565853658536584,0,0.532150776053215]
[2,15.632372505543236,0,0.532150776053215]
[4,15.69889135254989,0,0.532150776053215]
[0,15.765410199556541,0,0.532150776053215]
[1,15.831929046563193,0,0.532150776053215]
[5,15.898447893569845,0,0.532150776053215]
[7,15.964966740576497,0,0.532150776053215]
[3,16.03148558758315,0,0.532150776053215]
[4,16.0980044345898,0,0.532150776053215]
[2,16.164523281596452,0,0.532150776053215]
[4,16.231042128603104,0,0.532150776053215]
[0,16.297560975609755,0,0.532150776053215]
[1,16.364079822616407,0,0.532150776053215]
[5,16.43059866962306,0,0.532150776053215]
[7,16.49711751662971,0,0.532150776053215]
[3,16.563636363636363,0,0.532150776053215]
[4,16.630155210643014,0,0.532150776053215]
[2,16.696674057649666,0,0.532150776053215]
[1,16.763192904656318,0,0.532150776053215]
[0,16.82971175166297,0,0.532150776053215]
[1,16.89623059866962,0,0.532150776053215]
[5,16.962749445676273,0,0.532150776053215]
[4,17.029268292682925,0,0.532150776053215]
[3,17.095787139689577,0,0.532150776053215]
[4,17.16230598669623,0,0.532150776053215]
[8,17.22882483370288,0,0.532150776053215]
[7,17.295343680709532,0,0.532150776053215]
[6,17.361862527716184,0,0.532150776053215]
[7,17.42838137472284,0,0.532150776053215]
[5,17.49490022172949,0,0.532150776053215]
[4,17.561419068736143,0,0.532150776053215]
[3,17.627937915742795,0,0.532150776053215]
[4,17.694456762749446,0,0.532150776053215]
[2,17.7609756097561,0,0.532150776053215]
[1,17.7609756097561,0,0.532150776053215]
[0,17.82749445676275,0,0.532150776053215]
[2,17.894013303769402,0,0.532150776053215]
[0,17.960532150776054,0,0.532150776053215]
[2,18.027050997782705,0,0.532150776053215]
[0,18.093569844789357,0,0.532150776053215]
[2,18.16008869179601,0,0.532150776053215]
[0,18.22660753880266,0,0.532150776053215]
[4,18.293126385809312,0,0.532150776053215]
[5,18.293126385809312,0,0.532150776053215]
[3,18.359645232815964,0,0.532150776053215]
[5,18.426164079822616,0,0.532150776053215]
[3,18.492682926829268,0,0.532150776053215]
[5,18.55920177383592,0,0.532150776053215]
[3,18.62572062084257,0,0.532150776053215]
[5,18.692239467849223,0,0.532150776053215]
[3,18.758758314855875,0,0.532150776053215]
[7,18.825277161862527,0,0.532150776053215]
[8,18.825277161862527,0,0.532150776053215]
[6,18.89179600886918,0,0.532150776053215]
[8,18.95831485587583,0,0.532150776053215]
[6,19.024833702882482,0,0.532150776053215]
[8,19.091352549889134,0,0.532150776053215]
[6,19.157871396895786,0,0.532150776053215]
[8,19.224390243902437,0,0.532150776053215]
[6,19.29090909090909,0,0.532150776053215]
[4,19.35742793791574,0,0.532150776053215]
[5,19.35742793791574,0,0.532150776053215]
[3,19.423946784922393,0,0.532150776053215]
[5,19.490465631929045,0,0.532150776053215]
[3,19.556984478935696,0,0.532150776053215]
[5,19.623503325942348,0,0.532150776053215]
[3,19.690022172949,0,0.532150776053215]
[5,19.756541019955655,0,0.532150776053215]
[3,19.823059866962307,0,0.532150776053215]
[1,19.88957871396896,0,0.532150776053215]
[2,19.88957871396896,0,0.532150776053215]
[6,19.95609756097561,0,0.532150776053215]
[2,20.022616407982262,0,0.532150776053215]
[6,20.089135254988914,0,0.532150776053215]
[2,20.155654101995566,0,0.532150776053215]
[6,20.222172949002218,0,0.532150776053215]
[2,20.28869179600887,0,0.532150776053215]
[6,20.35521064301552,0,0.532150776053215]
[5,20.421729490022173,0,0.532150776053215]
[4,20.421729490022173,0,0.532150776053215]
[3,20.488248337028825,0,0.532150776053215]
[5,20.554767184035477,0,0.532150776053215]
[3,20.62128603104213,0,0.532150776053215]
[5,20.68780487804878,0,0.532150776053215]
[4,20.68780487804878,0,0.532150776053215]
[3,20.754323725055432,0,0.532150776053215]
[5,20.820842572062084,0,0.532150776053215]
[3,20.887361419068736,0,0.532150776053215]
[7,20.953880266075387,0,0.532150776053215]
[8,20.953880266075387,0,0.532150776053215]
[0,21.02039911308204,0,0.532150776053215]
[8,21.08691796008869,0,0.532150776053215]
[0,21.153436807095343,0,0.532150776053215]
[8,21.219955654101994,0,0.532150776053215]
[0,21.286474501108646,0,0.532150776053215]
[8,21.352993348115298,0,0.532150776053215]
[0,21.41951219512195,0,0.532150776053215]
[4,21.4860310421286,0,0.532150776053215]
[5,21.4860310421286,0,0.532150776053215]
[3,21.552549889135253,0,0.532150776053215]
[5,21.619068736141905,0,0.532150776053215]
[3,21.685587583148557,0,0.532150776053215]
[5,21.75210643015521,0,0.532150776053215]
[3,21.81862527716186,0,0.532150776053215]
[5,21.885144124168512,0,0.532150776053215]
[3,21.951662971175164,0,0.532150776053215]
[2,22.01818181818182,0,0.532150776053215]
[1,22.151219512195123,0,0.532150776053215]
[6,22.284257206208427,0,0.532150776053215]
[7,22.41729490022173,0,0.532150776053215]
[5,22.550332594235034,0,0.532150776053215]
[4,22.616851441241685,0,0.532150776053215]
[0,22.683370288248337,0,0.532150776053215]
[1,22.74988913525499,0,0.532150776053215]
[2,22.81640798226164,0,0.532150776053215]
[3,22.949445676274944,0,0.532150776053215]
[8,23.082483370288248,0,0.532150776053215]
[5,23.082483370288248,0,0.532150776053215]
[6,23.21552106430155,0,0.532150776053215]
[7,23.348558758314855,0,0.532150776053215]
[2,23.48159645232816,0,0.532150776053215]
[0,23.614634146341462,0,0.532150776053215]
[1,23.681152993348114,0,0.532150776053215]
[5,23.747671840354766,0,0.532150776053215]
[4,23.814190687361418,0,0.532150776053215]
[3,23.88070953436807,0,0.532150776053215]
[2,24.013747228381373,0,0.532150776053215]
[6,24.146784922394676,0,0.532150776053215]
[7,24.146784922394676,0,0.532150776053215]
[8,24.27982261640798,0,0.532150776053215]
[0,24.412860310421287,0,0.532150776053215]
[4,24.54589800443459,0,0.532150776053215]
[1,24.678935698447894,0,0.532150776053215]
[2,24.678935698447894,0,0.532150776053215]
[3,24.811973392461198,0,0.532150776053215]
[7,24.9450110864745,0,0.532150776053215]
[8,25.078048780487805,0,0.532150776053215]
[1,25.21108647450111,0,0.532150776053215]
[0,25.21108647450111,0,0.532150776053215]
[2,25.27760532150776,0,0.532150776053215]
[1,25.344124168514412,0,0.532150776053215]
[0,25.344124168514412,0,0.532150776053215]
[2,25.410643015521064,0,0.532150776053215]
[4,25.477161862527716,0,0.532150776053215]
[3,25.477161862527716,0,0.532150776053215]
[5,25.543680709534367,0,0.532150776053215]
[4,25.61019955654102,0,0.532150776053215]
[3,25.61019955654102,0,0.532150776053215]
[5,25.67671840354767,0,0.532150776053215]
[7,25.743237250554323,0,0.532150776053215]
[6,25.743237250554323,0,0.532150776053215]
[8,25.809756097560975,0,0.532150776053215]
[7,25.876274944567626,0,0.532150776053215]
[6,25.876274944567626,0,0.532150776053215]
[8,25.942793791574278,0,0.532150776053215]
[4,26.00931263858093,0,0.532150776053215]
[3,26.00931263858093,0,0.532150776053215]
[5,26.07583148558758,0,0.532150776053215]
[4,26.142350332594233,0,0.532150776053215]
[3,26.142350332594233,0,0.532150776053215]
[5,26.208869179600885,0,0.532150776053215]
[0,26.275388026607537,0,0.532150776053215]
[1,26.34190687361419,0,0.532150776053215]
[2,26.40842572062084,0,0.532150776053215]
[1,26.474944567627492,0,0.532150776053215]
[3,26.541463414634144,0,0.532150776053215]
[4,26.6079822616408,0,0.532150776053215]
[5,26.67450110864745,0,0.532150776053215]
[4,26.741019955654103,0,0.532150776053215]
[6,26.807538802660755,0,0.532150776053215]
[7,26.874057649667407,0,0.532150776053215]
[8,26.94057649667406,0,0.532150776053215]
[7,27.00709534368071,0,0.532150776053215]
[3,27.073614190687362,0,0.532150776053215]
[4,27.140133037694014,0,0.532150776053215]
[5,27.206651884700666,0,0.532150776053215]
[4,27.273170731707317,0,0.532150776053215]
[6,27.33968957871397,0,0.532150776053215]
[7,27.40620842572062,0,0.532150776053215]
[2,27.472727272727273,0,0.532150776053215]
[1,27.539246119733924,0,0.532150776053215]
[3,27.605764966740576,0,0.532150776053215]
[4,27.672283813747228,0,0.532150776053215]
[8,27.73880266075388,0,0.532150776053215]
[7,27.80532150776053,0,0.532150776053215]
[0,27.871840354767183,0,0.532150776053215]
[2,27.938359201773835,0,0.532150776053215]
[0,28.004878048780487,0,0.532150776053215]
[2,28.07139689578714,0,0.532150776053215]
[3,28.13791574279379,0,0.532150776053215]
[5,28.204434589800442,0,0.532150776053215]
[3,28.270953436807094,0,0.532150776053215]
[5,28.337472283813746,0,0.532150776053215]
[6,28.403991130820398,0,0.532150776053215]
[7,28.47050997782705,0,0.532150776053215]
[8,28.5370288248337,0,0.532150776053215]
[7,28.603547671840353,0,0.532150776053215]
[3,28.670066518847005,0,0.532150776053215]
[4,28.736585365853657,0,0.532150776053215]
[5,28.80310421286031,0,0.532150776053215]
[4,28.86962305986696,0,0.532150776053215]
[0,28.936141906873615,0,0.532150776053215]
[1,29.002660753880267,0,0.532150776053215]
[2,29.06917960088692,0,0.532150776053215]
[1,29.13569844789357,0,0.532150776053215]
[3,29.202217294900223,0,0.532150776053215]
[4,29.268736141906874,0,0.532150776053215]
[5,29.335254988913526,0,0.532150776053215]
[4,29.401773835920178,0,0.532150776053215]
[0,29.46829268292683,0,0.532150776053215]
[1,29.53481152993348,0,0.532150776053215]
[8,29.601330376940133,0,0.532150776053215]
[7,29.667849223946785,0,0.532150776053215]
[3,29.734368070953437,0,0.532150776053215]
[4,29.80088691796009,0,0.532150776053215]
[2,29.86740576496674,0,0.532150776053215]
[1,29.933924611973392,0,0.532150776053215]
[6,30.000443458980044,0,0.532150776053215]
[8,30.066962305986696,0,0.532150776053215]
[6,30.133481152993348,0,0.532150776053215]
[8,30.2,0,0.532150776053215]
[3,30.26651884700665,0,0.532150776053215]
[5,30.333037694013303,0,0.532150776053215]
[3,30.399556541019955,0,0.532150776053215]
[5,30.466075388026606,0,0.532150776053215]
[0,30.532594235033258,0,0.532150776053215]
[4,30.59911308203991,0,0.532150776053215]
[2,30.66563192904656,0,0.532150776053215]
[1,30.732150776053214,0,0.532150776053215]
[3,30.798669623059865,0,0.532150776053215]
[7,30.865188470066517,0,0.532150776053215]
[5,30.93170731707317,0,0.532150776053215]
[4,30.99822616407982,0,0.532150776053215]
[0,31.064745011086472,0,0.532150776053215]
[4,31.131263858093124,0,0.532150776053215]
[2,31.19778270509978,0,0.532150776053215]
[1,31.26430155210643,0,0.532150776053215]
[3,31.330820399113083,0,0.532150776053215]
[7,31.397339246119735,0,0.532150776053215]
[5,31.463858093126387,0,0.532150776053215]
[4,31.53037694013304,0,0.532150776053215]
[6,31.59689578713969,0,0.532150776053215]
[8,31.663414634146342,0,0.532150776053215]
[6,31.729933481152994,0,0.532150776053215]
[8,31.796452328159646,0,0.532150776053215]
[3,31.862971175166297,0,0.532150776053215]
[5,31.92949002217295,0,0.532150776053215]
[3,31.9960088691796,0,0.532150776053215]
[5,32.06252771618625,0,0.532150776053215]
[0,32.12904656319291,0,0.532150776053215]
[1,32.195565410199556,0,0.532150776053215]
[8,32.26208425720621,0,0.532150776053215]
[7,32.32860310421286,0,0.532150776053215]
[3,32.395121951219515,0,0.532150776053215]
[5,32.46164079822617,0,0.532150776053215]
[3,32.52815964523282,0,0.532150776053215]
[5,32.594678492239474,0,0.532150776053215]
[0,32.66119733924612,0,0.532150776053215]
[4,32.72771618625278,0,0.532150776053215]
[2,32.794235033259426,0,0.532150776053215]
[1,32.86075388026608,0,0.532150776053215]
[3,32.92727272727273,0,0.532150776053215]
[7,32.993791574279385,0,0.532150776053215]
[5,33.06031042128603,0,0.532150776053215]
[4,33.12682926829269,0,0.532150776053215]
[0,33.19334811529934,0,0.532150776053215]
[4,33.25986696230599,0,0.532150776053215]
[2,33.32638580931264,0,0.532150776053215]
[1,33.392904656319295,0,0.532150776053215]
[3,33.459423503325944,0,0.532150776053215]
[7,33.5259423503326,0,0.532150776053215]
[5,33.59246119733925,0,0.532150776053215]
[4,33.6589800443459,0,0.532150776053215]
[0,33.72549889135255,0,0.532150776053215]
[1,33.792017738359206,0,0.532150776053215]
[2,33.858536585365854,0,0.532150776053215]
[1,33.92505543237251,0,0.532150776053215]
[3,33.99157427937916,0,0.532150776053215]
[4,34.05809312638581,0,0.532150776053215]
[5,34.12461197339246,0,0.532150776053215]
[4,34.19113082039912,0,0.532150776053215]
[6,34.257649667405765,0,0.532150776053215]
[7,34.32416851441242,0,0.532150776053215]
[8,34.39068736141907,0,0.532150776053215]
[7,34.457206208425724,0,0.532150776053215]
[3,34.52372505543237,0,0.532150776053215]
[4,34.59024390243903,0,0.532150776053215]
[5,34.65676274944568,0,0.532150776053215]
[4,34.72328159645233,0,0.532150776053215]
[1,34.78980044345899,0,0.532150776053215]
[0,34.78980044345899,0,0.532150776053215]
[5,35.3219512195122,0,0.532150776053215]
[6,35.654545454545456,0,0.532150776053215]
[7,35.72106430155211,0,0.532150776053215]
[8,35.78758314855876,0,0.532150776053215]
[4,35.854101995565415,0,0.532150776053215]
[3,35.854101995565415,0,0.532150776053215]
[4,36.38625277161863,0,0.532150776053215]
[5,36.78536585365854,0,0.532150776053215]
[0,36.91840354767184,0,0.532150776053215]
[2,37.45055432372506,0,0.532150776053215]
[7,37.98270509977827,0,0.532150776053215]
[3,37.98270509977827,0,0.532150776053215]
[0,38.514855875831486,0,0.532150776053215]
[1,38.78093126385809,0,0.532150776053215]
[5,39.0470066518847,0,0.532150776053215]
[8,39.0470066518847,0,0.532150776053215]
[3,39.57915742793792,0,0.532150776053215]
[2,39.91175166297118,0,0.532150776053215]
[1,39.97827050997783,0,0.532150776053215]
[0,40.04478935698448,0,0.532150776053215]
[4,40.111308203991136,0,0.532150776053215]
[5,40.111308203991136,0,0.532150776053215]
[6,40.64345898004435,0,0.532150776053215]
[7,40.776496674057654,0,0.532150776053215]
[8,40.90953436807096,0,0.532150776053215]
[3,41.04257206208426,0,0.532150776053215]
[2,41.175609756097565,0,0.532150776053215]
[4,41.175609756097565,0,0.532150776053215]
[0,41.70776053215078,0,0.532150776053215]
[5,41.973835920177386,0,0.532150776053215]
[3,42.23991130820399,0,0.532150776053215]
[7,42.23991130820399,0,0.532150776053215]
[1,42.77206208425721,0,0.532150776053215]
[8,43.30421286031042,0,0.532150776053215]
[7,43.30421286031042,0,0.532150776053215]
[6,43.37073170731708,0,0.532150776053215]
[8,43.437250554323725,0,0.532150776053215]
[6,43.50376940133038,0,0.532150776053215]
[8,43.57028824833703,0,0.532150776053215]
[6,43.636807095343684,0,0.532150776053215]
[8,43.70332594235033,0,0.532150776053215]
[6,43.76984478935699,0,0.532150776053215]
[4,43.83636363636364,0,0.532150776053215]
[5,43.83636363636364,0,0.532150776053215]
[3,43.90288248337029,0,0.532150776053215]
[5,43.96940133037695,0,0.532150776053215]
[3,44.035920177383595,0,0.532150776053215]
[5,44.10243902439025,0,0.532150776053215]
[3,44.1689578713969,0,0.532150776053215]
[5,44.235476718403554,0,0.532150776053215]
[3,44.3019955654102,0,0.532150776053215]
[1,44.36851441241686,0,0.532150776053215]
[2,44.36851441241686,0,0.532150776053215]
[0,44.435033259423506,0,0.532150776053215]
[2,44.50155210643016,0,0.532150776053215]
[0,44.56807095343681,0,0.532150776053215]
[2,44.634589800443464,0,0.532150776053215]
[0,44.70110864745011,0,0.532150776053215]
[2,44.76762749445677,0,0.532150776053215]
[0,44.834146341463416,0,0.532150776053215]
[4,44.90066518847007,0,0.532150776053215]
[5,44.90066518847007,0,0.532150776053215]
[3,44.96718403547672,0,0.532150776053215]
[5,45.033702882483375,0,0.532150776053215]
[3,45.10022172949002,0,0.532150776053215]
[5,45.16674057649668,0,0.532150776053215]
[3,45.23325942350333,0,0.532150776053215]
[5,45.29977827050998,0,0.532150776053215]
[3,45.36629711751663,0,0.532150776053215]
[7,45.432815964523286,0,0.532150776053215]
[8,45.432815964523286,0,0.532150776053215]
[0,45.499334811529934,0,0.532150776053215]
[8,45.56585365853659,0,0.532150776053215]
[0,45.63237250554324,0,0.532150776053215]
[8,45.69889135254989,0,0.532150776053215]
[0,45.76541019955654,0,0.532150776053215]
[8,45.8319290465632,0,0.532150776053215]
[0,45.898447893569845,0,0.532150776053215]
[4,45.9649667405765,0,0.532150776053215]
[5,45.9649667405765,0,0.532150776053215]
[3,46.03148558758315,0,0.532150776053215]
[5,46.098004434589804,0,0.532150776053215]
[3,46.16452328159646,0,0.532150776053215]
[4,46.23104212860311,0,0.532150776053215]
[5,46.23104212860311,0,0.532150776053215]
[3,46.29756097560976,0,0.532150776053215]
[5,46.36407982261641,0,0.532150776053215]
[3,46.430598669623066,0,0.532150776053215]
[1,46.497117516629714,0,0.532150776053215]
[2,46.497117516629714,0,0.532150776053215]
[6,46.56363636363637,0,0.532150776053215]
[2,46.63015521064302,0,0.532150776053215]
[6,46.69667405764967,0,0.532150776053215]
[2,46.76319290465632,0,0.532150776053215]
[6,46.82971175166298,0,0.532150776053215]
[2,46.896230598669625,0,0.532150776053215]
[6,46.96274944567628,0,0.532150776053215]
[4,47.02926829268293,0,0.532150776053215]
[5,47.02926829268293,0,0.532150776053215]
[3,47.095787139689584,0,0.532150776053215]
[5,47.16230598669623,0,0.532150776053215]
[3,47.22882483370289,0,0.532150776053215]
[5,47.295343680709536,0,0.532150776053215]
[3,47.36186252771619,0,0.532150776053215]
[5,47.42838137472284,0,0.532150776053215]
[4,47.494900221729495,0,0.532150776053215]
[0,47.56141906873614,0,0.532150776053215]
[1,47.56141906873614,0,0.532150776053215]
[2,47.6279379157428,0,0.532150776053215]
[0,47.69445676274945,0,0.532150776053215]
[2,47.7609756097561,0,0.532150776053215]
[0,47.82749445676275,0,0.532150776053215]
[2,47.894013303769405,0,0.532150776053215]
[0,47.960532150776054,0,0.532150776053215]
[2,48.02705099778271,0,0.532150776053215]
[3,48.09356984478936,0,0.532150776053215]
[4,48.09356984478936,0,0.532150776053215]
[5,48.16008869179601,0,0.532150776053215]
[3,48.22660753880266,0,0.532150776053215]
[5,48.293126385809316,0,0.532150776053215]
[3,48.359645232815964,0,0.532150776053215]
[5,48.42616407982262,0,0.532150776053215]
[3,48.492682926829275,0,0.532150776053215]
[5,48.55920177383592,0,0.532150776053215]
[6,48.62572062084258,0,0.532150776053215]
[7,48.62572062084258,0,0.532150776053215]
[8,48.69223946784923,0,0.532150776053215]
[6,48.75875831485588,0,0.532150776053215]
[8,48.82527716186253,0,0.532150776053215]
[6,48.891796008869186,0,0.532150776053215]
[8,48.958314855875834,0,0.532150776053215]
[6,49.02483370288249,0,0.532150776053215]
[8,49.09135254988914,0,0.532150776053215]
[3,49.15787139689579,0,0.532150776053215]
[4,49.15787139689579,0,0.532150776053215]
[5,49.22439024390244,0,0.532150776053215]
[3,49.290909090909096,0,0.532150776053215]
[5,49.357427937915745,0,0.532150776053215]
[3,49.4239467849224,0,0.532150776053215]
[5,49.49046563192905,0,0.532150776053215]
[3,49.5569844789357,0,0.532150776053215]
[5,49.62350332594235,0,0.532150776053215]
[0,49.69002217294901,0,0.532150776053215]
[1,49.69002217294901,0,0.532150776053215]
[8,49.756541019955655,0,0.532150776053215]
[0,49.82305986696231,0,0.532150776053215]
[8,49.88957871396896,0,0.532150776053215]
[0,49.956097560975614,0,0.532150776053215]
[8,50.02261640798226,0,0.532150776053215]
[0,50.08913525498892,0,0.532150776053215]
[8,50.155654101995566,0,0.532150776053215]
[3,50.22217294900222,0,0.532150776053215]
[4,50.22217294900222,0,0.532150776053215]
[5,50.28869179600887,0,0.532150776053215]
[3,50.355210643015525,0,0.532150776053215]
[5,50.42172949002217,0,0.532150776053215]
[3,50.48824833702883,0,0.532150776053215]
[4,50.48824833702883,0,0.532150776053215]
[5,50.55476718403548,0,0.532150776053215]
[3,50.62128603104213,0,0.532150776053215]
[5,50.68780487804878,0,0.532150776053215]
[6,50.754323725055436,0,0.532150776053215]
[7,50.754323725055436,0,0.532150776053215]
[2,50.82084257206209,0,0.532150776053215]
[6,50.88736141906874,0,0.532150776053215]
[2,50.953880266075394,0,0.532150776053215]
[6,51.02039911308204,0,0.532150776053215]
[2,51.0869179600887,0,0.532150776053215]
[6,51.153436807095346,0,0.532150776053215]
[2,51.219955654102,0,0.532150776053215]
[3,51.28647450110865,0,0.532150776053215]
[4,51.28647450110865,0,0.532150776053215]
[5,51.352993348115305,0,0.532150776053215]
[3,51.41951219512195,0,0.532150776053215]
[5,51.48603104212861,0,0.532150776053215]
[3,51.55254988913526,0,0.532150776053215]
[5,51.61906873614191,0,0.532150776053215]
[3,51.68558758314856,0,0.532150776053215]
[4,51.752106430155216,0,0.532150776053215]
[8,51.818625277161864,0,0.532150776053215]
[7,51.818625277161864,0,0.532150776053215]
[6,51.88514412416852,0,0.532150776053215]
[8,51.95166297117517,0,0.532150776053215]
[6,52.01818181818182,0,0.532150776053215]
[8,52.08470066518847,0,0.532150776053215]
[6,52.15121951219513,0,0.532150776053215]
[8,52.217738359201775,0,0.532150776053215]
[6,52.28425720620843,0,0.532150776053215]
[7,52.35077605321508,0,0.532150776053215]
[8,52.35077605321508,0,0.532150776053215]
[6,52.417294900221734,0,0.532150776053215]
[8,52.48381374722838,0,0.532150776053215]
[6,52.55033259423504,0,0.532150776053215]
[8,52.616851441241685,0,0.532150776053215]
[6,52.68337028824834,0,0.532150776053215]
[8,52.74988913525499,0,0.532150776053215]
[6,52.816407982261644,0,0.532150776053215]
[4,52.88292682926829,0,0.532150776053215]
[5,52.88292682926829,0,0.532150776053215]
[3,52.94944567627495,0,0.532150776053215]
[5,53.0159645232816,0,0.532150776053215]
[3,53.08248337028825,0,0.532150776053215]
[5,53.14900221729491,0,0.532150776053215]
[3,53.215521064301555,0,0.532150776053215]
[5,53.28203991130821,0,0.532150776053215]
[3,53.34855875831486,0,0.532150776053215]
[4,53.415077605321514,0,0.532150776053215]
[5,53.415077605321514,0,0.532150776053215]
[3,53.48159645232816,0,0.532150776053215]
[5,53.54811529933482,0,0.532150776053215]
[3,53.614634146341466,0,0.532150776053215]
[5,53.68115299334812,0,0.532150776053215]
[3,53.74767184035477,0,0.532150776053215]
[5,53.814190687361425,0,0.532150776053215]
[3,53.88070953436807,0,0.532150776053215]
[1,53.94722838137473,0,0.532150776053215]
[2,53.94722838137473,0,0.532150776053215]
[0,54.013747228381376,0,0.532150776053215]
[2,54.08026607538803,0,0.532150776053215]
[0,54.14678492239468,0,0.532150776053215]
[2,54.213303769401335,0,0.532150776053215]
[0,54.279822616407984,0,0.532150776053215]
[2,54.34634146341464,0,0.532150776053215]
[0,54.41286031042129,0,0.532150776053215]
[1,54.47937915742794,0,0.532150776053215]
[2,54.47937915742794,0,0.532150776053215]
[0,54.54589800443459,0,0.532150776053215]
[2,54.612416851441246,0,0.532150776053215]
[0,54.678935698447894,0,0.532150776053215]
[1,54.74545454545455,0,0.532150776053215]
[2,54.74545454545455,0,0.532150776053215]
[0,54.8119733924612,0,0.532150776053215]
[2,54.87849223946785,0,0.532150776053215]
[0,54.9450110864745,0,0.532150776053215]
[4,55.01152993348116,0,0.532150776053215]
[5,55.01152993348116,0,0.532150776053215]
[3,55.078048780487805,0,0.532150776053215]
[5,55.14456762749446,0,0.532150776053215]
[3,55.21108647450111,0,0.532150776053215]
[5,55.277605321507764,0,0.532150776053215]
[3,55.34412416851442,0,0.532150776053215]
[5,55.41064301552107,0,0.532150776053215]
[3,55.47716186252772,0,0.532150776053215]
[4,55.54368070953437,0,0.532150776053215]
[5,55.54368070953437,0,0.532150776053215]
[3,55.610199556541026,0,0.532150776053215]
[5,55.676718403547675,0,0.532150776053215]
[3,55.74323725055433,0,0.532150776053215]
[5,55.80975609756098,0,0.532150776053215]
[3,55.87627494456763,0,0.532150776053215]
[5,55.94279379157428,0,0.532150776053215]
[4,56.00931263858094,0,0.532150776053215]
[6,56.075831485587585,0,0.532150776053215]
[7,56.075831485587585,0,0.532150776053215]
[8,56.14235033259424,0,0.532150776053215]
[6,56.20886917960089,0,0.532150776053215]
[8,56.275388026607544,0,0.532150776053215]
[6,56.34190687361419,0,0.532150776053215]
[8,56.40842572062085,0,0.532150776053215]
[6,56.474944567627496,0,0.532150776053215]
[8,56.54146341463415,0,0.532150776053215]
[6,56.6079822616408,0,0.532150776053215]
[7,56.6079822616408,0,0.532150776053215]
[8,56.674501108647455,0,0.532150776053215]
[6,56.7410199556541,0,0.532150776053215]
[8,56.80753880266076,0,0.532150776053215]
[6,56.87405764966741,0,0.532150776053215]
[8,56.94057649667406,0,0.532150776053215]
[6,57.00709534368071,0,0.532150776053215]
[8,57.073614190687366,0,0.532150776053215]
[3,57.140133037694014,0,0.532150776053215]
[4,57.140133037694014,0,0.532150776053215]
[5,57.20665188470067,0,0.532150776053215]
[3,57.27317073170732,0,0.532150776053215]
[5,57.33968957871397,0,0.532150776053215]
[3,57.40620842572062,0,0.532150776053215]
[5,57.472727272727276,0,0.532150776053215]
[3,57.539246119733924,0,0.532150776053215]
[5,57.60576496674058,0,0.532150776053215]
[3,57.672283813747235,0,0.532150776053215]
[4,57.672283813747235,0,0.532150776053215]
[5,57.73880266075388,0,0.532150776053215]
[3,57.80532150776054,0,0.532150776053215]
[5,57.87184035476719,0,0.532150776053215]
[3,57.93835920177384,0,0.532150776053215]
[5,58.00487804878049,0,0.532150776053215]
[3,58.071396895787146,0,0.532150776053215]
[5,58.137915742793794,0,0.532150776053215]
[0,58.20443458980045,0,0.532150776053215]
[1,58.20443458980045,0,0.532150776053215]
[2,58.2709534368071,0,0.532150776053215]
[0,58.33747228381375,0,0.532150776053215]
[2,58.4039911308204,0,0.532150776053215]
[0,58.47050997782706,0,0.532150776053215]
[2,58.537028824833705,0,0.532150776053215]
[0,58.60354767184036,0,0.532150776053215]
[2,58.67006651884701,0,0.532150776053215]
[0,58.736585365853664,0,0.532150776053215]
[1,58.736585365853664,0,0.532150776053215]
[2,58.80310421286031,0,0.532150776053215]
[0,58.86962305986697,0,0.532150776053215]
[2,58.936141906873615,0,0.532150776053215]
[0,59.00266075388027,0,0.532150776053215]
[1,59.00266075388027,0,0.532150776053215]
[2,59.06917960088692,0,0.532150776053215]
[0,59.135698447893574,0,0.532150776053215]
[2,59.20221729490022,0,0.532150776053215]
[3,59.26873614190688,0,0.532150776053215]
[4,59.26873614190688,0,0.532150776053215]
[5,59.335254988913526,0,0.532150776053215]
[3,59.40177383592018,0,0.532150776053215]
[5,59.46829268292683,0,0.532150776053215]
[3,59.534811529933485,0,0.532150776053215]
[5,59.60133037694013,0,0.532150776053215]
[3,59.66784922394679,0,0.532150776053215]
[5,59.73436807095344,0,0.532150776053215]
[0,59.80088691796009,0,0.532150776053215]
[1,59.86740576496674,0,0.532150776053215]
[2,59.933924611973396,0,0.532150776053215]
[1,60.00044345898005,0,0.532150776053215]
[3,60.0669623059867,0,0.532150776053215]
[4,60.133481152993355,0,0.532150776053215]
[5,60.2,0,0.532150776053215]
[4,60.26651884700666,0,0.532150776053215]
[6,60.333037694013306,0,0.532150776053215]
[7,60.333037694013306,0,0.532150776053215]