[6,3.4666666666666663,0,0.5]
[2,3.6333333333333333,0,0.5]
[3,3.8,0,0.5]
[4,3.883333333333333,0,0.5]
[0,4.05,0,0.5]
[8,4.216666666666667,0,0.5]
[3,4.383333333333333,0,0.5]
[4,4.466666666666667,0,0.5]
[3,4.55,0,0.5]
[4,4.633333333333333,0,0.5]
[3,4.716666666666667,0,0.5]
[2,4.883333333333333,0,0.5]
[1,4.966666666666667,0,0.5]
[8,5.133333333333333,0,0.5]
[7,5.216666666666667,0,0.5]
[0,5.383333333333333,0,0.5]
[5,5.55,0,0.5]
[3,5.716666666666667,0,0.5]
[4,5.8,0,0.5]
[1,5.966666666666667,0,0.5]
[6,6.133333333333333,0,0.5]
[2,6.3,0,0.5]
[3,6.466666666666667,0,0.5]
[4,6.549999999999999,0,0.5]
[0,6.716666666666667,0,0.5]
[8,6.883333333333333,0,0.5]
[3,7.049999999999999,0,0.5]
[4,7.133333333333333,0,0.5]
[3,7.216666666666667,0,0.5]
[4,7.299999999999999,0,0.5]
[3,7.383333333333333,0,0.5]
[2,7.549999999999999,0,0.5]
[1,7.633333333333333,0,0.5]
[8,7.799999999999999,0,0.5]
[7,7.883333333333333,0,0.5]
[0,8.049999999999999,0,0.5]
[5,8.216666666666667,0,0.5]
[3,8.383333333333333,0,0.5]
[4,8.466666666666667,0,0.5]
[1,8.633333333333335,0,0.5]
[6,8.799999999999999,0,0.5]
[2,8.966666666666665,0,0.5]
[3,9.133333333333333,0,0.5]
[4,9.216666666666665,0,0.5]
[0,9.383333333333333,0,0.5]
[8,9.549999999999999,0,0.5]
[3,9.716666666666665,0,0.5]
[4,9.799999999999999,0,0.5]
[3,9.883333333333333,0,0.5]
[4,9.966666666666665,0,0.5]
[3,10.049999999999999,0,0.5]
[2,10.216666666666665,0,0.5]
[1,10.299999999999999,0,0.5]
[8,10.466666666666665,0,0.5]
[7,10.549999999999999,0,0.5]
[5,10.716666666666667,0,0.5]
[0,10.883333333333335,0,0.5]
[2,11.05,0,0.5]
[1,11.133333333333335,0,0.5]
[3,11.216666666666667,0,0.5]
[4,11.3,0,0.5]
[6,11.466666666666667,0,0.5]
[2,11.633333333333333,0,0.5]
[3,11.8,0,0.5]
[4,11.883333333333333,0,0.5]
[0,12.05,0,0.5]
[8,12.216666666666667,0,0.5]
[3,12.383333333333333,0,0.5]
[4,12.466666666666667,0,0.5]
[5,12.55,0,0.5]
[4,12.633333333333335,0,0.5]
[3,12.716666666666667,0,0.5]
[2,12.883333333333333,0,0.5]
[1,12.966666666666667,0,0.5]
[8,13.133333333333333,0,0.5]
[7,13.216666666666667,0,0.5]
[0,13.383333333333333,0,0.5]
[5,13.55,0,0.5]
[3,13.716666666666667,0,0.5]
[4,13.8,0,0.5]
[1,13.966666666666667,0,0.5]
[6,14.133333333333335,0,0.5]
[2,14.3,0,0.5]
[3,14.466666666666669,0,0.5]
[4,14.55,0,0.5]
[0,14.716666666666669,0,0.5]
[8,14.883333333333335,0,0.5]
[3,15.05,0,0.5]
[4,15.133333333333335,0,0.5]
[5,15.216666666666667,0,0.5]
[4,15.3,0,0.5]
[3,15.383333333333335,0,0.5]
[2,15.55,0,0.5]
[1,15.633333333333335,0,0.5]
[8,15.8,0,0.5]
[7,15.883333333333335,0,0.5]
[0,16.05,0,0.5]
[5,16.21666666666667,0,0.5]
[3,16.383333333333333,0,0.5]
[4,16.46666666666667,0,0.5]
[1,16.633333333333333,0,0.5]
[6,16.8,0,0.5]
[2,16.96666666666667,0,0.5]
[3,17.133333333333333,0,0.5]
[4,17.21666666666667,0,0.5]
[0,17.383333333333333,0,0.5]
[8,17.55,0,0.5]
[3,17.71666666666667,0,0.5]
[4,17.8,0,0.5]
[5,17.883333333333333,0,0.5]
[4,17.96666666666667,0,0.5]
[3,18.05,0,0.5]
[2,18.21666666666667,0,0.5]
[1,18.3,0,0.5]
[8,18.46666666666667,0,0.5]
[7,18.55,0,0.5]
[0,18.71666666666667,0,0.5]
[5,18.883333333333333,0,0.5]
[3,19.05,0,0.5]
[4,19.133333333333333,0,0.5]
[1,19.3,0,0.5]
[6,19.466666666666665,0,0.5]
[2,19.633333333333333,0,0.5]
[3,19.799999999999997,0,0.5]
[4,19.883333333333333,0,0.5]
[0,20.049999999999997,0,0.5]
[8,20.216666666666665,0,0.5]
[3,20.383333333333333,0,0.5]
[4,20.466666666666665,0,0.5]
[5,20.55,0,0.5]
[4,20.633333333333333,0,0.5]
[3,20.71666666666667,0,0.5]
[2,20.883333333333333,0,0.5]
[1,20.966666666666665,0,0.5]
[8,21.133333333333333,0,0.5]
[7,21.216666666666665,0,0.5]
[0,21.383333333333333,0,0.5]
[5,21.549999999999997,0,0.5]
[6,21.71666666666667,0,0.5]
[7,21.8,0,0.5]
[6,21.883333333333333,0,0.5]
[7,21.96666666666667,0,0.5]
[5,22.133333333333333,0,0.16666666666666666]
[0,22.3,0,0.16666666666666666]
[2,22.46666666666667,0,0.5]
[1,22.55,0,0.5]
[2,22.633333333333333,0,0.5]
[8,22.8,0,0.16666666666666666]
[3,22.96666666666667,0,0.16666666666666666]
[5,23.133333333333333,0,0.5]
[4,23.21666666666667,0,0.5]
[5,23.3,0,0.5]
[4,23.383333333333333,0,0.5]
[5,23.46666666666667,0,0.5]
[6,23.633333333333333,0,0.5]
[8,23.8,0,0.5]
[7,23.883333333333333,0,0.5]
[8,23.96666666666667,0,0.5]
[7,24.05,0,0.5]
[8,24.133333333333333,0,0.5]
[0,24.3,0,0.5]
[1,24.3,0,0.5]
[4,24.46666666666667,0,0.5]
[3,24.46666666666667,0,0.5]
[6,24.633333333333333,0,0.5]
[7,24.633333333333333,0,0.5]
[5,24.8,0,0.16666666666666666]
[0,24.96666666666667,0,0.16666666666666666]
[2,25.133333333333333,0,0.5]
[1,25.21666666666667,0,0.5]
[2,25.3,0,0.5]
[8,25.46666666666667,0,0.16666666666666666]
[3,25.633333333333333,0,0.16666666666666666]
[5,25.8,0,0.5]
[4,25.883333333333333,0,0.5]
[5,25.96666666666667,0,0.5]
[4,26.05,0,0.5]
[5,26.133333333333333,0,0.5]
[6,26.3,0,0.5]
[8,26.46666666666667,0,0.5]
[7,26.55,0,0.5]
[8,26.633333333333333,0,0.5]
[7,26.71666666666667,0,0.5]
[8,26.8,0,0.5]
[0,26.96666666666667,0,0.5]
[1,26.96666666666667,0,0.5]
[4,27.133333333333333,0,0.5]
[3,27.133333333333333,0,0.5]
[7,27.3,0,0.5]
[6,27.3,0,0.5]
[5,27.46666666666667,0,0.16666666666666666]
[0,27.633333333333333,0,0.16666666666666666]
[2,27.8,0,0.5]
[1,27.883333333333333,0,0.5]
[2,27.96666666666667,0,0.5]
[8,28.133333333333333,0,0.16666666666666666]
[3,28.3,0,0.16666666666666666]
[5,28.46666666666667,0,0.5]
[4,28.55,0,0.5]
[5,28.633333333333333,0,0.5]
[4,28.71666666666667,0,0.5]
[5,28.8,0,0.5]
[6,28.966666666666665,0,0.5]
[8,29.133333333333333,0,0.5]
[7,29.21666666666667,0,0.5]
[8,29.3,0,0.5]
[7,29.383333333333333,0,0.5]
[8,29.46666666666667,0,0.5]
[0,29.633333333333333,0,0.5]
[4,29.8,0,0.5]
[6,29.966666666666665,0,0.5]
[5,30.133333333333333,0,0.5]
[0,30.3,0,0.5]
[1,30.383333333333333,0,0.5]
[2,30.46666666666667,0,0.5]
[4,30.633333333333333,0,0.5]
[8,30.8,0,0.5]
[0,30.96666666666667,0,0.5]
[1,31.05,0,0.5]
[2,31.133333333333333,0,0.5]
[4,31.3,0,0.5]
[8,31.46666666666667,0,0.5]
[0,31.633333333333333,0,0.5]
[1,31.71666666666667,0,0.5]
[2,31.8,0,0.5]
[4,31.966666666666665,0,0.5]
[8,32.13333333333333,0,0.5]
[0,32.8,0,0.5]
[2,32.96666666666666,0,0.5]
[3,33.13333333333333,0,0.5]
[4,33.21666666666666,0,0.5]
[5,33.3,0,0.5]
[6,33.46666666666666,0,0.5]
[8,33.63333333333333,0,0.5]
[3,33.8,0,0.5]
[4,33.883333333333326,0,0.5]
[5,33.96666666666666,0,0.5]
[0,34.05,0,0.5]
[1,34.13333333333333,0,0.5]
[2,34.3,0,0.5]
[6,34.46666666666666,0,0.5]
[7,34.55,0,0.5]
[8,34.633333333333326,0,0.5]
[3,34.71666666666666,0,0.5]
[4,34.8,0,0.5]
[2,34.96666666666666,0,0.5]
[1,34.96666666666666,0,0.5]
[5,35.13333333333333,0,0.5]
[4,35.13333333333333,0,0.5]
[8,35.3,0,0.5]
[7,35.3,0,0.5]
[0,35.46666666666666,0,0.5]
[2,35.633333333333326,0,0.5]
[3,35.8,0,0.5]
[4,35.883333333333326,0,0.5]
[5,35.96666666666666,0,0.5]
[6,36.133333333333326,0,0.5]
[8,36.3,0,0.5]
[3,36.46666666666666,0,0.5]
[4,36.54999999999999,0,0.5]
[5,36.633333333333326,0,0.5]
[0,36.71666666666666,0,0.5]
[1,36.8,0,0.5]
[2,36.96666666666666,0,0.5]
[6,37.133333333333326,0,0.5]
[7,37.21666666666666,0,0.5]
[8,37.29999999999999,0,0.5]
[3,37.383333333333326,0,0.5]
[4,37.46666666666666,0,0.5]
[2,37.63333333333333,0,0.5]
[1,37.63333333333333,0,0.5]
[5,37.8,0,0.5]
[4,37.8,0,0.5]
[8,37.96666666666666,0,0.5]
[7,37.96666666666666,0,0.5]
[0,38.133333333333326,0,0.5]
[2,38.29999999999999,0,0.5]
[3,38.46666666666666,0,0.5]
[4,38.54999999999999,0,0.5]
[5,38.633333333333326,0,0.5]
[6,38.79999999999999,0,0.5]
[8,38.96666666666666,0,0.5]
[3,39.133333333333326,0,0.5]
[4,39.216666666666654,0,0.5]
[5,39.29999999999999,0,0.5]
[0,39.383333333333326,0,0.5]
[1,39.46666666666666,0,0.5]
[2,39.63333333333333,0,0.5]
[6,39.79999999999999,0,0.5]
[7,39.883333333333326,0,0.5]
[8,39.966666666666654,0,0.5]
[3,40.04999999999999,0,0.5]
[4,40.133333333333326,0,0.5]
[2,40.29999999999999,0,0.5]
[0,40.46666666666666,0,0.5]
[8,40.633333333333326,0,0.5]
[3,40.8,0,0.5]
[2,40.96666666666666,0,0.5]
[1,41.05,0,0.5]
[0,41.13333333333333,0,0.5]
[4,41.3,0,0.5]
[6,41.46666666666666,0,0.5]
[2,41.63333333333333,0,0.5]
[1,41.71666666666666,0,0.5]
[0,41.8,0,0.5]
[4,41.96666666666666,0,0.5]
[6,42.13333333333333,0,0.5]
[7,42.46666666666666,0,0.5]
[8,42.46666666666666,0,0.5]
[4,42.8,0,0.5]
[2,42.8,0,0.5]
[7,43.13333333333333,0,0.5]
[8,43.13333333333333,0,0.5]
[0,43.46666666666666,0,0.5]
[2,43.633333333333326,0,0.5]
[6,43.8,0,0.5]
[7,43.88333333333333,0,0.5]
[8,43.96666666666666,0,0.5]
[0,44.13333333333333,0,0.5]
[2,44.3,0,0.5]
[6,44.46666666666666,0,0.5]
[7,44.55,0,0.5]
[8,44.63333333333333,0,0.5]
[3,44.71666666666666,0,0.5]
[4,44.8,0,0.5]
[2,44.96666666666666,0,0.5]
[6,45.13333333333333,0,0.5]
[7,45.21666666666666,0,0.5]
[8,45.3,0,0.5]
[3,45.383333333333326,0,0.5]
[4,45.46666666666666,0,0.5]
[1,45.63333333333333,0,0.5]
[5,45.8,0,0.5]
[7,45.96666666666666,0,0.5]
[0,46.133333333333326,0,0.5]
[2,46.29999999999999,0,0.5]
[6,46.46666666666666,0,0.5]
[7,46.55,0,0.5]
[8,46.63333333333333,0,0.5]
[0,46.8,0,0.5]
[2,46.96666666666666,0,0.5]
[6,47.13333333333333,0,0.5]
[7,47.21666666666666,0,0.5]
[8,47.3,0,0.5]
[3,47.38333333333333,0,0.5]
[4,47.46666666666666,0,0.5]
[2,47.63333333333333,0,0.5]
[6,47.79999999999999,0,0.5]
[7,47.883333333333326,0,0.5]
[8,47.966666666666654,0,0.5]
[3,48.04999999999999,0,0.5]
[4,48.133333333333326,0,0.5]
[1,48.3,0,0.5]
[5,48.46666666666666,0,0.5]
[7,48.63333333333333,0,0.5]
[0,48.79999999999999,0,0.5]
[3,48.96666666666666,0,0.5]
[4,49.05,0,0.5]
[5,49.13333333333333,0,0.5]
[7,49.3,0,0.5]
[0,49.46666666666666,0,0.5]
[1,49.55,0,0.5]
[2,49.63333333333333,0,0.5]
[5,49.8,0,0.5]
[6,49.96666666666666,0,0.5]
[8,50.13333333333333,0,0.5]
[0,50.3,0,0.5]
[5,50.46666666666666,0,0.5]
[3,50.63333333333333,0,0.5]
[2,50.8,0,0.5]
[6,50.96666666666666,0,0.5]
[4,51.13333333333333,0,0.5]
[0,51.3,0,0.5]
[5,51.46666666666666,0,0.5]
[6,51.63333333333333,0,0.5]
[2,51.8,0,0.5]
[1,51.88333333333333,0,0.5]
[0,51.96666666666666,0,0.5]
[8,52.13333333333333,0,0.5]
[3,52.3,0,0.5]
[2,52.46666666666666,0,0.5]
[1,52.55,0,0.5]
[0,52.63333333333333,0,0.5]
[5,52.71666666666666,0,0.5]
[4,52.8,0,0.5]
[6,52.96666666666666,0,0.5]
[2,53.13333333333333,0,0.5]
[1,53.21666666666666,0,0.5]
[0,53.3,0,0.5]
[5,53.38333333333333,0,0.5]
[4,53.46666666666666,0,0.5]
[6,53.63333333333333,0,0.5]
[7,53.71666666666666,0,0.5]
[8,53.8,0,0.5]
[5,53.96666666666666,0,0.5]
[0,54.133333333333326,0,0.5]
[2,54.29999999999999,0,0.5]
[3,54.46666666666666,0,0.5]
[4,54.54999999999999,0,0.5]
[5,54.633333333333326,0,0.5]
[6,54.79999999999999,0,0.5]
[8,54.96666666666666,0,0.5]
[3,55.133333333333326,0,0.5]
[4,55.216666666666654,0,0.5]
[5,55.29999999999999,0,0.5]
[0,55.383333333333326,0,0.5]
[1,55.46666666666666,0,0.5]
[2,55.63333333333333,0,0.5]
[6,55.79999999999999,0,0.5]
[7,55.883333333333326,0,0.5]
[8,55.966666666666654,0,0.5]
[3,56.04999999999999,0,0.5]
[4,56.133333333333326,0,0.5]
[0,56.3,0,0.5]
[2,56.3,0,0.5]
[5,56.46666666666666,0,0.5]
[3,56.46666666666666,0,0.5]
[6,56.63333333333333,0,0.5]
[8,56.63333333333333,0,0.5]
[0,56.8,0,0.5]
[2,56.96666666666666,0,0.5]
[3,57.13333333333333,0,0.5]
[4,57.21666666666666,0,0.5]
[5,57.3,0,0.5]
[6,57.46666666666666,0,0.5]
[8,57.63333333333333,0,0.5]
[3,57.8,0,0.5]
[4,57.883333333333326,0,0.5]
[5,57.96666666666666,0,0.5]
[0,58.05,0,0.5]
[1,58.13333333333333,0,0.5]
[2,58.3,0,0.5]
[6,58.46666666666666,0,0.5]
[7,58.55,0,0.5]
[8,58.633333333333326,0,0.5]
[3,58.71666666666666,0,0.5]
[4,58.8,0,0.5]
[2,58.96666666666666,0,0.5]
[0,58.96666666666666,0,0.5]
[5,59.13333333333333,0,0.5]
[3,59.13333333333333,0,0.5]
[8,59.3,0,0.5]
[6,59.3,0,0.5]
[0,59.46666666666666,0,0.5]
[5,59.63333333333333,0,0.5]
[4,59.71666666666666,0,0.5]
[3,59.8,0,0.5]
[1,59.96666666666666,0,0.5]
[6,60.13333333333333,0,0.5]
[7,60.21666666666666,0,0.5]
[8,60.3,0,0.5]
[2,60.46666666666666,0,0.5]
[6,60.63333333333333,0,0.5]
[1,60.8,0,0.5]
[3,60.96666666666666,0,0.5]
[7,61.13333333333333,0,0.5]
[0,61.3,0,0.5]
[8,61.46666666666666,0,0.5]
[6,61.63333333333333,0,0.5]
[5,61.8,0,0.5]
[3,61.96666666666666,0,0.5]
[2,62.13333333333333,0,0.5]
[0,62.3,0,0.5]
[8,62.46666666666666,0,0.5]
[7,62.55,0,0.5]
[6,62.63333333333333,0,0.5]
[5,62.8,0,0.5]
[3,62.96666666666666,0,0.5]
[8,63.13333333333333,0,0.5]
[7,63.21666666666666,0,0.5]
[8,63.3,0,0.5]
[7,63.38333333333333,0,0.5]
[8,63.46666666666666,0,0.5]
[3,63.63333333333333,0,0.5]
[2,63.8,0,0.5]
[1,63.883333333333326,0,0.5]
[2,63.96666666666667,0,0.5]
[1,64.05,0,0.5]
[2,64.13333333333333,0,0.5]
[3,64.3,0,0.5]
[8,64.46666666666667,0,0.5]
[7,64.46666666666667,0,0.5]
[1,64.8,0,0.3333333333333333]
[7,65.13333333333333,0,0.3333333333333333]
[1,65.46666666666667,0,0.3333333333333333]
[3,65.8,0,0.5]
[5,65.96666666666667,0,0.5]
[0,66.46666666666667,0,0.3333333333333333]
[8,66.8,0,0.3333333333333333]
[0,67.13333333333333,0,0.3333333333333333]
[6,67.46666666666667,0,0.3333333333333333]
[2,67.8,0,0.3333333333333333]
[6,68.13333333333333,0,0.3333333333333333]
[5,68.46666666666667,0,0.5]
[3,68.63333333333333,0,0.5]
[1,69.13333333333333,0,0.5]
[8,69.46666666666667,0,0.5]
[3,69.8,0,0.5]
[4,69.96666666666667,0,0.5]
[5,70.13333333333333,0,0.3333333333333333]
[0,70.46666666666667,0,0.3333333333333333]
[7,70.8,0,0.3333333333333333]
[2,71.13333333333333,0,0.5]
[3,71.3,0,0.5]
[8,71.8,0,0.3333333333333333]
[6,72.13333333333333,0,0.3333333333333333]
[8,72.46666666666667,0,0.3333333333333333]
[1,72.8,0,0.5]
[0,72.8,0,0.5]
[7,73.13333333333333,0,0.5]
[1,73.46666666666667,0,0.5]
[0,73.46666666666667,0,0.5]
[8,73.8,0,0.5]
[1,74.13333333333333,0,0.5]
[0,74.13333333333333,0,0.5]
[4,74.46666666666667,0,0.5]
[3,74.46666666666667,0,0.5]
[7,74.8,0,0.5]
[6,74.8,0,0.5]
[2,75.13333333333333,0,0.5]
[1,75.3,0,0.5]
[0,75.46666666666667,0,0.5]
[8,75.8,0,0.5]
[1,76.13333333333333,0,0.5]
[6,76.46666666666667,0,0.5]
[7,76.63333333333333,0,0.5]
[2,77.13333333333333,0,0.5]
[8,77.46666666666667,0,0.5]
[2,77.8,0,0.5]
[1,77.96666666666667,0,0.5]
[0,78.13333333333333,0,0.5]
[7,78.46666666666667,0,0.5]
[5,78.8,0,0.5]
[3,78.96666666666667,0,0.5]
[2,79.3,0,0.5]
[0,79.8,0,0.5]
[8,80.13333333333333,0,0.5]
[6,80.46666666666667,0,0.5]
[2,80.8,0,0.5]
[1,80.8,0,0.5]
[3,81.13333333333333,0,0.5]
[7,81.46666666666667,0,0.5]
[1,81.8,0,0.5]
[0,81.96666666666667,0,0.5]
[4,82.13333333333333,0,0.5]
[5,82.13333333333333,0,0.5]
[6,82.46666666666667,0,0.5]
[2,82.8,0,0.5]
[4,83.13333333333333,0,0.5]
[3,83.3,0,0.5]
[8,83.46666666666667,0,0.5]
[7,83.46666666666667,0,0.5]
[2,83.96666666666667,0,0.5]
[3,84.13333333333333,0,0.5]
[4,84.13333333333333,0,0.5]
[8,84.46666666666667,0,0.5]
[6,84.63333333333333,0,0.5]
[7,84.63333333333333,0,0.5]
[2,85.13333333333333,0,0.5]
[4,85.13333333333333,0,0.5]
[0,85.3,0,0.5]
[5,85.46666666666667,0,0.5]
[7,85.46666666666667,0,0.5]
[0,86.13333333333333,0,0.5]
[2,86.29999999999998,0,0.5]
[3,86.46666666666667,0,0.5]
[4,86.54999999999998,0,0.5]
[5,86.63333333333333,0,0.5]
[6,86.79999999999998,0,0.5]
[8,86.96666666666667,0,0.5]
[3,87.13333333333333,0,0.5]
[4,87.21666666666665,0,0.5]
[5,87.29999999999998,0,0.5]
[0,87.38333333333333,0,0.5]
[1,87.46666666666667,0,0.5]
[2,87.63333333333333,0,0.5]
[6,87.79999999999998,0,0.5]
[7,87.88333333333333,0,0.5]
[8,87.96666666666665,0,0.5]
[3,88.04999999999998,0,0.5]
[4,88.13333333333333,0,0.5]
[2,88.3,0,0.5]
[1,88.3,0,0.5]
[5,88.46666666666667,0,0.5]
[4,88.46666666666667,0,0.5]
[8,88.63333333333333,0,0.5]
[7,88.63333333333333,0,0.5]
[0,88.79999999999998,0,0.5]
[2,88.96666666666664,0,0.5]
[3,89.13333333333333,0,0.5]
[4,89.21666666666664,0,0.5]
[5,89.29999999999998,0,0.5]
[6,89.46666666666664,0,0.5]
[8,89.63333333333333,0,0.5]
[3,89.79999999999998,0,0.5]
[4,89.88333333333331,0,0.5]
[5,89.96666666666664,0,0.5]
[0,90.04999999999998,0,0.5]
[1,90.13333333333333,0,0.5]
[2,90.3,0,0.5]
[6,90.46666666666664,0,0.5]
[7,90.54999999999998,0,0.5]
[8,90.63333333333331,0,0.5]
[3,90.71666666666664,0,0.5]
[4,90.79999999999998,0,0.5]
[2,90.96666666666667,0,0.5]
[1,90.96666666666667,0,0.5]
[5,91.13333333333333,0,0.5]
[4,91.13333333333333,0,0.5]
[8,91.3,0,0.5]
[7,91.3,0,0.5]
[0,91.46666666666665,0,0.5]
[2,91.63333333333333,0,0.5]
[3,91.79999999999998,0,0.5]
[4,91.88333333333333,0,0.5]
[5,91.96666666666665,0,0.5]
[6,92.13333333333333,0,0.5]
[8,92.29999999999998,0,0.5]
[3,92.46666666666665,0,0.5]
[4,92.54999999999998,0,0.5]
[5,92.63333333333333,0,0.5]
[0,92.71666666666665,0,0.5]
[1,92.79999999999998,0,0.5]
[2,92.96666666666667,0,0.5]
[6,93.13333333333333,0,0.5]
[7,93.21666666666665,0,0.5]
[8,93.29999999999998,0,0.5]
[3,93.38333333333333,0,0.5]
[4,93.46666666666665,0,0.5]
[2,93.63333333333333,0,0.5]
[0,93.8,0,0.5]
[8,93.96666666666667,0,0.5]
[3,94.13333333333333,0,0.5]
[2,94.3,0,0.5]
[1,94.38333333333335,0,0.5]
[0,94.46666666666667,0,0.5]
[4,94.63333333333335,0,0.5]
[6,94.8,0,0.5]
[2,94.96666666666667,0,0.5]
[1,95.05000000000003,0,0.5]
[0,95.13333333333333,0,0.5]
[4,95.30000000000003,0,0.5]
[6,95.46666666666667,0,0.5]
[2,95.63333333333333,0,0.5]
[1,95.7166666666667,0,0.5]
[0,95.8,0,0.5]
[4,95.9666666666667,0,0.5]
[6,96.13333333333333,0,0.5]
[3,96.8,0,0.5]
[8,96.96666666666667,0,0.5]
[0,97.13333333333333,0,0.5]
[1,97.21666666666667,0,0.5]
[2,97.3,0,0.5]
[6,97.46666666666667,0,0.5]
[5,97.63333333333333,0,0.5]
[0,97.8,0,0.5]
[1,97.88333333333333,0,0.5]
[2,97.96666666666667,0,0.5]
[3,98.05,0,0.5]
[4,98.13333333333333,0,0.5]
[8,98.3,0,0.5]
[0,98.46666666666667,0,0.5]
[1,98.55,0,0.5]
[2,98.63333333333333,0,0.5]
[3,98.71666666666667,0,0.5]
[4,98.8,0,0.5]
[6,98.96666666666667,0,0.5]
[7,98.96666666666667,0,0.5]
[5,99.13333333333333,0,0.5]
[1,99.3,0,0.5]
[0,99.3,0,0.5]
[3,99.46666666666667,0,0.5]
[2,99.63333333333333,0,0.5]
[6,99.8,0,0.5]
[7,99.88333333333333,0,0.5]
[8,99.96666666666667,0,0.5]
[0,100.13333333333333,0,0.5]
[5,100.3,0,0.5]
[6,100.46666666666667,0,0.5]
[7,100.55,0,0.5]
[8,100.63333333333333,0,0.5]
[3,100.71666666666667,0,0.5]
[4,100.8,0,0.5]
[2,100.96666666666667,0,0.5]
[6,101.13333333333333,0,0.5]
[7,101.21666666666665,0,0.5]
[8,101.29999999999998,0,0.5]
[3,101.38333333333333,0,0.5]
[4,101.46666666666665,0,0.5]
[2,101.63333333333333,0,0.5]
[1,101.63333333333333,0,0.5]
[3,101.8,0,0.5]
[8,101.96666666666667,0,0.5]
[7,101.96666666666667,0,0.5]
[0,102.13333333333333,0,0.5]
[2,102.29999999999998,0,0.5]
[3,102.46666666666667,0,0.5]
[4,102.54999999999998,0,0.5]
[5,102.63333333333333,0,0.5]
[6,102.79999999999998,0,0.5]
[8,102.96666666666667,0,0.5]
[3,103.13333333333333,0,0.5]
[4,103.21666666666665,0,0.5]
[5,103.29999999999998,0,0.5]
[0,103.38333333333333,0,0.5]
[1,103.46666666666667,0,0.5]
[2,103.63333333333333,0,0.5]
[6,103.79999999999998,0,0.5]
[7,103.88333333333333,0,0.5]
[8,103.96666666666665,0,0.5]
[3,104.04999999999998,0,0.5]
[4,104.13333333333333,0,0.5]
[2,104.3,0,0.5]
[0,104.46666666666667,0,0.5]
[8,104.63333333333333,0,0.5]
[3,104.8,0,0.5]
[2,104.96666666666667,0,0.5]
[1,105.05000000000001,0,0.5]
[0,105.13333333333333,0,0.5]
[4,105.30000000000001,0,0.5]
[6,105.46666666666667,0,0.5]
[2,105.63333333333333,0,0.5]
[1,105.71666666666668,0,0.5]
[0,105.8,0,0.5]
[4,105.96666666666668,0,0.5]
[6,106.13333333333333,0,0.5]
[8,106.46666666666667,0,0.5]
[7,106.46666666666667,0,0.5]
[4,106.8,0,0.5]
[2,106.8,0,0.5]
[8,107.13333333333333,0,0.5]
[7,107.13333333333333,0,0.5]
[6,107.46666666666667,0,0.5]
[2,107.63333333333334,0,0.5]
[3,107.8,0,0.5]
[4,107.88333333333333,0,0.5]
[0,108.05,0,0.5]
[8,108.21666666666667,0,0.5]
[3,108.38333333333333,0,0.5]
[4,108.46666666666667,0,0.5]
[3,108.55,0,0.5]
[4,108.63333333333333,0,0.5]
[3,108.71666666666667,0,0.5]
[2,108.88333333333333,0,0.5]
[1,108.96666666666667,0,0.5]
[8,109.13333333333333,0,0.5]
[7,109.21666666666667,0,0.5]
[0,109.38333333333333,0,0.5]
[5,109.55,0,0.5]
[3,109.71666666666667,0,0.5]
[4,109.8,0,0.5]
[1,109.96666666666667,0,0.5]
[6,110.13333333333335,0,0.5]
[2,110.30000000000003,0,0.5]
[3,110.46666666666668,0,0.5]
[4,110.55000000000001,0,0.5]
[0,110.71666666666668,0,0.5]
[8,110.88333333333335,0,0.5]
[3,111.05000000000001,0,0.5]
[4,111.13333333333335,0,0.5]
[3,111.21666666666668,0,0.5]
[4,111.30000000000001,0,0.5]
[3,111.38333333333335,0,0.5]
[2,111.55000000000001,0,0.5]
[1,111.63333333333335,0,0.5]
[8,111.80000000000001,0,0.5]
[7,111.88333333333335,0,0.5]
[0,112.05000000000001,0,0.5]
[5,112.21666666666668,0,0.5]
[3,112.38333333333335,0,0.5]
[4,112.46666666666668,0,0.5]
[1,112.63333333333333,0,0.5]
[6,112.79999999999998,0,0.5]
[2,112.96666666666665,0,0.5]
[3,113.13333333333331,0,0.5]
[4,113.21666666666664,0,0.5]
[0,113.38333333333331,0,0.5]
[8,113.54999999999998,0,0.5]
[3,113.71666666666664,0,0.5]
[4,113.79999999999998,0,0.5]
[3,113.88333333333331,0,0.5]
[4,113.96666666666664,0,0.5]
[3,114.04999999999998,0,0.5]
[2,114.21666666666664,0,0.5]
[1,114.29999999999998,0,0.5]
[8,114.46666666666664,0,0.5]
[7,114.54999999999998,0,0.5]
[0,114.71666666666664,0,0.5]
[5,114.88333333333331,0,0.5]
[3,115.04999999999998,0,0.5]
[4,115.13333333333331,0,0.5]
[1,115.3,0,0.5]
[6,115.46666666666665,0,0.5]
[2,115.63333333333333,0,0.5]
[3,115.79999999999998,0,0.5]
[4,115.88333333333333,0,0.5]
[0,116.04999999999998,0,0.5]
[8,116.21666666666665,0,0.5]
[3,116.38333333333333,0,0.5]
[4,116.46666666666665,0,0.5]
[3,116.54999999999998,0,0.5]
[4,116.63333333333333,0,0.5]
[3,116.71666666666665,0,0.5]
[2,116.88333333333333,0,0.5]
[1,116.96666666666665,0,0.5]
[8,117.13333333333333,0,0.5]
[7,117.21666666666665,0,0.5]
[5,117.38333333333333,0,0.5]
[0,117.55,0,0.5]
[2,117.71666666666665,0,0.5]
[1,117.8,0,0.5]
[3,117.88333333333333,0,0.5]
[4,117.96666666666665,0,0.5]
[6,118.13333333333334,0,0.5]
[2,118.30000000000001,0,0.5]
[3,118.46666666666667,0,0.5]
[4,118.55000000000001,0,0.5]
[0,118.71666666666667,0,0.5]
[8,118.88333333333334,0,0.5]
[3,119.05000000000001,0,0.5]
[4,119.13333333333334,0,0.5]
[5,119.21666666666667,0,0.5]
[4,119.3,0,0.5]
[3,119.38333333333333,0,0.5]
[2,119.55000000000001,0,0.5]
[1,119.63333333333334,0,0.5]
[8,119.80000000000001,0,0.5]
[7,119.88333333333334,0,0.5]
[0,120.05000000000001,0,0.5]
[5,120.21666666666667,0,0.5]
[3,120.38333333333334,0,0.5]
[4,120.46666666666667,0,0.5]
[1,120.63333333333333,0,0.5]
[6,120.79999999999998,0,0.5]
[2,120.96666666666665,0,0.5]
[3,121.13333333333331,0,0.5]
[4,121.21666666666664,0,0.5]
[0,121.38333333333331,0,0.5]
[8,121.54999999999998,0,0.5]
[3,121.71666666666664,0,0.5]
[4,121.79999999999998,0,0.5]
[5,121.88333333333333,0,0.5]
[4,121.96666666666667,0,0.5]
[3,122.05,0,0.5]
[2,122.21666666666664,0,0.5]
[1,122.29999999999998,0,0.5]
[8,122.46666666666664,0,0.5]
[7,122.54999999999998,0,0.5]
[0,122.71666666666664,0,0.5]
[5,122.88333333333331,0,0.5]
[3,123.04999999999998,0,0.5]
[4,123.13333333333331,0,0.5]
[1,123.3,0,0.5]
[6,123.46666666666665,0,0.5]
[2,123.63333333333333,0,0.5]
[3,123.79999999999998,0,0.5]
[4,123.88333333333333,0,0.5]
[0,124.04999999999998,0,0.5]
[8,124.21666666666665,0,0.5]
[3,124.38333333333333,0,0.5]
[4,124.46666666666665,0,0.5]
[5,124.55,0,0.5]
[4,124.63333333333333,0,0.5]
[3,124.71666666666667,0,0.5]
[2,124.88333333333333,0,0.5]
[1,124.96666666666665,0,0.5]
[8,125.13333333333333,0,0.5]
[7,125.21666666666665,0,0.5]
[0,125.38333333333333,0,0.5]
[5,125.54999999999998,0,0.5]
[3,125.71666666666665,0,0.5]
[4,125.79999999999998,0,0.5]
[1,125.96666666666667,0,0.5]
[6,126.13333333333333,0,0.5]
[2,126.3,0,0.5]
[3,126.46666666666665,0,0.5]
[4,126.54999999999998,0,0.5]
[0,126.71666666666665,0,0.5]
[8,126.88333333333333,0,0.5]
[3,127.04999999999998,0,0.5]
[4,127.13333333333333,0,0.5]
[5,127.21666666666667,0,0.5]
[4,127.3,0,0.5]
[3,127.38333333333333,0,0.5]
[2,127.54999999999998,0,0.5]
[1,127.63333333333333,0,0.5]
[8,127.79999999999998,0,0.5]
[7,127.88333333333333,0,0.5]
[0,128.04999999999959,0,0.5]
[5,128.21666666666624,0,0.5]
[6,128.38333333333293,0,0.5]
[7,128.46666666666627,0,0.5]
[6,128.54999999999959,0,0.5]
[7,128.63333333333293,0,0.5]
[0,128.8,0,0.5]
[2,128.96666666666667,0,0.5]
[3,129.13333333333335,0,0.5]
[4,129.21666666666667,0,0.5]
[3,129.3,0,0.5]
[0,129.46666666666667,0,0.5]
[2,129.63333333333335,0,0.5]
[6,129.8,0,0.5]
[7,129.88333333333335,0,0.5]
[6,129.96666666666667,0,0.5]
[7,130.05,0,0.5]
[6,130.13333333333335,0,0.5]
[2,130.3,0,0.5]
[3,130.46666666666667,0,0.5]
[4,130.55,0,0.5]
[3,130.63333333333335,0,0.5]
[4,130.71666666666667,0,0.5]
[3,130.8,0,0.5]
[0,130.96666666666627,0,0.5]
[1,130.96666666666627,0,0.5]
[4,131.13333333333293,0,0.5]
[3,131.13333333333293,0,0.5]
[7,131.29999999999959,0,0.5]
[6,131.29999999999959,0,0.5]
[0,131.46666666666667,0,0.5]
[2,131.63333333333335,0,0.5]
[3,131.8,0,0.5]
[4,131.88333333333335,0,0.5]
[3,131.96666666666667,0,0.5]
[0,132.13333333333335,0,0.5]
[2,132.3,0,0.5]
[6,132.46666666666667,0,0.5]
[7,132.55,0,0.5]
[6,132.63333333333335,0,0.5]
[7,132.71666666666667,0,0.5]
[6,132.8,0,0.5]
[2,132.96666666666667,0,0.5]
[3,133.13333333333375,0,0.5]
[4,133.2166666666671,0,0.5]
[3,133.30000000000044,0,0.5]
[4,133.38333333333375,0,0.5]
[3,133.4666666666671,0,0.5]
[0,133.63333333333335,0,0.5]
[1,133.63333333333335,0,0.5]
[4,133.8,0,0.5]
[3,133.8,0,0.5]
[6,133.96666666666667,0,0.5]
[7,133.96666666666667,0,0.5]
[0,134.13333333333335,0,0.5]
[2,134.3,0,0.5]
[3,134.46666666666667,0,0.5]
[4,134.55,0,0.5]
[3,134.63333333333335,0,0.5]
[0,134.8,0,0.5]
[2,134.96666666666667,0,0.5]
[6,135.13333333333335,0,0.5]
[7,135.21666666666667,0,0.5]
[6,135.3,0,0.5]
[7,135.38333333333335,0,0.5]
[6,135.46666666666667,0,0.5]
[2,135.63333333333335,0,0.5]
[3,135.8,0,0.5]
[4,135.88333333333335,0,0.5]
[3,135.96666666666667,0,0.5]
[4,136.05,0,0.5]
[3,136.13333333333335,0,0.5]
[0,136.3,0,0.5]
[4,136.46666666666667,0,0.5]
[6,136.63333333333333,0,0.5]
[5,136.8,0,0.5]
[0,136.9666666666667,0,0.5]
[1,137.05,0,0.5]
[2,137.13333333333335,0,0.5]
[4,137.3,0,0.5]
[8,137.4666666666667,0,0.5]
[0,137.63333333333335,0,0.5]
[1,137.7166666666667,0,0.5]
[2,137.8,0,0.5]
[4,137.9666666666667,0,0.5]
[8,138.13333333333335,0,0.5]
[0,138.3,0,0.5]
[1,138.38333333333335,0,0.5]
[2,138.4666666666667,0,0.5]
[4,138.63333333333335,0,0.5]
[8,138.8,0,0.5]
[0,139.4666666666667,0,0.5]
[2,139.63333333333335,0,0.5]
[3,139.8,0,0.5]
[4,139.88333333333335,0,0.5]
[5,139.9666666666667,0,0.5]
[6,140.13333333333335,0,0.5]
[8,140.3,0,0.5]
[3,140.4666666666667,0,0.5]
[4,140.55,0,0.5]
[5,140.63333333333335,0,0.5]
[0,140.7166666666667,0,0.5]
[1,140.8,0,0.5]
[2,140.96666666666667,0,0.5]
[6,141.13333333333335,0,0.5]
[7,141.2166666666667,0,0.5]
[8,141.3,0,0.5]
[3,141.38333333333335,0,0.5]
[4,141.4666666666667,0,0.5]
[2,141.63333333333335,0,0.5]
[1,141.63333333333335,0,0.5]
[5,141.8,0,0.5]
[4,141.8,0,0.5]
[8,141.96666666666667,0,0.5]
[7,141.96666666666667,0,0.5]
[0,142.13333333333333,0,0.5]
[2,142.29999999999998,0,0.5]
[3,142.46666666666664,0,0.5]
[4,142.54999999999998,0,0.5]
[5,142.63333333333333,0,0.5]
[6,142.79999999999998,0,0.5]
[8,142.96666666666664,0,0.5]
[3,143.13333333333333,0,0.5]
[4,143.21666666666664,0,0.5]
[5,143.29999999999998,0,0.5]
[0,143.38333333333333,0,0.5]
[1,143.46666666666664,0,0.5]
[2,143.63333333333335,0,0.5]
[6,143.79999999999998,0,0.5]
[7,143.88333333333333,0,0.5]
[8,143.96666666666664,0,0.5]
[3,144.04999999999998,0,0.5]
[4,144.13333333333333,0,0.5]
[2,144.3,0,0.5]
[1,144.3,0,0.5]
[5,144.46666666666667,0,0.5]
[4,144.46666666666667,0,0.5]
[8,144.63333333333335,0,0.5]
[7,144.63333333333335,0,0.5]
[0,144.8,0,0.5]
[2,144.96666666666667,0,0.5]
[3,145.13333333333333,0,0.5]
[4,145.21666666666667,0,0.5]
[5,145.3,0,0.5]
[6,145.46666666666667,0,0.5]
[8,145.63333333333333,0,0.5]
[3,145.8,0,0.5]
[4,145.88333333333333,0,0.5]
[5,145.96666666666667,0,0.5]
[0,146.05,0,0.5]
[1,146.13333333333333,0,0.5]
[2,146.3,0,0.5]
[6,146.46666666666667,0,0.5]
[7,146.55,0,0.5]
[8,146.63333333333333,0,0.5]
[3,146.71666666666667,0,0.5]
[4,146.8,0,0.5]
[2,146.96666666666667,0,0.5]
[0,147.13333333333335,0,0.5]
[8,147.3,0,0.5]
[3,147.46666666666667,0,0.3333333333333333]
[2,147.63333333333335,0,0.3333333333333333]
[1,147.71666666666667,0,0.3333333333333333]
[0,147.8,0,0.3333333333333333]
[4,147.96666666666667,0,0.3333333333333333]
[6,148.13333333333335,0,0.3333333333333333]
[2,148.3,0,0.3333333333333333]
[1,148.38333333333335,0,0.3333333333333333]
[0,148.46666666666667,0,0.3333333333333333]
[4,148.63333333333335,0,0.3333333333333333]
[6,148.8,0,0.3333333333333333]
[2,148.96666666666667,0,0.3333333333333333]
[1,149.05,0,0.3333333333333333]
[0,149.13333333333335,0,0.3333333333333333]
[4,149.3,0,0.3333333333333333]
[6,149.46666666666667,0,0.3333333333333333]
[6,150.13333333333335,0,0.5]
[2,150.3,0,0.5]
[3,150.46666666666667,0,0.5]
[4,150.55,0,0.5]
[5,150.63333333333335,0,0.5]
[0,150.8,0,0.5]
[8,150.96666666666664,0,0.5]
[3,151.13333333333333,0,0.5]
[4,151.21666666666664,0,0.5]
[5,151.29999999999998,0,0.5]
[6,151.38333333333335,0,0.5]
[7,151.46666666666667,0,0.5]
[8,151.63333333333335,0,0.5]
[0,151.8,0,0.5]
[1,151.88333333333335,0,0.5]
[2,151.96666666666667,0,0.5]
[3,152.05,0,0.5]
[4,152.13333333333335,0,0.5]
[5,152.3,0,0.5]
[0,152.3,0,0.5]
[3,152.46666666666667,0,0.5]
[4,152.46666666666667,0,0.5]
[6,152.63333333333335,0,0.5]
[8,152.63333333333335,0,0.5]
[0,152.8,0,0.5]
[2,152.96666666666667,0,0.5]
[3,153.13333333333333,0,0.5]
[4,153.21666666666667,0,0.5]
[5,153.3,0,0.5]
[6,153.46666666666667,0,0.5]
[8,153.63333333333333,0,0.5]
[3,153.8,0,0.5]
[4,153.88333333333333,0,0.5]
[5,153.96666666666667,0,0.5]
[0,154.05,0,0.5]
[1,154.13333333333333,0,0.5]
[2,154.3,0,0.5]
[6,154.46666666666667,0,0.5]
[7,154.55,0,0.5]
[8,154.63333333333333,0,0.5]
[3,154.71666666666667,0,0.5]
[4,154.8,0,0.5]
[0,154.96666666666667,0,0.5]
[5,154.96666666666667,0,0.5]
[3,155.13333333333335,0,0.5]
[4,155.13333333333335,0,0.5]
[6,155.3,0,0.5]
[8,155.3,0,0.5]
[0,155.46666666666667,0,0.5]
[2,155.63333333333333,0,0.5]
[3,155.79999999999998,0,0.5]
[4,155.88333333333333,0,0.5]
[5,155.96666666666667,0,0.5]
[6,156.13333333333333,0,0.5]
[8,156.29999999999998,0,0.5]
[3,156.46666666666667,0,0.5]
[4,156.54999999999998,0,0.5]
[5,156.63333333333333,0,0.5]
[0,156.71666666666667,0,0.5]
[1,156.79999999999998,0,0.5]
[2,156.96666666666667,0,0.5]
[6,157.13333333333333,0,0.5]
[7,157.21666666666667,0,0.5]
[8,157.29999999999998,0,0.5]
[3,157.38333333333333,0,0.5]
[4,157.46666666666667,0,0.5]
[2,157.63333333333335,0,0.3333333333333333]
[0,157.8,0,0.5]
[8,157.96666666666667,0,0.3333333333333333]
[3,158.13333333333335,0,0.3333333333333333]
[2,158.3,0,0.3333333333333333]
[1,158.38333333333335,0,0.3333333333333333]
[0,158.46666666666667,0,0.3333333333333333]
[4,158.63333333333335,0,0.3333333333333333]
[8,158.8,0,0.5]
[0,158.96666666666667,0,0.5]
[1,159.05,0,0.3333333333333333]
[2,159.13333333333335,0,0.5]
[4,159.3,0,0.3333333333333333]
[6,159.46666666666667,0,0.3333333333333333]
[2,159.63333333333335,0,0.3333333333333333]
[1,159.71666666666667,0,0.3333333333333333]
[0,159.8,0,0.3333333333333333]
[4,159.96666666666667,0,0.3333333333333333]
[8,160.13333333333335,0,0.5]
[0,160.8,0,0.5]
[2,160.96666666666667,0,0.5]
[3,161.13333333333333,0,0.5]
[4,161.21666666666667,0,0.5]
[5,161.3,0,0.5]
[6,161.46666666666667,0,0.5]
[8,161.63333333333333,0,0.5]
[3,161.8,0,0.5]
[4,161.88333333333333,0,0.5]
[5,161.96666666666667,0,0.5]
[0,162.05,0,0.5]
[1,162.13333333333333,0,0.5]
[2,162.3,0,0.5]
[6,162.46666666666667,0,0.5]
[7,162.55,0,0.5]
[8,162.63333333333333,0,0.5]
[3,162.71666666666667,0,0.5]
[4,162.8,0,0.5]
[2,162.96666666666667,0,0.5]
[1,162.96666666666667,0,0.5]
[5,163.13333333333335,0,0.5]
[4,163.13333333333335,0,0.5]
[8,163.3,0,0.5]
[7,163.3,0,0.5]
[0,163.46666666666667,0,0.5]
[2,163.63333333333333,0,0.5]
[3,163.79999999999998,0,0.5]
[4,163.88333333333333,0,0.5]
[5,163.96666666666667,0,0.5]
[6,164.13333333333333,0,0.5]
[8,164.29999999999998,0,0.5]
[3,164.46666666666667,0,0.5]
[4,164.54999999999998,0,0.5]
[5,164.63333333333333,0,0.5]
[0,164.71666666666667,0,0.5]
[1,164.79999999999998,0,0.5]
[2,164.96666666666667,0,0.5]
[6,165.13333333333333,0,0.5]
[7,165.21666666666667,0,0.5]
[8,165.29999999999998,0,0.5]
[3,165.38333333333333,0,0.5]
[4,165.46666666666667,0,0.5]
[0,165.63333333333335,0,0.5]
[2,165.63333333333335,0,0.5]
[3,165.8,0,0.5]
[5,165.8,0,0.5]
[8,165.96666666666667,0,0.5]
[6,165.96666666666667,0,0.5]
[2,166.13333333333335,0,0.3333333333333333]
[0,166.13333333333335,0,0.5]
[3,166.63333333333335,0,0.3333333333333333]
[4,166.71666666666667,0,0.3333333333333333]
[5,166.8,0,0.3333333333333333]
[6,166.96666666666667,0,0.3333333333333333]
[1,167.13333333333335,0,0.3333333333333333]
[8,167.3,0,0.3333333333333333]
[0,167.63333333333335,0,0.3333333333333333]
[2,167.8,0,0.3333333333333333]
[3,167.96666666666667,0,0.3333333333333333]
[8,168.13333333333335,0,0.3333333333333333]
[7,168.21666666666667,0,0.3333333333333333]
[6,168.3,0,0.3333333333333333]
[5,168.38333333333335,0,0.3333333333333333]
[4,168.46666666666667,0,0.3333333333333333]
[0,168.63333333333335,0,0.3333333333333333]
[2,168.8,0,0.3333333333333333]
[3,168.96666666666667,0,0.3333333333333333]
[4,169.05,0,0.3333333333333333]
[5,169.13333333333335,0,0.3333333333333333]
[6,169.3,0,0.3333333333333333]
[8,169.46666666666667,0,0.3333333333333333]
[0,169.63333333333335,0,0.3333333333333333]
[1,169.71666666666667,0,0.3333333333333333]
[2,169.8,0,0.3333333333333333]
[4,169.96666666666667,0,0.3333333333333333]
[8,170.13333333333335,0,0.3333333333333333]
[0,170.46666666666667,0,0.5]
[1,170.46666666666667,0,0.5]
[4,170.8,0,0.5]
[6,170.8,0,0.5]
[1,171.13333333333335,0,0.5]
[0,171.13333333333335,0,0.5]
[7,171.46666666666667,0,0.5]
[8,171.46666666666667,0,0.5]