[6,0.05,0,0.20689655172413796]
[2,0.8775862068965519,0,0.4137931034482759]
[1,1.0844827586206898,0,0.4137931034482759]
[3,1.2913793103448277,0,0.4137931034482759]
[7,1.4982758620689656,0,0.4137931034482759]
[5,1.7051724137931037,0,0.4137931034482759]
[0,2.532758620689655,0,0.4137931034482759]
[1,2.739655172413793,0,0.4137931034482759]
[5,2.946551724137931,0,0.4137931034482759]
[7,3.1534482758620688,0,0.4137931034482759]
[3,3.360344827586207,0,0.4137931034482759]
[8,3.670689655172414,0,0.4137931034482759]
[6,4.187931034482759,0,0.4137931034482759]
[7,4.394827586206897,0,0.4137931034482759]
[5,4.6017241379310345,0,0.4137931034482759]
[4,4.705172413793104,0,0.4137931034482759]
[3,4.808620689655172,0,0.4137931034482759]
[2,5.01551724137931,0,0.4137931034482759]
[0,5.843103448275862,0,0.4137931034482759]
[1,6.05,0,0.4137931034482759]
[5,6.256896551724138,0,0.4137931034482759]
[3,6.4637931034482765,0,0.4137931034482759]
[4,6.567241379310345,0,0.4137931034482759]
[8,6.774137931034483,0,0.4137931034482759]
[6,7.394827586206897,0,0.4137931034482759]
[7,7.498275862068966,0,0.4137931034482759]
[2,7.705172413793104,0,0.4137931034482759]
[3,7.912068965517242,0,0.4137931034482759]
[5,8.11896551724138,0,0.4137931034482759]
[4,8.222413793103449,0,0.4137931034482759]
[5,8.325862068965519,0,0.4137931034482759]
[0,9.15344827586207,0,0.4137931034482759]
[1,9.360344827586209,0,0.4137931034482759]
[8,9.567241379310346,0,0.4137931034482759]
[7,9.774137931034485,0,0.4137931034482759]
[3,9.981034482758622,0,0.4137931034482759]
[2,10.394827586206898,0,0.4137931034482759]
[6,10.808620689655173,0,0.4137931034482759]
[5,11.222413793103449,0,0.4137931034482759]
[4,11.429310344827588,0,0.4137931034482759]
[0,11.636206896551725,0,0.4137931034482759]
[1,11.739655172413794,0,0.4137931034482759]
[0,11.843103448275864,0,0.4137931034482759]
[1,11.946551724137933,0,0.4137931034482759]
[8,12.567241379310346,0,0.4137931034482759]
[7,12.670689655172415,0,0.4137931034482759]
[3,12.877586206896554,0,0.4137931034482759]
[2,13.084482758620691,0,0.4137931034482759]
[6,13.29137931034483,0,0.4137931034482759]
[5,13.912068965517243,0,0.4137931034482759]
[4,14.015517241379312,0,0.4137931034482759]
[0,14.118965517241381,0,0.4137931034482759]
[2,14.739655172413794,0,0.4137931034482759]
[7,14.946551724137933,0,0.4137931034482759]
[3,15.15344827586207,0,0.4137931034482759]
[4,15.360344827586209,0,0.4137931034482759]
[8,15.567241379310346,0,0.4137931034482759]
[7,15.670689655172415,0,0.4137931034482759]
[0,15.774137931034485,0,0.4137931034482759]
[5,15.981034482758622,0,0.4137931034482759]
[6,16.18793103448276,0,0.4137931034482759]
[1,16.394827586206898,0,0.4137931034482759]
[8,16.601724137931036,0,0.4137931034482759]
[3,17.22241379310345,0,0.4137931034482759]
[4,17.32586206896552,0,0.4137931034482759]
[2,17.429310344827588,0,0.4137931034482759]
[7,17.636206896551727,0,0.4137931034482759]
[0,17.843103448275865,0,0.4137931034482759]
[1,18.05,0,0.4137931034482759]
[8,18.25689655172414,0,0.4137931034482759]
[3,18.46379310344828,0,0.4137931034482759]
[4,18.670689655172417,0,0.4137931034482759]
[2,18.877586206896552,0,0.4137931034482759]
[1,18.981034482758623,0,0.4137931034482759]
[6,19.08448275862069,0,0.4137931034482759]
[8,19.29137931034483,0,0.4137931034482759]
[3,19.394827586206898,0,0.4137931034482759]
[2,19.705172413793104,0,0.4137931034482759]
[7,19.912068965517243,0,0.4137931034482759]
[0,20.11896551724138,0,0.4137931034482759]
[0,20.32586206896552,0,0.4137931034482759]
[5,20.532758620689656,0,0.4137931034482759]
[4,20.636206896551727,0,0.4137931034482759]
[6,20.739655172413794,0,0.4137931034482759]
[2,20.946551724137933,0,0.4137931034482759]
[1,21.05,0,0.4137931034482759]
[3,21.36034482758621,0,0.4137931034482759]
[8,21.567241379310346,0,0.4137931034482759]
[7,21.774137931034485,0,0.4137931034482759]
[0,21.981034482758623,0,0.4137931034482759]
[2,22.187931034482762,0,0.4137931034482759]
[1,22.29137931034483,0,0.4137931034482759]
[6,22.394827586206898,0,0.4137931034482759]
[5,22.601724137931036,0,0.4137931034482759]
[0,22.808620689655175,0,0.4137931034482759]
[7,23.015517241379314,0,0.4137931034482759]
[2,23.22241379310345,0,0.4137931034482759]
[1,23.429310344827588,0,0.4137931034482759]
[3,23.636206896551727,0,0.4137931034482759]
[5,23.843103448275865,0,0.4137931034482759]
[4,23.946551724137933,0,0.4137931034482759]
[6,24.05,0,0.4137931034482759]
[8,24.25689655172414,0,0.4137931034482759]
[7,24.36034482758621,0,0.4137931034482759]
[0,24.46379310344828,0,0.4137931034482759]
[1,24.670689655172417,0,0.4137931034482759]
[5,24.877586206896552,0,0.4137931034482759]
[4,25.29137931034483,0,0.4137931034482759]
[6,25.49827586206897,0,0.4137931034482759]
[8,25.705172413793107,0,0.4137931034482759]
[0,25.912068965517243,0,0.4137931034482759]
[5,26.11896551724138,0,0.4137931034482759]
[3,26.32586206896552,1,0.20689655172413798]
[2,26.53275862068966,0,0.4137931034482759]
[1,26.636206896551727,0,0.4137931034482759]
[2,26.739655172413794,0,0.4137931034482759]
[6,26.946551724137933,0,0.20689655172413796]
[7,27.05,0,0.20689655172413796]
[5,27.153448275862072,0,0.20689655172413796]
[3,27.36034482758621,0,0.20689655172413796]
[8,27.567241379310346,0,0.20689655172413796]
[4,27.670689655172417,0,0.20689655172413796]
[6,27.774137931034485,0,0.20689655172413796]
[5,27.981034482758623,0,0.20689655172413796]
[0,28.187931034482762,0,0.20689655172413796]
[1,28.29137931034483,0,0.4137931034482759]
[2,28.394827586206898,0,0.20689655172413796]
[3,28.601724137931036,0,0.20689655172413796]
[4,28.705172413793107,0,0.4137931034482759]
[8,29.015517241379314,0,0.20689655172413796]
[6,29.22241379310345,0,0.20689655172413796]
[7,29.32586206896552,0,0.4137931034482759]
[6,29.429310344827588,0,0.20689655172413796]
[5,29.636206896551727,0,0.20689655172413796]
[0,29.843103448275865,0,0.20689655172413796]
[1,29.946551724137933,0,0.20689655172413796]
[0,30.050000000000004,0,0.20689655172413796]
[5,30.25689655172414,0,0.20689655172413796]
[4,30.36034482758621,0,0.20689655172413796]
[6,30.46379310344828,0,0.20689655172413796]
[8,30.670689655172417,0,0.20689655172413796]
[3,30.877586206896556,0,0.20689655172413796]
[7,30.981034482758623,0,0.20689655172413796]
[5,31.08448275862069,0,0.20689655172413796]
[0,31.29137931034483,0,0.20689655172413796]
[2,31.49827586206897,0,0.4137931034482759]
[3,31.912068965517243,0,0.4137931034482759]
[8,32.32586206896551,0,0.4137931034482759]
[6,32.532758620689656,1,0.20689655172413798]
[1,32.73965517241379,0,0.4137931034482759]
[5,32.94655172413793,1,0.20689655172413796]
[3,33.15344827586207,0,0.20689655172413796]
[4,33.25689655172414,0,0.20689655172413796]
[3,33.360344827586204,0,0.20689655172413796]
[8,33.567241379310346,0,0.20689655172413796]
[7,33.67068965517241,0,0.20689655172413796]
[0,33.77413793103448,0,0.20689655172413796]
[1,33.87758620689655,0,0.20689655172413796]
[2,33.981034482758616,0,0.20689655172413796]
[3,34.18793103448276,0,0.20689655172413796]
[7,34.29137931034483,0,0.20689655172413796]
[5,34.394827586206894,0,0.20689655172413796]
[4,34.601724137931036,0,0.20689655172413796]
[6,34.80862068965517,0,0.20689655172413796]
[7,34.91206896551724,0,0.20689655172413796]
[8,35.01551724137931,0,0.20689655172413796]
[3,35.22241379310345,0,0.20689655172413796]
[4,35.32586206896551,0,0.20689655172413796]
[5,35.429310344827584,0,0.20689655172413796]
[4,35.532758620689656,0,0.20689655172413796]
[0,35.63620689655173,0,0.20689655172413796]
[2,35.84310344827586,0,0.20689655172413796]
[1,35.94655172413793,0,0.20689655172413796]
[2,36.05,0,0.20689655172413796]
[3,36.25689655172414,0,0.20689655172413796]
[5,36.463793103448275,0,0.20689655172413796]
[4,36.567241379310346,0,0.20689655172413796]
[5,36.67068965517241,0,0.20689655172413796]
[0,36.87758620689655,0,0.20689655172413796]
[1,36.98103448275862,0,0.20689655172413796]
[8,37.08448275862069,0,0.20689655172413796]
[7,37.18793103448276,0,0.20689655172413796]
[6,37.29137931034483,0,0.20689655172413796]
[2,37.498275862068965,0,0.20689655172413796]
[4,37.601724137931036,0,0.20689655172413796]
[0,37.7051724137931,0,0.20689655172413796]
[1,37.91206896551724,0,0.20689655172413796]
[8,38.11896551724138,0,0.20689655172413796]
[3,38.532758620689656,0,0.20689655172413796]
[2,38.73965517241379,0,0.20689655172413796]
[1,38.84310344827586,0,0.20689655172413796]
[2,38.94655172413793,0,0.20689655172413796]
[3,39.15344827586207,0,0.20689655172413796]
[4,39.25689655172414,0,0.20689655172413796]
[5,39.360344827586204,0,0.20689655172413796]
[6,39.567241379310346,1,0.20689655172413796]
[8,39.77413793103448,0,0.20689655172413796]
[7,39.87758620689655,0,0.20689655172413796]
[8,39.98103448275862,0,0.20689655172413796]
[3,40.18793103448276,0,0.20689655172413796]
[4,40.29137931034483,0,0.20689655172413796]
[2,40.394827586206894,0,0.20689655172413796]
[1,40.498275862068965,0,0.20689655172413796]
[0,40.601724137931036,0,0.20689655172413796]
[8,40.80862068965517,0,0.20689655172413796]
[4,40.91206896551724,0,0.20689655172413796]
[6,41.01551724137931,0,0.20689655172413796]
[5,41.22241379310345,0,0.20689655172413796]
[0,41.429310344827584,0,0.20689655172413796]
[1,41.532758620689656,0,0.20689655172413796]
[2,41.63620689655173,0,0.20689655172413796]
[3,41.84310344827586,0,0.20689655172413796]
[4,41.94655172413793,0,0.20689655172413796]
[5,42.05,0,0.20689655172413796]
[4,42.15344827586207,0,0.20689655172413796]
[6,42.25689655172414,0,0.20689655172413796]
[8,42.463793103448275,0,0.20689655172413796]
[7,42.567241379310346,0,0.20689655172413796]
[8,42.67068965517242,0,0.20689655172413796]
[3,42.87758620689655,0,0.20689655172413796]
[5,43.08448275862069,0,0.20689655172413796]
[4,43.18793103448276,0,0.20689655172413796]
[5,43.29137931034483,0,0.20689655172413796]
[0,43.498275862068965,0,0.20689655172413796]
[1,43.601724137931036,0,0.20689655172413796]
[8,43.7051724137931,0,0.20689655172413796]
[7,43.80862068965517,0,0.20689655172413796]
[6,43.91206896551724,0,0.20689655172413796]
[2,44.11896551724138,0,0.20689655172413796]
[4,44.22241379310345,0,0.20689655172413796]
[0,44.32586206896552,0,0.20689655172413796]
[1,44.532758620689656,0,0.20689655172413796]
[8,44.73965517241379,0,0.20689655172413796]
[3,45.15344827586207,0,0.20689655172413796]
[5,45.360344827586204,0,0.20689655172413796]
[4,45.463793103448275,0,0.20689655172413796]
[0,45.567241379310346,0,0.20689655172413796]
[1,45.77413793103448,0,0.20689655172413796]
[2,45.98103448275862,1,0.20689655172413796]
[7,46.18793103448276,1,0.20689655172413796]
[0,46.394827586206894,0,0.20689655172413796]
[1,46.498275862068965,0,0.20689655172413796]
[0,46.601724137931036,0,0.20689655172413796]
[5,46.80862068965517,0,0.20689655172413796]
[4,46.91206896551724,0,0.20689655172413796]
[6,47.015517241379314,0,0.20689655172413796]
[7,47.11896551724138,0,0.20689655172413796]
[8,47.22241379310345,0,0.20689655172413796]
[0,47.429310344827584,0,0.20689655172413796]
[4,47.532758620689656,0,0.20689655172413796]
[2,47.63620689655173,0,0.20689655172413796]
[1,47.84310344827586,0,0.20689655172413796]
[6,48.05,0,0.20689655172413796]
[7,48.15344827586207,0,0.20689655172413796]
[8,48.25689655172414,0,0.20689655172413796]
[3,48.463793103448275,0,0.20689655172413796]
[4,48.567241379310346,0,0.20689655172413796]
[5,48.67068965517242,0,0.20689655172413796]
[4,48.77413793103448,0,0.20689655172413796]
[0,48.87758620689655,0,0.20689655172413796]
[2,49.08448275862069,0,0.20689655172413796]
[1,49.18793103448276,0,0.20689655172413796]
[2,49.29137931034483,0,0.20689655172413796]
[3,49.498275862068965,0,0.20689655172413796]
[5,49.7051724137931,0,0.20689655172413796]
[4,49.80862068965517,0,0.20689655172413796]
[5,49.91206896551724,0,0.20689655172413796]
[6,50.11896551724138,0,0.20689655172413796]
[7,50.22241379310345,0,0.20689655172413796]
[2,50.32586206896552,0,0.20689655172413796]
[1,50.429310344827584,0,0.20689655172413796]
[0,50.532758620689656,0,0.20689655172413796]
[8,50.73965517241379,0,0.20689655172413796]
[4,50.84310344827586,0,0.20689655172413796]
[6,50.94655172413793,0,0.20689655172413796]
[7,51.15344827586207,0,0.20689655172413796]
[2,51.36034482758621,0,0.20689655172413796]
[3,51.77413793103448,0,0.20689655172413796]
[5,51.98103448275862,0,0.20689655172413796]
[4,52.08448275862069,0,0.20689655172413796]
[6,52.18793103448276,0,0.20689655172413796]
[7,52.394827586206894,0,0.20689655172413796]
[8,52.601724137931036,1,0.20689655172413796]
[0,52.80862068965517,1,0.20689655172413796]
[5,53.015517241379314,0,0.20689655172413796]
[6,53.22241379310345,0,0.20689655172413796]
[7,53.429310344827584,0,0.20689655172413796]
[2,53.63620689655173,0,0.20689655172413796]
[1,53.84310344827586,0,0.20689655172413796]
[1,54.05,0,0.20689655172413796]
[5,54.87758620689655,0,0.20689655172413796]
[4,55.08448275862069,0,0.20689655172413796]
[6,55.29137931034483,0,0.20689655172413796]
[7,55.498275862068965,0,0.20689655172413796]
[7,55.70517241379311,0,0.20689655172413796]
[8,55.91206896551724,0,0.20689655172413796]
[3,56.11896551724138,0,0.20689655172413796]
[5,56.32586206896552,1,0.20689655172413796]
[4,56.73965517241379,1,0.20689655172413796]
[3,57.15344827586207,1,0.20689655172413796]
[5,57.98103448275862,1,0.20689655172413796]
[4,58.394827586206894,1,0.20689655172413796]
[3,58.80862068965517,1,0.20689655172413796]
[8,59.22241379310345,0,0.20689655172413796]
[0,59.63620689655173,0,0.20689655172413796]
[2,59.84310344827586,0,0.20689655172413796]
[1,60.050000000000004,0,0.20689655172413796]
[6,60.25689655172414,0,0.20689655172413796]
[7,60.36034482758621,0,0.20689655172413796]
[5,60.463793103448275,0,0.20689655172413796]
[3,60.67068965517242,0,0.20689655172413796]
[8,61.29137931034483,0,0.20689655172413796]
[6,61.498275862068965,0,0.20689655172413796]
[7,61.70517241379311,0,0.20689655172413796]
[5,61.91206896551724,0,0.20689655172413796]
[4,62.015517241379314,0,0.20689655172413796]
[0,62.11896551724138,0,0.20689655172413796]
[1,62.32586206896552,0,0.20689655172413796]
[2,62.532758620689656,0,0.20689655172413796]
[1,62.73965517241379,0,0.20689655172413796]
[3,62.94655172413793,1,0.20689655172413796]
[4,63.36034482758621,1,0.20689655172413796]
[5,63.77413793103448,1,0.20689655172413796]
[3,64.60172413793103,0,0.20689655172413796]
[5,64.80862068965517,0,0.20689655172413796]
[4,64.91206896551724,0,0.20689655172413796]
[5,65.01551724137931,0,0.20689655172413796]
[4,65.11896551724138,0,0.20689655172413796]
[6,65.42931034482758,0,0.20689655172413796]
[2,65.84310344827587,0,0.20689655172413796]
[0,66.25689655172414,0,0.20689655172413796]
[1,66.3603448275862,0,0.20689655172413796]
[0,66.46379310344828,0,0.20689655172413796]
[5,66.67068965517241,0,0.20689655172413796]
[4,66.77413793103449,0,0.20689655172413796]
[6,66.87758620689655,0,0.20689655172413796]
[6,66.98103448275862,0,0.20689655172413796]
[8,67.0844827586207,0,0.20689655172413796]
[3,67.29137931034482,0,0.20689655172413796]
[7,67.3948275862069,0,0.20689655172413796]
[5,67.49827586206897,0,0.20689655172413796]
[4,67.70517241379311,0,0.20689655172413796]
[0,67.91206896551724,0,0.20689655172413796]
[1,68.01551724137931,0,0.20689655172413796]
[2,68.11896551724138,0,0.20689655172413796]
[2,68.22241379310346,0,0.20689655172413796]
[3,68.32586206896552,0,0.20689655172413796]
[4,68.42931034482758,0,0.20689655172413796]
[5,68.53275862068966,0,0.20689655172413796]
[5,68.63620689655173,0,0.20689655172413796]
[6,68.73965517241379,0,0.20689655172413796]
[8,68.94655172413793,0,0.20689655172413796]
[7,69.05,0,0.20689655172413796]
[0,69.15344827586208,0,0.20689655172413796]
[5,69.3603448275862,0,0.20689655172413796]
[6,69.56724137931035,0,0.20689655172413796]
[7,69.67068965517241,0,0.20689655172413796]
[6,69.77413793103449,0,0.20689655172413796]
[5,69.98103448275862,0,0.20689655172413796]
[4,70.0844827586207,0,0.20689655172413796]
[0,70.18793103448276,0,0.20689655172413796]
[0,70.29137931034482,0,0.20689655172413796]
[2,70.3948275862069,0,0.20689655172413796]
[3,70.60172413793103,0,0.20689655172413796]
[1,70.70517241379311,0,0.20689655172413796]
[5,70.80862068965517,0,0.20689655172413796]
[4,71.01551724137931,0,0.20689655172413796]
[6,71.22241379310346,0,0.20689655172413796]
[5,71.63620689655173,0,0.20689655172413796]
[3,71.84310344827587,0,0.20689655172413796]
[4,71.94655172413793,0,0.20689655172413796]
[2,72.05,0,0.20689655172413796]
[0,72.25689655172414,1,0.20689655172413796]
[8,72.46379310344828,0,0.20689655172413796]
[6,72.67068965517241,1,0.20689655172413796]
[2,72.87758620689655,0,0.20689655172413796]
[1,72.98103448275862,0,0.20689655172413796]
[2,73.0844827586207,0,0.20689655172413796]
[3,73.29137931034482,0,0.20689655172413796]
[4,73.3948275862069,0,0.20689655172413796]
[8,73.49827586206897,0,0.20689655172413796]
[8,73.60172413793103,0,0.20689655172413796]
[6,73.70517241379311,0,0.20689655172413796]
[5,73.91206896551725,0,0.20689655172413796]
[7,74.01551724137931,0,0.20689655172413796]
[3,74.11896551724138,0,0.20689655172413796]
[4,74.32586206896552,0,0.20689655172413796]
[2,74.53275862068966,0,0.20689655172413796]
[1,74.63620689655173,0,0.20689655172413796]
[0,74.73965517241379,0,0.20689655172413796]
[0,74.84310344827587,0,0.20689655172413796]
[5,74.94655172413793,0,0.20689655172413796]
[4,75.05,0,0.20689655172413796]
[3,75.15344827586208,0,0.20689655172413796]
[3,75.25689655172414,0,0.20689655172413796]
[8,75.3603448275862,0,0.20689655172413796]
[6,75.56724137931035,0,0.20689655172413796]
[7,75.67068965517241,0,0.20689655172413796]
[2,75.77413793103449,0,0.20689655172413796]
[3,75.98103448275862,0,0.20689655172413796]
[8,76.18793103448276,0,0.20689655172413796]
[7,76.29137931034482,0,0.20689655172413796]
[8,76.3948275862069,0,0.20689655172413796]
[3,76.60172413793104,0,0.20689655172413796]
[4,76.70517241379311,0,0.20689655172413796]
[2,76.80862068965517,0,0.20689655172413796]
[2,76.91206896551725,0,0.20689655172413796]
[0,77.01551724137931,0,0.20689655172413796]
[5,77.22241379310346,0,0.20689655172413796]
[1,77.32586206896552,0,0.20689655172413796]
[3,77.42931034482758,0,0.20689655172413796]
[4,77.63620689655173,0,0.20689655172413796]
[8,77.84310344827587,0,0.20689655172413796]
[6,78.05,0,0.20689655172413796]
[6,78.15344827586208,0,0.20689655172413796]
[5,78.25689655172414,0,0.20689655172413796]
[3,78.46379310344828,0,0.20689655172413796]
[3,78.56724137931035,0,0.20689655172413796]
[2,78.67068965517241,0,0.20689655172413796]
[0,78.87758620689655,0,0.20689655172413796]
[1,79.0844827586207,0,0.20689655172413796]
[2,79.29137931034482,1,0.20689655172413796]
[6,79.49827586206897,0,0.20689655172413796]
[7,79.60172413793104,0,0.20689655172413796]
[6,79.70517241379311,0,0.20689655172413796]
[5,79.91206896551725,0,0.20689655172413796]
[4,80.01551724137931,0,0.20689655172413796]
[0,80.11896551724138,0,0.20689655172413796]
[1,80.22241379310346,0,0.20689655172413796]
[2,80.32586206896552,0,0.20689655172413796]
[6,80.53275862068966,0,0.20689655172413796]
[4,80.63620689655173,0,0.20689655172413796]
[8,80.73965517241379,0,0.20689655172413796]
[7,80.94655172413793,0,0.20689655172413796]
[0,81.15344827586208,0,0.20689655172413796]
[1,81.25689655172414,0,0.20689655172413796]
[2,81.3603448275862,0,0.20689655172413796]
[3,81.56724137931035,0,0.20689655172413796]
[4,81.67068965517241,0,0.20689655172413796]
[5,81.77413793103449,0,0.20689655172413796]
[4,81.87758620689655,0,0.20689655172413796]
[6,81.98103448275862,0,0.20689655172413796]
[8,82.18793103448276,0,0.20689655172413796]
[7,82.29137931034482,0,0.20689655172413796]
[8,82.3948275862069,0,0.20689655172413796]
[3,82.60172413793104,0,0.20689655172413796]
[5,82.80862068965517,0,0.20689655172413796]
[4,82.91206896551725,0,0.20689655172413796]
[5,83.01551724137931,0,0.20689655172413796]
[0,83.22241379310346,0,0.20689655172413796]
[1,83.32586206896552,0,0.20689655172413796]
[8,83.42931034482758,0,0.20689655172413796]
[7,83.53275862068966,0,0.20689655172413796]
[6,83.63620689655173,0,0.20689655172413796]
[2,83.84310344827587,0,0.20689655172413796]
[4,83.94655172413793,0,0.20689655172413796]
[0,84.05,0,0.20689655172413796]
[1,84.25689655172414,0,0.20689655172413796]
[8,84.46379310344828,0,0.20689655172413796]
[7,84.56724137931035,0,0.20689655172413796]
[3,84.87758620689655,0,0.20689655172413796]
[4,84.98103448275862,0,0.20689655172413796]
[5,85.0844827586207,0,0.20689655172413796]
[6,85.29137931034484,0,0.20689655172413796]
[2,85.49827586206897,1,0.20689655172413796]
[4,85.70517241379311,1,0.20689655172413796]
[0,85.91206896551725,1,0.20689655172413796]
[8,86.11896551724138,0,0.20689655172413796]
[7,86.22241379310346,0,0.20689655172413796]
[8,86.32586206896552,0,0.20689655172413796]
[3,86.53275862068966,0,0.20689655172413796]
[4,86.63620689655173,0,0.20689655172413796]
[2,86.73965517241379,0,0.20689655172413796]
[1,86.84310344827587,0,0.20689655172413796]
[0,86.94655172413793,0,0.20689655172413796]
[8,87.15344827586208,0,0.20689655172413796]
[4,87.25689655172414,0,0.20689655172413796]
[6,87.3603448275862,0,0.20689655172413796]
[7,87.56724137931035,0,0.20689655172413796]
[2,87.77413793103449,0,0.20689655172413796]
[1,87.87758620689655,0,0.20689655172413796]
[0,87.98103448275862,0,0.20689655172413796]
[5,88.18793103448276,0,0.20689655172413796]
[4,88.29137931034484,0,0.20689655172413796]
[3,88.3948275862069,0,0.20689655172413796]
[4,88.49827586206897,0,0.20689655172413796]
[8,88.60172413793104,0,0.20689655172413796]
[6,88.80862068965517,0,0.20689655172413796]
[7,88.91206896551725,0,0.20689655172413796]
[6,89.01551724137931,0,0.20689655172413796]
[5,89.22241379310346,0,0.20689655172413796]
[3,89.42931034482758,0,0.20689655172413796]
[4,89.53275862068966,0,0.20689655172413796]
[3,89.63620689655173,0,0.20689655172413796]
[8,89.84310344827587,0,0.20689655172413796]
[7,89.94655172413793,0,0.20689655172413796]
[0,90.05,0,0.20689655172413796]
[1,90.15344827586208,0,0.20689655172413796]
[2,90.25689655172414,0,0.20689655172413796]
[6,90.46379310344828,0,0.20689655172413796]
[4,90.56724137931035,0,0.20689655172413796]
[8,90.67068965517241,0,0.20689655172413796]
[3,90.87758620689655,1,0.20689655172413796]
[2,91.0844827586207,0,0.20689655172413796]
[7,91.49827586206897,0,0.20689655172413796]
[0,91.70517241379311,0,0.20689655172413796]
[5,91.91206896551725,1,0.4137931034482759]
[4,92.32586206896552,0,0.20689655172413796]
[3,92.53275862068966,1,0.20689655172413796]
[8,92.73965517241379,0,0.20689655172413796]
[7,92.84310344827587,0,0.20689655172413796]
[6,92.94655172413793,0,0.20689655172413796]
[7,93.05,0,0.20689655172413796]
[2,93.15344827586208,1,0.6206896551724139]
[0,93.77413793103449,1,0.4137931034482759]
[5,94.18793103448276,0,0.20689655172413796]
[3,94.3948275862069,1,0.4137931034482759]
[8,95.22241379310346,0,0.20689655172413796]
[7,95.63620689655173,1,0.4137931034482759]
[0,96.87758620689655,0,0.20689655172413796]
[1,97.0844827586207,0,0.20689655172413796]
[5,97.29137931034484,0,0.20689655172413796]
[4,97.49827586206897,0,0.20689655172413796]
[3,97.70517241379311,1,0.6206896551724139]
[8,98.32586206896552,0,0.20689655172413796]
[6,98.53275862068966,1,0.4137931034482759]
[7,98.94655172413793,1,0.4137931034482759]
[2,99.3603448275862,0,0.20689655172413796]
[1,99.77413793103449,0,0.20689655172413796]
[3,99.98103448275863,0,0.20689655172413796]
[4,100.0844827586207,0,0.20689655172413796]
[8,100.18793103448276,0,0.20689655172413796]
[6,100.3948275862069,0,0.20689655172413796]
[7,100.60172413793104,0,0.20689655172413796]
[5,100.80862068965517,0,0.20689655172413796]
[0,101.01551724137931,0,0.20689655172413796]
[1,101.42931034482758,0,0.20689655172413796]
[8,101.63620689655173,0,0.20689655172413796]
[7,101.73965517241379,0,0.20689655172413796]
[3,101.84310344827587,0,0.20689655172413796]
[2,102.05,0,0.20689655172413796]
[6,102.25689655172414,1,0.4137931034482759]
[5,102.67068965517242,0,0.20689655172413796]
[4,103.0844827586207,0,0.20689655172413796]
[0,103.29137931034484,0,0.20689655172413796]
[1,103.3948275862069,0,0.20689655172413796]
[8,103.49827586206897,0,0.20689655172413796]
[3,103.70517241379311,0,0.20689655172413796]
[7,103.91206896551725,0,0.20689655172413796]
[5,104.11896551724138,0,0.20689655172413796]
[6,104.32586206896552,0,0.20689655172413796]
[1,104.63620689655173,0,0.20689655172413796]
[8,104.94655172413793,0,0.20689655172413796]
[3,105.15344827586208,0,0.20689655172413796]
[4,105.25689655172414,0,0.20689655172413796]
[5,105.3603448275862,0,0.20689655172413796]
[0,105.56724137931035,0,0.20689655172413796]
[7,105.77413793103449,1,0.20689655172413796]
[2,105.98103448275863,0,0.20689655172413796]
[1,106.0844827586207,0,0.20689655172413796]
[2,106.18793103448276,0,0.20689655172413796]
[3,106.3948275862069,0,0.20689655172413796]
[4,106.49827586206897,0,0.20689655172413796]
[8,106.60172413793104,0,0.20689655172413796]
[7,106.70517241379311,0,0.20689655172413796]
[6,106.80862068965517,0,0.20689655172413796]
[0,107.01551724137931,0,0.20689655172413796]
[4,107.11896551724138,0,0.20689655172413796]
[2,107.22241379310346,0,0.20689655172413796]
[3,107.42931034482758,0,0.20689655172413796]
[8,107.63620689655173,0,0.20689655172413796]
[7,107.73965517241379,0,0.20689655172413796]
[6,107.84310344827587,0,0.20689655172413796]
[5,108.05,0,0.20689655172413796]
[4,108.15344827586208,0,0.20689655172413796]
[3,108.25689655172414,0,0.20689655172413796]
[4,108.36034482758622,0,0.20689655172413796]
[2,108.46379310344828,0,0.20689655172413796]
[0,108.67068965517242,0,0.20689655172413796]
[1,108.77413793103449,0,0.20689655172413796]
[0,108.87758620689655,0,0.20689655172413796]
[5,109.0844827586207,0,0.20689655172413796]
[3,109.29137931034484,0,0.20689655172413796]
[4,109.3948275862069,0,0.20689655172413796]
[3,109.49827586206897,0,0.20689655172413796]
[8,109.70517241379311,0,0.20689655172413796]
[7,109.80862068965517,0,0.20689655172413796]
[0,109.91206896551725,0,0.20689655172413796]
[1,110.01551724137931,0,0.20689655172413796]
[2,110.11896551724138,0,0.20689655172413796]
[6,110.32586206896552,0,0.20689655172413796]
[4,110.42931034482758,0,0.20689655172413796]
[8,110.53275862068966,0,0.20689655172413796]
[3,110.73965517241379,0,0.20689655172413796]
[2,110.94655172413793,0,0.20689655172413796]
[7,111.36034482758622,0,0.20689655172413796]
[0,111.56724137931035,0,0.20689655172413796]
[1,111.67068965517242,0,0.20689655172413796]
[5,111.77413793103449,0,0.20689655172413796]
[3,111.98103448275863,0,0.20689655172413796]
[3,112.0844827586207,0,0.20689655172413796]
[4,112.18793103448276,0,0.20689655172413796]
[2,112.3948275862069,0,0.20689655172413796]
[6,112.60172413793104,0,0.20689655172413796]
[7,112.70517241379311,0,0.20689655172413796]
[6,112.80862068965517,0,0.20689655172413796]
[5,113.01551724137931,0,0.20689655172413796]
[4,113.11896551724138,0,0.20689655172413796]
[0,113.22241379310346,0,0.20689655172413796]
[1,113.32586206896552,0,0.20689655172413796]
[2,113.42931034482758,0,0.20689655172413796]
[6,113.63620689655173,0,0.20689655172413796]
[4,113.73965517241379,0,0.20689655172413796]
[8,113.84310344827587,0,0.20689655172413796]
[3,114.05,0,0.20689655172413796]
[2,114.25689655172414,0,0.20689655172413796]
[1,114.36034482758622,0,0.20689655172413796]
[0,114.46379310344828,0,0.20689655172413796]
[5,114.67068965517242,0,0.20689655172413796]
[4,114.77413793103449,0,0.20689655172413796]
[3,114.87758620689655,0,0.20689655172413796]
[4,114.98103448275863,0,0.20689655172413796]
[8,115.0844827586207,0,0.20689655172413796]
[6,115.29137931034484,0,0.20689655172413796]
[7,115.3948275862069,0,0.20689655172413796]
[6,115.49827586206897,0,0.20689655172413796]
[5,115.70517241379311,0,0.20689655172413796]
[3,115.91206896551725,0,0.20689655172413796]
[4,116.01551724137931,0,0.20689655172413796]
[3,116.11896551724138,0,0.20689655172413796]
[2,116.32586206896552,0,0.20689655172413796]
[1,116.42931034482758,0,0.20689655172413796]
[6,116.53275862068966,0,0.20689655172413796]
[7,116.63620689655173,0,0.20689655172413796]
[8,116.73965517241379,0,0.20689655172413796]
[0,116.94655172413793,0,0.20689655172413796]
[4,117.05000000000001,0,0.20689655172413796]
[2,117.15344827586208,0,0.20689655172413796]
[3,117.36034482758622,0,0.20689655172413796]
[8,117.56724137931035,0,0.20689655172413796]
[7,117.67068965517242,0,0.20689655172413796]
[8,117.77413793103449,0,0.20689655172413796]
[0,117.98103448275863,0,0.20689655172413796]
[1,118.0844827586207,0,0.20689655172413796]
[0,118.18793103448276,0,0.20689655172413796]
[5,118.3948275862069,1,0.4137931034482759]
[3,118.80862068965517,0,0.20689655172413796]
[4,119.01551724137931,1,0.20689655172413796]
[2,119.22241379310346,0,0.20689655172413796]
[0,119.63620689655173,0,0.20689655172413796]
[8,119.84310344827587,0,0.20689655172413796]
[7,119.94655172413793,0,0.20689655172413796]
[3,120.05000000000001,0,0.20689655172413796]
[5,120.25689655172414,0,0.20689655172413796]
[4,120.36034482758622,0,0.20689655172413796]
[6,120.67068965517242,1,0.20689655172413796]
[8,120.87758620689655,0,0.20689655172413796]
[7,121.29137931034484,0,0.20689655172413796]
[0,121.49827586206897,0,0.20689655172413796]
[1,121.60172413793104,0,0.20689655172413796]
[5,121.70517241379311,0,0.20689655172413796]
[3,121.91206896551725,0,0.20689655172413796]
[4,122.01551724137931,0,0.20689655172413796]
[3,122.11896551724138,0,0.20689655172413796]
[2,122.32586206896552,1,0.20689655172413796]
[6,122.53275862068966,0,0.20689655172413796]
[7,122.94655172413793,0,0.20689655172413796]
[2,123.15344827586208,0,0.20689655172413796]
[1,123.25689655172414,0,0.20689655172413796]
[3,123.36034482758622,0,0.20689655172413796]
[5,123.56724137931035,0,0.20689655172413796]
[4,123.67068965517242,0,0.20689655172413796]
[0,123.98103448275863,1,0.20689655172413796]
[8,124.18793103448276,0,0.20689655172413796]
[3,124.60172413793104,0,0.20689655172413796]
[5,124.80862068965517,0,0.20689655172413796]
[4,124.91206896551725,0,0.20689655172413796]
[0,125.01551724137931,0,0.20689655172413796]
[2,125.22241379310346,0,0.20689655172413796]
[2,125.32586206896552,0,0.20689655172413796]
[1,125.42931034482758,0,0.20689655172413796]
[3,125.63620689655173,1,0.20689655172413796]
[8,125.84310344827587,0,0.20689655172413796]
[7,126.25689655172414,0,0.20689655172413796]
[0,126.46379310344828,0,0.20689655172413796]
[1,126.56724137931035,0,0.20689655172413796]
[5,126.67068965517242,0,0.20689655172413796]
[3,126.87758620689655,0,0.20689655172413796]
[4,126.98103448275863,0,0.20689655172413796]
[2,127.29137931034484,1,0.20689655172413796]
[6,127.49827586206897,0,0.20689655172413796]
[7,127.91206896551725,0,0.20689655172413796]
[5,128.1189655172414,0,0.20689655172413796]
[4,128.22241379310347,0,0.20689655172413796]
[0,128.32586206896553,0,0.20689655172413796]
[8,128.53275862068966,0,0.20689655172413796]
[7,128.63620689655176,0,0.20689655172413796]
[8,128.73965517241382,0,0.20689655172413796]
[3,128.94655172413795,1,0.20689655172413796]
[2,129.15344827586208,0,0.20689655172413796]
[6,129.36034482758623,0,0.20689655172413796]
[7,129.56724137931036,0,0.20689655172413796]
[5,129.7741379310345,0,0.20689655172413796]
[4,129.87758620689658,0,0.20689655172413796]
[0,129.98103448275864,0,0.20689655172413796]
[2,130.18793103448277,0,0.20689655172413796]
[1,130.29137931034484,0,0.20689655172413796]
[3,130.60172413793106,1,0.20689655172413796]
[8,130.80862068965519,0,0.20689655172413796]
[6,131.01551724137934,0,0.20689655172413796]
[7,131.1189655172414,0,0.20689655172413796]
[8,131.22241379310347,0,0.20689655172413796]
[2,131.4293103448276,0,0.20689655172413796]
[1,131.53275862068966,0,0.20689655172413796]
[3,131.63620689655176,0,0.20689655172413796]
[5,132.05,0,0.20689655172413796]
[4,132.25689655172417,0,0.20689655172413796]