[8,0,0,0.6896551724137931]
[6,0.5172413793103449,0,0.6896551724137931]
[3,0.8620689655172414,0,0.6896551724137931]
[4,1.206896551724138,0,0.6896551724137931]
[1,1.5517241379310345,0,0.6896551724137931]
[0,1.896551724137931,0,0.6896551724137931]
[0,2.0689655172413794,0,0.6896551724137931]
[2,2.413793103448276,0,0.6896551724137931]
[8,2.7586206896551726,0,0.6896551724137931]
[6,3.2758620689655173,0,0.6896551724137931]
[3,3.620689655172414,0,0.6896551724137931]
[4,3.9655172413793105,0,0.6896551724137931]
[1,4.310344827586207,0,0.6896551724137931]
[0,4.655172413793103,0,0.6896551724137931]
[0,4.827586206896552,0,0.6896551724137931]
[2,5.172413793103448,0,0.6896551724137931]
[8,5.517241379310345,0,0.6896551724137931]
[6,6.03448275862069,0,0.6896551724137931]
[3,6.379310344827586,0,0.6896551724137931]
[4,6.724137931034483,0,0.6896551724137931]
[1,7.06896551724138,0,0.6896551724137931]
[0,7.413793103448276,0,0.6896551724137931]
[0,7.586206896551724,0,0.6896551724137931]
[2,7.931034482758621,0,0.6896551724137931]
[8,8.275862068965518,0,0.6896551724137931]
[6,8.793103448275863,0,0.6896551724137931]
[3,9.13793103448276,0,0.6896551724137931]
[4,9.482758620689655,0,0.6896551724137931]
[4,11.03448275862069,0,0.6896551724137931]
[8,11.379310344827587,0,0.6896551724137931]
[7,11.465517241379311,0,0.6896551724137931]
[6,11.551724137931036,0,0.6896551724137931]
[5,11.724137931034484,0,0.6896551724137931]
[3,11.89655172413793,0,0.6896551724137931]
[2,12.241379310344827,0,0.6896551724137931]
[0,12.586206896551724,0,0.6896551724137931]
[1,12.758620689655173,0,0.6896551724137931]
[4,12.931034482758621,0,0.6896551724137931]
[3,13.10344827586207,0,0.6896551724137931]
[2,13.448275862068966,0,0.6896551724137931]
[4,13.793103448275863,0,0.6896551724137931]
[8,14.13793103448276,0,0.6896551724137931]
[7,14.224137931034484,0,0.6896551724137931]
[6,14.310344827586208,0,0.6896551724137931]
[5,14.482758620689657,0,0.6896551724137931]
[3,14.655172413793103,0,0.6896551724137931]
[2,15,0,0.6896551724137931]
[0,15.344827586206897,0,0.6896551724137931]
[1,15.517241379310345,0,0.6896551724137931]
[4,15.689655172413794,0,0.6896551724137931]
[3,15.862068965517242,0,0.6896551724137931]
[2,16.20689655172414,0,0.6896551724137931]
[1,16.551724137931036,0,0.6896551724137931]
[8,16.896551724137932,0,0.6896551724137931]
[7,16.98275862068966,0,0.6896551724137931]
[6,17.06896551724138,0,0.6896551724137931]
[5,17.24137931034483,0,0.6896551724137931]
[3,17.413793103448278,0,0.6896551724137931]
[2,17.758620689655174,0,0.6896551724137931]
[0,18.10344827586207,0,0.6896551724137931]
[1,18.275862068965516,0,0.6896551724137931]
[4,18.448275862068968,0,0.6896551724137931]
[3,18.620689655172413,0,0.6896551724137931]
[2,18.96551724137931,0,0.6896551724137931]
[1,19.310344827586206,0,0.6896551724137931]
[8,19.655172413793103,0,0.6896551724137931]
[7,19.74137931034483,0,0.6896551724137931]
[6,19.82758620689655,0,0.6896551724137931]
[5,20,0,0.6896551724137931]
[3,20.17241379310345,0,0.6896551724137931]
[2,20.517241379310345,0,0.6896551724137931]
[0,20.862068965517242,0,0.6896551724137931]
[1,21.03448275862069,0,0.6896551724137931]
[4,21.20689655172414,0,0.6896551724137931]
[3,21.379310344827587,0,0.6896551724137931]
[3,21.551724137931036,0,0.6896551724137931]
[5,21.724137931034484,0,0.6896551724137931]
[5,21.896551724137932,0,0.6896551724137931]
[1,22.06896551724138,0,0.6896551724137931]
[8,22.413793103448278,0,0.6896551724137931]
[7,22.5,0,0.6896551724137931]
[6,22.586206896551726,0,0.6896551724137931]
[5,22.758620689655174,0,0.6896551724137931]
[3,22.931034482758623,0,0.6896551724137931]
[2,23.27586206896552,0,0.6896551724137931]
[0,23.620689655172413,0,0.6896551724137931]
[1,23.79310344827586,0,0.6896551724137931]
[4,23.96551724137931,0,0.6896551724137931]
[3,24.137931034482758,0,0.6896551724137931]
[2,24.482758620689655,0,0.6896551724137931]
[1,24.827586206896555,0,0.6896551724137931]
[8,25.172413793103452,0,0.6896551724137931]
[7,25.258620689655174,0,0.6896551724137931]
[6,25.3448275862069,0,0.6896551724137931]
[5,25.51724137931035,0,0.6896551724137931]
[3,25.689655172413797,0,0.6896551724137931]
[2,26.034482758620694,0,0.6896551724137931]
[0,26.379310344827587,0,0.6896551724137931]
[1,26.551724137931036,0,0.6896551724137931]
[4,26.724137931034484,0,0.6896551724137931]
[3,26.896551724137932,0,0.6896551724137931]
[2,27.24137931034483,0,0.6896551724137931]
[1,27.586206896551726,0,0.6896551724137931]
[8,27.931034482758623,0,0.6896551724137931]
[7,28.017241379310345,0,0.6896551724137931]
[6,28.10344827586207,0,0.6896551724137931]
[5,28.27586206896552,0,0.6896551724137931]
[3,28.448275862068968,0,0.6896551724137931]
[2,28.793103448275865,0,0.6896551724137931]
[0,29.137931034482758,0,0.6896551724137931]
[1,29.310344827586206,0,0.6896551724137931]
[4,29.482758620689655,0,0.6896551724137931]
[3,29.655172413793103,0,0.6896551724137931]
[2,30,0,0.6896551724137931]
[1,30.3448275862069,0,0.6896551724137931]
[8,30.689655172413797,0,0.6896551724137931]
[7,30.77586206896552,0,0.6896551724137931]
[6,30.862068965517246,0,0.6896551724137931]
[5,31.034482758620694,0,0.6896551724137931]
[3,31.206896551724142,0,0.6896551724137931]
[2,31.55172413793104,0,0.6896551724137931]
[0,31.896551724137932,0,0.6896551724137931]
[1,32.06896551724138,0,0.6896551724137931]
[4,32.241379310344826,0,0.6896551724137931]
[3,32.41379310344828,0,0.6896551724137931]
[3,32.58620689655172,0,0.6896551724137931]
[5,32.758620689655174,0,0.6896551724137931]
[5,32.93103448275862,0,0.6896551724137931]
[1,33.10344827586207,0,0.6896551724137931]
[6,33.44827586206897,0,0.6896551724137931]
[7,33.62068965517241,0,0.6896551724137931]
[8,33.793103448275865,0,0.6896551724137931]
[5,33.96551724137931,0,0.6896551724137931]
[4,34.13793103448276,0,0.6896551724137931]
[3,34.310344827586206,0,0.6896551724137931]
[4,34.6551724137931,0,0.6896551724137931]
[3,34.827586206896555,0,0.6896551724137931]
[7,35.17241379310345,0,0.6896551724137931]
[6,35.3448275862069,0,0.6896551724137931]
[3,35.689655172413794,0,0.6896551724137931]
[4,35.775862068965516,0,0.6896551724137931]
[5,35.862068965517246,0,0.6896551724137931]
[7,36.03448275862069,0,0.6896551724137931]
[6,36.20689655172414,0,0.6896551724137931]
[2,36.55172413793104,0,0.6896551724137931]
[0,36.724137931034484,0,0.6896551724137931]
[1,36.89655172413793,0,0.6896551724137931]
[8,37.24137931034483,0,0.6896551724137931]
[3,37.4712643678161,0,0.6896551724137931]
[4,37.58620689655173,0,0.6896551724137931]
[5,37.70114942528736,0,0.6896551724137931]
[3,37.816091954022994,0,0.6896551724137931]
[8,37.931034482758626,0,0.6896551724137931]
[0,38.27586206896552,0,0.6896551724137931]
[6,38.62068965517242,0,0.6896551724137931]
[5,38.96551724137931,0,0.6896551724137931]
[4,39.05172413793104,0,0.6896551724137931]
[3,39.13793103448276,0,0.6896551724137931]
[2,39.310344827586206,0,0.6896551724137931]
[0,39.48275862068966,0,0.6896551724137931]
[2,39.827586206896555,0,0.6896551724137931]
[0,40.17241379310345,0,0.6896551724137931]
[1,40.3448275862069,0,0.6896551724137931]
[4,40.51724137931035,0,0.6896551724137931]
[3,40.689655172413794,0,0.6896551724137931]
[2,41.03448275862069,0,0.6896551724137931]
[6,41.37931034482759,0,0.6896551724137931]
[5,41.724137931034484,0,0.6896551724137931]
[4,41.810344827586206,0,0.6896551724137931]
[3,41.89655172413793,0,0.6896551724137931]
[2,42.06896551724138,0,0.6896551724137931]
[0,42.241379310344826,0,0.6896551724137931]
[2,42.58620689655172,0,0.6896551724137931]
[0,42.93103448275862,0,0.6896551724137931]
[1,43.10344827586207,0,0.6896551724137931]
[4,43.275862068965516,0,0.6896551724137931]
[3,43.44827586206897,0,0.6896551724137931]
[3,43.62068965517241,0,0.6896551724137931]
[5,43.793103448275865,0,0.6896551724137931]
[5,43.96551724137931,0,0.6896551724137931]
[1,44.13793103448276,0,0.6896551724137931]
[8,44.310344827586206,0,0.6896551724137931]
[7,44.396551724137936,0,0.6896551724137931]
[6,44.48275862068966,0,0.6896551724137931]
[7,44.56896551724138,0,0.6896551724137931]
[3,44.741379310344826,0,0.6896551724137931]
[4,44.827586206896555,0,0.6896551724137931]
[2,45.17241379310345,0,0.6896551724137931]
[0,45.3448275862069,0,0.6896551724137931]
[8,45.51724137931035,0,0.6896551724137931]
[3,45.775862068965516,0,0.6896551724137931]
[4,45.862068965517246,0,0.6896551724137931]
[6,46.03448275862069,0,0.6896551724137931]
[8,46.293103448275865,0,0.6896551724137931]
[3,46.55172413793104,0,0.6896551724137931]
[4,46.63793103448276,0,0.6896551724137931]
[5,46.724137931034484,0,0.6896551724137931]
[6,46.896551724137936,0,0.6896551724137931]
[5,47.241379310344826,0,0.6896551724137931]
[4,47.327586206896555,0,0.6896551724137931]
[3,47.41379310344828,0,0.6896551724137931]
[2,47.58620689655172,0,0.6896551724137931]
[0,47.758620689655174,0,0.6896551724137931]
[8,48.10344827586207,0,0.6896551724137931]
[0,48.44827586206897,0,0.6896551724137931]
[1,48.62068965517241,0,0.6896551724137931]
[4,48.793103448275865,0,0.6896551724137931]
[3,48.96551724137931,0,0.6896551724137931]
[2,49.310344827586206,0,0.6896551724137931]
[6,49.6551724137931,0,0.6896551724137931]
[5,50,0,0.6896551724137931]
[4,50.08620689655172,0,0.6896551724137931]
[3,50.17241379310345,0,0.6896551724137931]
[8,50.3448275862069,0,0.6896551724137931]
[7,50.51724137931035,0,0.6896551724137931]
[2,50.862068965517246,0,0.6896551724137931]
[0,51.20689655172414,0,0.6896551724137931]
[1,51.37931034482759,0,0.6896551724137931]
[4,51.55172413793104,0,0.6896551724137931]
[3,51.724137931034484,0,0.6896551724137931]
[2,52.06896551724138,0,0.6896551724137931]
[6,52.41379310344828,0,0.6896551724137931]
[5,52.758620689655174,0,0.6896551724137931]
[4,52.8448275862069,0,0.6896551724137931]
[3,52.93103448275862,0,0.6896551724137931]
[2,53.10344827586207,0,0.6896551724137931]
[0,53.275862068965516,0,0.6896551724137931]
[8,53.62068965517241,0,0.6896551724137931]
[0,53.96551724137931,0,0.6896551724137931]
[1,54.13793103448276,0,0.6896551724137931]
[4,54.310344827586206,0,0.6896551724137931]
[3,54.48275862068966,0,0.6896551724137931]
[5,54.6551724137931,0,0.6896551724137931]
[3,54.827586206896555,0,0.6896551724137931]
[5,55,0,0.6896551724137931]
[1,55.17241379310345,1,2.7586206896551726]
[6,58.62068965517241,0,3.4482758620689657]
[8,58.96551724137931,0,3.4482758620689657]
[5,60,0,3.4482758620689657]
[4,60.17241379310345,0,3.4482758620689657]
[0,60.51724137931035,0,3.4482758620689657]
[6,60.862068965517246,0,3.4482758620689657]
[7,61.03448275862069,0,3.4482758620689657]
[2,62.758620689655174,0,3.4482758620689657]
[1,62.93103448275862,0,3.4482758620689657]
[6,63.275862068965516,0,3.4482758620689657]
[5,63.53448275862069,0,0.6896551724137931]
[4,63.793103448275865,0,3.4482758620689657]
[8,66.20689655172414,0,3.4482758620689657]
[3,66.89655172413794,0,3.4482758620689657]
[4,66.98275862068965,0,3.4482758620689657]
[5,67.06896551724138,0,3.4482758620689657]
[0,67.15517241379311,0,3.4482758620689657]
[1,67.24137931034483,0,3.4482758620689657]
[8,67.93103448275862,0,3.4482758620689657]
[2,68.10344827586206,0,3.4482758620689657]
[3,69.13793103448276,0,3.4482758620689657]
[4,69.3103448275862,0,3.4482758620689657]
[8,69.48275862068965,0,3.4482758620689657]
[7,69.65517241379311,0,3.4482758620689657]
[3,69.82758620689656,0,3.4482758620689657]
[4,70,0,3.4482758620689657]
[2,70.17241379310344,0,3.4482758620689657]
[1,70.3448275862069,0,3.4482758620689657]
[5,70.51724137931035,0,3.4482758620689657]
[6,71.55172413793103,0,3.4482758620689657]
[7,71.63793103448276,0,3.4482758620689657]
[8,71.72413793103449,0,3.4482758620689657]
[0,72.06896551724138,0,5.862068965517242]
[5,72.29885057471265,0,5.862068965517242]
[3,72.52873563218391,0,5.862068965517242]
[2,72.75862068965517,0,5.862068965517242]
[6,74.48275862068965,0,3.4482758620689657]
[2,74.71264367816093,0,5.862068965517242]
[3,74.9425287356322,0,5.862068965517242]
[5,75.17241379310346,0,5.862068965517242]
[0,75.40229885057472,0,5.862068965517242]
[2,76.20689655172414,1,1.0344827586206897]
[0,77.24137931034483,0,1.0344827586206897]
[3,77.58620689655173,0,1.0344827586206897]
[4,77.67241379310344,0,1.0344827586206897]
[5,77.75862068965517,0,1.0344827586206897]
[0,77.93103448275862,0,1.0344827586206897]
[2,78.10344827586208,0,1.0344827586206897]
[6,78.44827586206897,0,1.0344827586206897]
[5,78.79310344827586,0,1.0344827586206897]
[4,78.96551724137932,0,1.0344827586206897]
[7,79.13793103448276,0,1.0344827586206897]
[8,79.3103448275862,0,1.0344827586206897]
[2,79.65517241379311,0,1.0344827586206897]
[0,80,0,1.0344827586206897]
[3,80.3448275862069,0,1.0344827586206897]
[4,80.43103448275862,0,1.0344827586206897]
[5,80.51724137931035,0,1.0344827586206897]
[0,80.6896551724138,0,1.0344827586206897]
[2,80.86206896551725,0,1.0344827586206897]
[6,81.20689655172414,0,1.0344827586206897]
[5,81.55172413793103,0,1.0344827586206897]
[4,81.72413793103449,0,1.0344827586206897]
[7,81.89655172413794,0,1.0344827586206897]
[8,82.06896551724138,0,1.0344827586206897]
[2,82.41379310344828,0,1.0344827586206897]
[7,82.75862068965517,0,1.0344827586206897]
[3,83.10344827586206,0,1.0344827586206897]
[4,83.18965517241378,0,1.0344827586206897]
[5,83.27586206896551,0,1.0344827586206897]
[0,83.44827586206895,0,1.0344827586206897]
[2,83.62068965517241,0,1.0344827586206897]
[6,83.9655172413793,0,1.0344827586206897]
[5,84.31034482758619,0,1.0344827586206897]
[4,84.48275862068965,0,1.0344827586206897]
[7,84.6551724137931,0,1.0344827586206897]
[8,84.82758620689654,0,1.0344827586206897]
[2,85.17241379310344,0,1.0344827586206897]
[7,85.51724137931035,0,1.0344827586206897]
[3,85.86206896551722,0,1.0344827586206897]
[4,85.94827586206894,0,1.0344827586206897]
[5,86.03448275862067,0,1.0344827586206897]
[0,86.20689655172411,0,1.0344827586206897]
[2,86.37931034482757,0,1.0344827586206897]
[6,86.72413793103446,0,1.0344827586206897]
[5,87.06896551724135,0,1.0344827586206897]
[4,87.24137931034481,0,1.0344827586206897]
[7,87.41379310344826,0,1.0344827586206897]
[8,87.5862068965517,0,1.0344827586206897]
[8,87.75862068965517,0,0.6896551724137931]
[6,87.93103448275862,0,0.6896551724137931]
[6,88.10344827586208,0,0.6896551724137931]
[0,88.27586206896551,0,1.0344827586206897]
[3,88.62068965517241,0,1.0344827586206897]
[4,88.70689655172413,0,1.0344827586206897]
[5,88.79310344827586,0,1.0344827586206897]
[0,88.9655172413793,0,1.0344827586206897]
[2,89.13793103448276,0,1.0344827586206897]
[6,89.48275862068965,0,1.0344827586206897]
[5,89.82758620689654,0,1.0344827586206897]
[4,90,0,1.0344827586206897]
[7,90.17241379310344,0,1.0344827586206897]
[8,90.34482758620689,0,1.0344827586206897]
[2,90.6896551724138,0,1.0344827586206897]
[0,91.03448275862068,0,1.0344827586206897]
[3,91.37931034482759,0,1.0344827586206897]
[4,91.4655172413793,0,1.0344827586206897]
[5,91.55172413793103,0,1.0344827586206897]
[0,91.72413793103448,0,1.0344827586206897]
[2,91.89655172413794,0,1.0344827586206897]
[6,92.24137931034483,0,1.0344827586206897]
[5,92.58620689655172,0,1.0344827586206897]
[4,92.75862068965517,0,1.0344827586206897]
[7,92.93103448275862,0,1.0344827586206897]
[8,93.10344827586206,0,1.0344827586206897]
[2,93.44827586206897,0,1.0344827586206897]
[6,93.79310344827587,0,1.0344827586206897]
[3,94.13793103448275,0,1.0344827586206897]
[4,94.22413793103446,0,1.0344827586206897]
[5,94.31034482758619,0,1.0344827586206897]
[0,94.48275862068964,0,1.0344827586206897]
[2,94.6551724137931,0,1.0344827586206897]
[6,94.99999999999999,0,1.0344827586206897]
[5,95.34482758620688,0,1.0344827586206897]
[4,95.51724137931033,0,1.0344827586206897]
[7,95.68965517241378,0,1.0344827586206897]
[8,95.86206896551722,0,1.0344827586206897]
[2,96.20689655172413,0,1.0344827586206897]
[0,96.55172413793102,0,1.0344827586206897]
[3,96.89655172413792,0,1.0344827586206897]
[4,96.98275862068964,0,1.0344827586206897]
[5,97.06896551724137,0,1.0344827586206897]
[0,97.24137931034481,0,1.0344827586206897]
[2,97.41379310344827,0,1.0344827586206897]
[6,97.75862068965516,0,1.0344827586206897]
[5,98.10344827586205,0,1.0344827586206897]
[4,98.27586206896551,0,1.0344827586206897]
[7,98.44827586206895,0,1.0344827586206897]
[8,98.6206896551724,0,1.0344827586206897]
[8,98.79310344827587,0,1.0344827586206897]
[6,98.96551724137932,0,1.0344827586206897]
[6,99.13793103448276,0,1.0344827586206897]
[0,99.3103448275862,0,1.0344827586206897]
[2,99.65517241379311,0,1.0344827586206897]
[1,99.82758620689656,1,0.3448275862068966]
[3,100.17241379310344,1,0.3448275862068966]
[8,100.51724137931035,1,0.5172413793103449]
[3,101.0344827586207,1,0.5172413793103449]
[4,101.0344827586207,1,0.5172413793103449]
[2,101.55172413793103,1,0.5172413793103449]
[0,102.06896551724138,0,0.3448275862068966]
[5,102.24137931034483,1,0.3448275862068966]
[6,102.58620689655173,1,1.0344827586206897]
[7,103.62068965517241,0,1.0344827586206897]
[0,103.96551724137932,0,1.0344827586206897]
[1,104.13793103448276,0,1.0344827586206897]
[2,104.3103448275862,0,1.0344827586206897]
[5,104.48275862068967,0,1.0344827586206897]
[4,104.65517241379311,0,1.0344827586206897]
[3,104.82758620689656,1,0.5172413793103449]
[8,105.3448275862069,1,0.5172413793103449]
[6,105.86206896551724,0,0.5172413793103449]
[5,106.0344827586207,1,0.5172413793103449]
[1,106.55172413793103,0,0.5172413793103449]
[0,106.72413793103449,0,0.5172413793103449]
[3,106.89655172413794,0,0.5172413793103449]
[4,107.06896551724138,0,0.5172413793103449]
[7,107.24137931034483,0,0.5172413793103449]
[6,107.41379310344828,1,1.206896551724138]
[2,108.62068965517241,0,1.206896551724138]
[1,108.79310344827587,1,0.3448275862068966]
[3,109.13793103448276,1,0.3448275862068966]
[5,109.48275862068967,1,0.3448275862068966]
[6,109.82758620689656,1,0.5172413793103449]
[8,110.3448275862069,1,0.6896551724137931]
[3,111.0344827586207,0,0.6896551724137931]
[4,111.14942528735634,0,0.6896551724137931]
[5,111.26436781609196,0,0.6896551724137931]
[0,111.3793103448276,0,0.6896551724137931]
[1,111.49425287356323,0,0.6896551724137931]
[2,111.60919540229887,0,0.6896551724137931]
[6,111.72413793103449,1,0.5172413793103449]
[5,112.24137931034483,1,0.5172413793103449]
[3,112.75862068965517,0,0.5172413793103449]
[2,112.93103448275862,1,0.5172413793103449]
[3,113.44827586206897,1,0.6896551724137931]
[8,114.13793103448276,0,0.6896551724137931]
[7,114.2528735632184,0,0.6896551724137931]
[6,114.36781609195403,0,0.6896551724137931]
[5,114.48275862068967,0,0.6896551724137931]
[4,114.65517241379311,0,0.6896551724137931]
[3,114.82758620689656,0,0.6896551724137931]
[0,115,1,0.3448275862068966]
[2,115.3448275862069,0,0.3448275862068966]
[7,115.51724137931035,1,0.3448275862068966]
[5,115.86206896551724,1,0.8620689655172414]
[0,116.72413793103449,0,0.8620689655172414]
[6,117.06896551724138,0,5.862068965517242]
[5,117.41379310344828,0,5.862068965517242]
[7,117.58620689655173,0,0.8620689655172414]
[3,117.75862068965517,1,0.8620689655172414]
[2,118.62068965517241,1,0.6896551724137931]
[1,119.3103448275862,0,0.6896551724137931]
[0,119.48275862068967,0,0.6896551724137931]
[3,119.65517241379311,0,0.6896551724137931]
[4,119.82758620689656,0,0.6896551724137931]
[8,120.17241379310346,0,0.8620689655172414]
[6,120.3448275862069,0,0.6896551724137931]
[7,120.51724137931035,1,0.8620689655172414]
[3,121.37931034482759,1,2.413793103448276]
[1,123.79310344827587,1,5.862068965517242]