[7,-3.452,0,0.3870967741935484]
[8,-3.452,0,0.3870967741935484]
[6,-3.258451612903226,0,0.3870967741935484]
[1,-3.0649032258064515,0,0.3870967741935484]
[2,-3.0649032258064515,0,0.3870967741935484]
[6,-2.8713548387096774,0,0.3870967741935484]
[7,-2.677806451612903,0,0.3870967741935484]
[8,-2.677806451612903,0,0.3870967741935484]
[6,-2.484258064516129,0,0.3870967741935484]
[4,-2.290709677419355,0,0.3870967741935484]
[5,-2.290709677419355,0,0.3870967741935484]
[6,-2.097161290322581,0,0.3870967741935484]
[7,-1.9036129032258065,0,0.3870967741935484]
[8,-1.9036129032258065,0,0.3870967741935484]
[6,-1.7100645161290322,0,0.3870967741935484]
[4,-1.5165161290322582,0,0.3870967741935484]
[5,-1.5165161290322582,0,0.3870967741935484]
[6,-1.322967741935484,0,0.3870967741935484]
[7,-1.12941935483871,0,0.3870967741935484]
[8,-1.12941935483871,0,0.3870967741935484]
[6,-0.9358709677419355,0,0.3870967741935484]
[1,-0.7423225806451614,0,0.3870967741935484]
[2,-0.7423225806451614,0,0.3870967741935484]
[6,-0.5487741935483874,0,0.3870967741935484]
[7,-0.35522580645161295,1,0.3870967741935484]
[8,-0.35522580645161295,1,0.3870967741935484]
[6,-0.16167741935483892,0,0.3870967741935484]
[0,0.03187096774193554,0,0.3870967741935484]
[1,0.03187096774193554,0,0.3870967741935484]
[6,0.22541935483870956,0,0.3870967741935484]
[8,0.4189677419354836,0,0.3870967741935484]
[7,0.4189677419354836,0,0.3870967741935484]
[6,0.612516129032258,0,0.3870967741935484]
[2,0.8060645161290321,0,0.3870967741935484]
[1,0.8060645161290321,0,0.3870967741935484]
[6,0.9996129032258061,0,0.3870967741935484]
[5,1.1931612903225801,0,0.3870967741935484]
[4,1.1931612903225801,0,0.3870967741935484]
[6,1.386709677419355,0,0.3870967741935484]
[4,1.580258064516129,0,0.3870967741935484]
[5,1.580258064516129,0,0.3870967741935484]
[6,1.773806451612903,0,0.3870967741935484]
[2,1.967354838709677,0,0.3870967741935484]
[8,1.967354838709677,0,0.3870967741935484]
[1,2.160903225806451,0,0.3870967741935484]
[0,2.160903225806451,0,0.3870967741935484]
[0,2.257677419354838,0,0.3870967741935484]
[1,2.257677419354838,0,0.3870967741935484]
[0,2.354451612903225,0,0.3870967741935484]
[1,2.354451612903225,0,0.3870967741935484]
[5,2.548,0,0.3870967741935484]
[4,2.596387096774193,0,0.3870967741935484]
[3,2.644774193548387,0,0.3870967741935484]
[4,2.69316129032258,0,0.3870967741935484]
[8,2.741548387096774,0,0.3870967741935484]
[7,2.741548387096774,0,0.3870967741935484]
[6,2.935096774193548,0,0.1935483870967742]
[2,3.128645161290322,0,0.3870967741935484]
[5,3.128645161290322,0,0.3870967741935484]
[6,3.322193548387096,0,0.1935483870967742]
[8,3.515741935483871,0,0.3870967741935484]
[7,3.515741935483871,0,0.3870967741935484]
[6,3.709290322580645,0,0.1935483870967742]
[2,3.902838709677419,0,0.3870967741935484]
[5,3.902838709677419,0,0.3870967741935484]
[6,4.096387096774193,0,0.1935483870967742]
[8,4.289935483870967,0,0.3870967741935484]
[7,4.289935483870967,0,0.3870967741935484]
[6,4.483483870967741,0,0.1935483870967742]
[2,4.677032258064516,0,0.3870967741935484]
[5,4.677032258064516,0,0.3870967741935484]
[6,4.87058064516129,0,0.1935483870967742]
[8,5.064129032258064,0,0.3870967741935484]
[7,5.064129032258064,0,0.3870967741935484]
[6,5.257677419354838,0,0.1935483870967742]
[2,5.451225806451612,0,0.3870967741935484]
[5,5.451225806451612,0,0.3870967741935484]
[8,5.644774193548386,0,0.3870967741935484]
[7,5.644774193548386,0,0.3870967741935484]
[6,5.644774193548386,0,0.1935483870967742]
[8,5.83832258064516,0,0.3870967741935484]
[7,5.83832258064516,0,0.3870967741935484]
[6,6.031870967741934,0,0.1935483870967742]
[2,6.22541935483871,0,0.3870967741935484]
[5,6.22541935483871,0,0.3870967741935484]
[6,6.418967741935484,0,0.1935483870967742]
[7,6.612516129032258,0,0.3870967741935484]
[8,6.612516129032258,0,0.3870967741935484]
[6,6.806064516129032,0,0.1935483870967742]
[2,6.999612903225806,0,0.3870967741935484]
[5,6.999612903225806,0,0.3870967741935484]
[6,7.19316129032258,0,0.1935483870967742]
[4,7.386709677419354,1,0.1935483870967742]
[2,7.386709677419354,1,0.1935483870967742]
[6,7.580258064516128,0,0.1935483870967742]
[4,7.773806451612902,0,0.1935483870967742]
[2,7.773806451612902,0,0.1935483870967742]
[6,7.967354838709676,0,0.1935483870967742]
[2,8.064129032258064,0,0.1935483870967742]
[4,8.064129032258064,0,0.1935483870967742]
[4,8.16090322580645,0,0.1935483870967742]
[2,8.16090322580645,0,0.1935483870967742]
[6,8.16090322580645,0,0.1935483870967742]
[2,8.354451612903226,0,0.1935483870967742]
[4,8.354451612903226,0,0.1935483870967742]
[6,8.354451612903226,0,0.1935483870967742]
[6,8.935096774193548,0,0.1935483870967742]
[6,8.983483870967742,0,0.1935483870967742]
[6,9.031870967741934,0,0.1935483870967742]
[6,9.080258064516128,0,0.1935483870967742]
[6,9.128645161290322,0,0.1935483870967742]
[6,9.177032258064516,0,0.1935483870967742]
[6,9.225419354838708,0,0.1935483870967742]
[6,9.273806451612902,0,0.1935483870967742]
[7,9.322193548387096,0,0.1935483870967742]
[7,9.37058064516129,0,0.1935483870967742]
[7,9.418967741935484,0,0.1935483870967742]
[7,9.467354838709676,0,0.1935483870967742]
[7,9.51574193548387,0,0.1935483870967742]
[7,9.564129032258064,0,0.1935483870967742]
[7,9.612516129032258,0,0.1935483870967742]
[7,9.66090322580645,0,0.1935483870967742]
[5,9.709290322580644,0,0.1935483870967742]
[5,9.757677419354838,0,0.1935483870967742]
[5,9.806064516129032,0,0.1935483870967742]
[5,9.854451612903224,0,0.1935483870967742]
[5,9.902838709677418,0,0.1935483870967742]
[5,9.951225806451612,0,0.1935483870967742]
[5,9.999612903225806,0,0.1935483870967742]
[5,10.048,0,0.1935483870967742]
[1,10.096387096774192,0,0.1935483870967742]
[1,10.144774193548386,0,0.1935483870967742]
[1,10.19316129032258,0,0.1935483870967742]
[1,10.241548387096774,0,0.1935483870967742]
[1,10.289935483870966,0,0.1935483870967742]
[1,10.33832258064516,0,0.1935483870967742]
[1,10.386709677419354,0,0.1935483870967742]
[1,10.435096774193548,0,0.1935483870967742]
[5,10.483483870967742,0,0.1935483870967742]
[5,10.531870967741934,0,0.1935483870967742]
[5,10.580258064516128,0,0.1935483870967742]
[5,10.628645161290322,0,0.1935483870967742]
[1,10.677032258064516,0,0.1935483870967742]
[1,10.725419354838708,0,0.1935483870967742]
[1,10.773806451612902,0,0.1935483870967742]
[1,10.822193548387096,0,0.1935483870967742]
[5,10.87058064516129,0,0.1935483870967742]
[5,10.918967741935482,0,0.1935483870967742]
[5,10.967354838709676,0,0.1935483870967742]
[5,11.01574193548387,0,0.1935483870967742]
[7,11.064129032258064,0,0.1935483870967742]
[7,11.112516129032258,0,0.1935483870967742]
[7,11.16090322580645,0,0.1935483870967742]
[7,11.209290322580644,0,0.1935483870967742]
[7,11.257677419354838,0,0.1935483870967742]
[7,11.306064516129032,0,0.1935483870967742]
[7,11.354451612903224,0,0.1935483870967742]
[7,11.402838709677418,0,0.1935483870967742]
[1,11.451225806451612,0,0.1935483870967742]
[1,11.499612903225806,0,0.1935483870967742]
[1,11.548,0,0.1935483870967742]
[1,11.596387096774192,0,0.1935483870967742]
[5,11.644774193548386,0,0.1935483870967742]
[5,11.69316129032258,0,0.1935483870967742]
[5,11.741548387096774,0,0.1935483870967742]
[5,11.789935483870966,0,0.1935483870967742]
[7,11.83832258064516,0,0.1935483870967742]
[7,11.886709677419354,0,0.1935483870967742]
[7,11.935096774193548,0,0.1935483870967742]
[7,11.98348387096774,0,0.1935483870967742]
[4,12.031870967741934,0,0.1935483870967742]
[4,12.080258064516128,0,0.1935483870967742]
[4,12.128645161290322,0,0.1935483870967742]
[4,12.177032258064516,0,0.1935483870967742]
[8,12.225419354838708,0,0.1935483870967742]
[8,12.273806451612902,0,0.1935483870967742]
[8,12.322193548387096,0,0.1935483870967742]
[8,12.37058064516129,0,0.1935483870967742]
[4,12.418967741935482,0,0.1935483870967742]
[4,12.467354838709676,0,0.1935483870967742]
[4,12.51574193548387,0,0.1935483870967742]
[4,12.564129032258064,0,0.1935483870967742]
[6,12.612516129032256,0,0.1935483870967742]
[6,12.660903225806452,0,0.1935483870967742]
[6,12.709290322580644,0,0.1935483870967742]
[6,12.757677419354836,0,0.1935483870967742]
[6,12.806064516129032,0,0.1935483870967742]
[6,12.854451612903224,0,0.1935483870967742]
[6,12.90283870967742,0,0.1935483870967742]
[6,12.951225806451612,0,0.1935483870967742]
[8,12.999612903225804,0,0.1935483870967742]
[8,13.048,0,0.1935483870967742]
[8,13.096387096774192,0,0.1935483870967742]
[8,13.144774193548388,0,0.1935483870967742]
[4,13.19316129032258,0,0.1935483870967742]
[4,13.241548387096772,0,0.1935483870967742]
[4,13.289935483870968,0,0.1935483870967742]
[4,13.33832258064516,0,0.1935483870967742]
[6,13.386709677419352,0,0.1935483870967742]
[6,13.435096774193548,0,0.1935483870967742]
[6,13.48348387096774,0,0.1935483870967742]
[6,13.531870967741936,0,0.1935483870967742]
[7,13.580258064516128,0,0.1935483870967742]
[7,13.62864516129032,0,0.1935483870967742]
[7,13.677032258064516,0,0.1935483870967742]
[7,13.725419354838708,0,0.1935483870967742]
[5,13.773806451612904,0,0.1935483870967742]
[5,13.822193548387096,0,0.1935483870967742]
[5,13.870580645161288,0,0.1935483870967742]
[5,13.918967741935484,0,0.1935483870967742]
[7,13.967354838709676,0,0.1935483870967742]
[7,14.015741935483868,0,0.1935483870967742]
[7,14.064129032258064,0,0.1935483870967742]
[7,14.112516129032256,0,0.1935483870967742]
[3,14.160903225806452,0,0.1935483870967742]
[3,14.209290322580644,0,0.1935483870967742]
[3,14.257677419354836,0,0.1935483870967742]
[3,14.306064516129032,0,0.1935483870967742]
[3,14.354451612903224,0,0.1935483870967742]
[3,14.40283870967742,0,0.1935483870967742]
[3,14.451225806451612,0,0.1935483870967742]
[3,14.499612903225804,0,0.1935483870967742]
[5,14.548,0,0.1935483870967742]
[5,14.596387096774192,0,0.1935483870967742]
[5,14.644774193548384,0,0.1935483870967742]
[5,14.69316129032258,0,0.1935483870967742]
[7,14.741548387096772,0,0.1935483870967742]
[7,14.789935483870968,0,0.1935483870967742]
[7,14.83832258064516,0,0.1935483870967742]
[7,14.886709677419352,0,0.1935483870967742]
[3,14.935096774193548,0,0.1935483870967742]
[3,14.98348387096774,0,0.1935483870967742]
[3,15.031870967741936,0,0.1935483870967742]
[3,15.080258064516128,0,0.1935483870967742]
[2,15.12864516129032,0,0.1935483870967742]
[2,15.177032258064516,0,0.1935483870967742]
[2,15.225419354838708,0,0.1935483870967742]
[2,15.273806451612904,0,0.1935483870967742]
[2,15.322193548387096,0,0.1935483870967742]
[2,15.370580645161288,0,0.1935483870967742]
[2,15.418967741935484,0,0.1935483870967742]
[2,15.467354838709676,0,0.1935483870967742]
[1,15.515741935483868,0,0.1935483870967742]
[1,15.564129032258064,0,0.1935483870967742]
[1,15.612516129032256,0,0.1935483870967742]
[1,15.660903225806452,0,0.1935483870967742]
[1,15.709290322580644,0,0.1935483870967742]
[1,15.757677419354836,0,0.1935483870967742]
[1,15.806064516129032,0,0.1935483870967742]
[1,15.854451612903224,0,0.1935483870967742]
[3,15.90283870967742,0,0.1935483870967742]
[3,15.951225806451612,0,0.1935483870967742]
[3,15.999612903225804,0,0.1935483870967742]
[3,16.048000000000002,0,0.1935483870967742]
[3,16.096387096774194,0,0.1935483870967742]
[3,16.144774193548386,0,0.1935483870967742]
[3,16.19316129032258,0,0.1935483870967742]
[3,16.24154838709677,0,0.1935483870967742]
[7,16.28993548387097,0,0.1935483870967742]
[7,16.338322580645162,0,0.1935483870967742]
[7,16.386709677419354,0,0.1935483870967742]
[7,16.435096774193546,0,0.1935483870967742]
[7,16.48348387096774,0,0.1935483870967742]
[7,16.531870967741938,0,0.1935483870967742]
[7,16.58025806451613,0,0.1935483870967742]
[7,16.628645161290322,0,0.1935483870967742]
[3,16.677032258064514,0,0.1935483870967742]
[3,16.725419354838706,0,0.1935483870967742]
[3,16.7738064516129,0,0.1935483870967742]
[3,16.822193548387098,0,0.1935483870967742]
[7,16.87058064516129,0,0.1935483870967742]
[7,16.918967741935482,0,0.1935483870967742]
[7,16.967354838709674,0,0.1935483870967742]
[7,17.015741935483867,0,0.1935483870967742]
[3,17.064129032258066,0,0.1935483870967742]
[3,17.112516129032258,0,0.1935483870967742]
[3,17.16090322580645,0,0.1935483870967742]
[3,17.209290322580642,0,0.1935483870967742]
[1,17.257677419354835,0,0.1935483870967742]
[1,17.306064516129034,0,0.1935483870967742]
[1,17.354451612903226,0,0.1935483870967742]
[1,17.402838709677418,0,0.1935483870967742]
[1,17.45122580645161,0,0.1935483870967742]
[1,17.499612903225803,0,0.1935483870967742]
[1,17.548000000000002,0,0.1935483870967742]
[1,17.596387096774194,0,0.1935483870967742]
[7,17.644774193548386,0,0.1935483870967742]
[7,17.69316129032258,0,0.1935483870967742]
[7,17.74154838709677,0,0.1935483870967742]
[7,17.78993548387097,0,0.1935483870967742]
[3,17.838322580645162,0,0.1935483870967742]
[3,17.886709677419354,0,0.1935483870967742]
[3,17.935096774193546,0,0.1935483870967742]
[3,17.98348387096774,0,0.1935483870967742]
[1,18.031870967741938,0,0.1935483870967742]
[1,18.08025806451613,0,0.1935483870967742]
[1,18.128645161290322,0,0.1935483870967742]
[1,18.177032258064514,0,0.1935483870967742]
[4,18.225419354838706,0,0.1935483870967742]
[4,18.2738064516129,0,0.1935483870967742]
[4,18.322193548387098,0,0.1935483870967742]
[4,18.37058064516129,0,0.1935483870967742]
[0,18.418967741935482,0,0.1935483870967742]
[0,18.467354838709674,0,0.1935483870967742]
[0,18.515741935483867,0,0.1935483870967742]
[0,18.564129032258066,0,0.1935483870967742]
[4,18.612516129032258,0,0.1935483870967742]
[4,18.66090322580645,0,0.1935483870967742]
[4,18.709290322580642,0,0.1935483870967742]
[4,18.757677419354835,0,0.1935483870967742]
[2,18.806064516129034,0,0.1935483870967742]
[2,18.854451612903226,0,0.1935483870967742]
[2,18.902838709677418,0,0.1935483870967742]
[2,18.95122580645161,0,0.1935483870967742]
[2,18.999612903225803,0,0.1935483870967742]
[2,19.048000000000002,0,0.1935483870967742]
[2,19.096387096774194,0,0.1935483870967742]
[2,19.144774193548386,0,0.1935483870967742]
[0,19.19316129032258,0,0.1935483870967742]
[0,19.24154838709677,0,0.1935483870967742]
[0,19.28993548387097,0,0.1935483870967742]
[0,19.338322580645162,0,0.1935483870967742]
[4,19.386709677419354,0,0.1935483870967742]
[4,19.435096774193546,0,0.1935483870967742]
[4,19.48348387096774,0,0.1935483870967742]
[4,19.531870967741938,0,0.1935483870967742]
[2,19.58025806451613,0,0.1935483870967742]
[2,19.628645161290322,0,0.1935483870967742]
[2,19.677032258064514,0,0.1935483870967742]
[2,19.725419354838706,0,0.1935483870967742]
[1,19.7738064516129,0,0.1935483870967742]
[1,19.822193548387098,0,0.1935483870967742]
[1,19.87058064516129,0,0.1935483870967742]
[1,19.918967741935482,0,0.1935483870967742]
[3,19.967354838709674,0,0.1935483870967742]
[3,20.015741935483867,0,0.1935483870967742]
[3,20.064129032258066,0,0.1935483870967742]
[3,20.112516129032258,0,0.1935483870967742]
[1,20.16090322580645,0,0.1935483870967742]
[1,20.209290322580642,0,0.1935483870967742]
[1,20.257677419354835,0,0.1935483870967742]
[1,20.306064516129034,0,0.1935483870967742]
[5,20.354451612903226,0,0.1935483870967742]
[5,20.402838709677418,0,0.1935483870967742]
[5,20.45122580645161,0,0.1935483870967742]
[5,20.499612903225803,0,0.1935483870967742]
[5,20.548000000000002,0,0.1935483870967742]
[5,20.596387096774194,0,0.1935483870967742]
[5,20.644774193548386,0,0.1935483870967742]
[5,20.69316129032258,0,0.1935483870967742]
[3,20.74154838709677,0,0.1935483870967742]
[3,20.78993548387097,0,0.1935483870967742]
[3,20.838322580645162,0,0.1935483870967742]
[3,20.886709677419354,0,0.1935483870967742]
[1,20.935096774193546,0,0.1935483870967742]
[1,20.98348387096774,0,0.1935483870967742]
[1,21.03187096774193,0,0.1935483870967742]
[1,21.08025806451613,0,0.1935483870967742]
[5,21.128645161290322,0,0.1935483870967742]
[5,21.177032258064514,0,0.1935483870967742]
[5,21.225419354838706,0,0.1935483870967742]
[5,21.2738064516129,0,0.1935483870967742]
[2,21.322193548387098,0,0.1935483870967742]
[2,21.37058064516129,0,0.1935483870967742]
[2,21.418967741935482,0,0.1935483870967742]
[2,21.467354838709674,0,0.1935483870967742]
[2,21.515741935483867,0,0.1935483870967742]
[2,21.564129032258066,0,0.1935483870967742]
[2,21.612516129032258,0,0.1935483870967742]
[2,21.66090322580645,0,0.1935483870967742]
[4,21.709290322580642,0,0.1935483870967742]
[4,21.757677419354835,0,0.1935483870967742]
[4,21.806064516129034,0,0.1935483870967742]
[4,21.854451612903226,0,0.1935483870967742]
[4,21.902838709677418,0,0.1935483870967742]
[4,21.95122580645161,0,0.1935483870967742]
[4,21.999612903225803,0,0.1935483870967742]
[4,22.048000000000002,0,0.1935483870967742]
[0,22.096387096774194,0,0.1935483870967742]
[0,22.144774193548386,0,0.1935483870967742]
[0,22.19316129032258,0,0.1935483870967742]
[0,22.24154838709677,0,0.1935483870967742]
[0,22.28993548387097,0,0.1935483870967742]
[0,22.338322580645162,0,0.1935483870967742]
[0,22.386709677419354,0,0.1935483870967742]
[0,22.435096774193546,0,0.1935483870967742]
[4,22.48348387096774,0,0.1935483870967742]
[4,22.53187096774193,0,0.1935483870967742]
[4,22.58025806451613,0,0.1935483870967742]
[4,22.628645161290322,0,0.1935483870967742]
[4,22.677032258064514,0,0.1935483870967742]
[4,22.725419354838706,0,0.1935483870967742]
[4,22.7738064516129,0,0.1935483870967742]
[4,22.822193548387098,0,0.1935483870967742]
[6,22.87058064516129,0,0.1935483870967742]
[6,22.918967741935482,0,0.1935483870967742]
[6,22.967354838709674,0,0.1935483870967742]
[6,23.015741935483867,0,0.1935483870967742]
[6,23.064129032258066,0,0.1935483870967742]
[6,23.112516129032258,0,0.1935483870967742]
[6,23.16090322580645,0,0.1935483870967742]
[6,23.209290322580642,0,0.1935483870967742]
[4,23.257677419354835,0,0.1935483870967742]
[4,23.306064516129034,0,0.1935483870967742]
[4,23.354451612903226,0,0.1935483870967742]
[4,23.402838709677418,0,0.1935483870967742]
[2,23.45122580645161,0,0.1935483870967742]
[2,23.499612903225803,0,0.1935483870967742]
[2,23.548000000000002,0,0.1935483870967742]
[2,23.596387096774194,0,0.1935483870967742]
[2,23.644774193548386,0,0.1935483870967742]
[2,23.69316129032258,0,0.1935483870967742]
[2,23.74154838709677,0,0.1935483870967742]
[2,23.789935483870963,0,0.1935483870967742]
[4,23.838322580645162,0,0.1935483870967742]
[4,23.886709677419354,0,0.1935483870967742]
[4,23.935096774193546,0,0.1935483870967742]
[4,23.98348387096774,0,0.1935483870967742]
[6,24.03187096774193,0,0.1935483870967742]
[6,24.08025806451613,0,0.1935483870967742]
[6,24.128645161290322,0,0.1935483870967742]
[6,24.177032258064514,0,0.1935483870967742]
[7,24.225419354838706,0,0.1935483870967742]
[7,24.2738064516129,0,0.1935483870967742]
[7,24.322193548387098,0,0.1935483870967742]
[7,24.37058064516129,0,0.1935483870967742]
[8,24.418967741935482,0,0.1935483870967742]
[8,24.467354838709674,0,0.1935483870967742]
[8,24.515741935483867,0,0.1935483870967742]
[8,24.564129032258066,0,0.1935483870967742]
[8,24.612516129032258,0,0.1935483870967742]
[8,24.66090322580645,0,0.1935483870967742]
[8,24.709290322580642,0,0.1935483870967742]
[8,24.757677419354835,0,0.1935483870967742]
[4,24.806064516129034,0,0.1935483870967742]
[4,24.854451612903226,0,0.1935483870967742]
[4,24.902838709677418,0,0.1935483870967742]
[4,24.95122580645161,0,0.1935483870967742]
[1,24.999612903225803,0,0.1935483870967742]
[1,25.048000000000002,0,0.1935483870967742]
[1,25.096387096774194,0,0.1935483870967742]
[1,25.144774193548386,0,0.1935483870967742]
[1,25.19316129032258,0,0.1935483870967742]
[1,25.24154838709677,0,0.1935483870967742]
[1,25.289935483870963,0,0.1935483870967742]
[1,25.338322580645162,0,0.1935483870967742]
[5,25.386709677419354,0,0.1935483870967742]
[5,25.435096774193546,0,0.1935483870967742]
[5,25.48348387096774,0,0.1935483870967742]
[5,25.53187096774193,0,0.1935483870967742]
[1,25.58025806451613,0,0.1935483870967742]
[1,25.628645161290322,0,0.1935483870967742]
[1,25.677032258064514,0,0.1935483870967742]
[1,25.725419354838706,0,0.1935483870967742]
[3,25.7738064516129,0,0.1935483870967742]
[3,25.822193548387098,0,0.1935483870967742]
[3,25.87058064516129,0,0.1935483870967742]
[3,25.918967741935482,0,0.1935483870967742]
[4,25.967354838709674,0,0.1935483870967742]
[4,26.015741935483867,0,0.1935483870967742]
[4,26.064129032258066,0,0.1935483870967742]
[4,26.112516129032258,0,0.1935483870967742]
[4,26.16090322580645,0,0.1935483870967742]
[4,26.209290322580642,0,0.1935483870967742]
[4,26.257677419354835,0,0.1935483870967742]
[4,26.306064516129034,0,0.1935483870967742]
[2,26.354451612903226,0,0.1935483870967742]
[2,26.402838709677418,0,0.1935483870967742]
[2,26.45122580645161,0,0.1935483870967742]
[2,26.499612903225803,0,0.1935483870967742]
[1,26.548000000000002,0,0.1935483870967742]
[1,26.596387096774194,0,0.1935483870967742]
[1,26.644774193548386,0,0.1935483870967742]
[1,26.69316129032258,0,0.1935483870967742]
[1,26.74154838709677,0,0.1935483870967742]
[1,26.789935483870963,0,0.1935483870967742]
[1,26.838322580645162,0,0.1935483870967742]
[1,26.886709677419354,0,0.1935483870967742]
[5,26.935096774193546,0,0.1935483870967742]
[5,26.98348387096774,0,0.1935483870967742]
[5,27.03187096774193,0,0.1935483870967742]
[5,27.08025806451613,0,0.1935483870967742]
[7,27.128645161290322,0,0.1935483870967742]
[7,27.177032258064514,0,0.1935483870967742]
[7,27.225419354838706,0,0.1935483870967742]
[7,27.2738064516129,0,0.1935483870967742]
[8,27.322193548387098,0,0.1935483870967742]
[8,27.37058064516129,0,0.1935483870967742]
[8,27.418967741935482,0,0.1935483870967742]
[8,27.467354838709674,0,0.1935483870967742]
[1,27.515741935483867,0,0.1935483870967742]
[1,27.564129032258066,0,0.1935483870967742]
[1,27.612516129032258,0,0.1935483870967742]
[1,27.66090322580645,0,0.1935483870967742]
[3,27.709290322580642,0,0.1935483870967742]
[3,27.757677419354835,0,0.1935483870967742]
[3,27.806064516129034,0,0.1935483870967742]
[3,27.854451612903226,0,0.1935483870967742]
[7,27.902838709677418,0,0.1935483870967742]
[7,27.95122580645161,0,0.1935483870967742]
[7,27.999612903225803,0,0.1935483870967742]
[7,28.047999999999995,0,0.1935483870967742]
[3,28.096387096774194,0,0.1935483870967742]
[3,28.144774193548386,0,0.1935483870967742]
[3,28.19316129032258,0,0.1935483870967742]
[3,28.24154838709677,0,0.1935483870967742]
[2,28.289935483870963,0,0.1935483870967742]
[2,28.338322580645162,0,0.1935483870967742]
[2,28.386709677419354,0,0.1935483870967742]
[2,28.435096774193546,0,0.1935483870967742]
[2,28.48348387096774,0,0.1935483870967742]
[2,28.53187096774193,0,0.1935483870967742]
[2,28.58025806451613,0,0.1935483870967742]
[2,28.628645161290322,0,0.1935483870967742]
[5,28.677032258064514,0,0.1935483870967742]
[5,28.725419354838706,0,0.1935483870967742]
[5,28.773806451612906,0,0.1935483870967742]
[5,28.822193548387098,0,0.1935483870967742]
[5,28.87058064516129,0,0.1935483870967742]
[5,28.918967741935482,0,0.1935483870967742]
[5,28.967354838709674,0,0.1935483870967742]
[5,29.015741935483874,0,0.1935483870967742]
[7,29.064129032258066,0,0.1935483870967742]
[7,29.112516129032258,0,0.1935483870967742]
[7,29.16090322580645,0,0.1935483870967742]
[7,29.209290322580642,0,0.1935483870967742]
[7,29.25767741935484,0,0.1935483870967742]
[7,29.306064516129034,0,0.1935483870967742]
[7,29.354451612903226,0,0.1935483870967742]
[7,29.402838709677418,0,0.1935483870967742]
[6,29.45122580645161,0,0.1935483870967742]
[6,29.49961290322581,0,0.1935483870967742]
[6,29.548000000000002,0,0.1935483870967742]
[6,29.596387096774194,0,0.1935483870967742]
[6,29.644774193548386,0,0.1935483870967742]
[6,29.69316129032258,0,0.1935483870967742]
[6,29.741548387096778,0,0.1935483870967742]
[6,29.78993548387097,0,0.1935483870967742]
[4,29.838322580645162,0,0.1935483870967742]
[4,29.886709677419354,0,0.1935483870967742]
[4,29.935096774193546,0,0.1935483870967742]
[4,29.98348387096774,0,0.1935483870967742]
[6,30.031870967741938,0,0.1935483870967742]
[6,30.08025806451613,0,0.1935483870967742]
[6,30.128645161290322,0,0.1935483870967742]
[6,30.177032258064514,0,0.1935483870967742]
[3,30.225419354838706,0,0.1935483870967742]
[3,30.273806451612906,0,0.1935483870967742]
[3,30.322193548387098,0,0.1935483870967742]
[3,30.37058064516129,0,0.1935483870967742]
[1,30.418967741935482,0,0.1935483870967742]
[1,30.467354838709674,0,0.1935483870967742]
[1,30.515741935483874,0,0.1935483870967742]
[1,30.564129032258066,0,0.1935483870967742]
[0,30.612516129032258,0,0.1935483870967742]
[0,30.66090322580645,0,0.1935483870967742]
[0,30.709290322580642,0,0.1935483870967742]
[0,30.75767741935484,0,0.1935483870967742]
[0,30.806064516129034,0,0.1935483870967742]
[0,30.854451612903226,0,0.1935483870967742]
[0,30.902838709677418,0,0.1935483870967742]
[0,30.95122580645161,0,0.1935483870967742]
[4,30.99961290322581,0,0.1935483870967742]
[4,31.048000000000002,0,0.1935483870967742]
[4,31.096387096774194,0,0.1935483870967742]
[4,31.144774193548386,0,0.1935483870967742]
[7,31.19316129032258,0,0.1935483870967742]
[7,31.24154838709677,0,0.1935483870967742]
[7,31.28993548387097,0,0.1935483870967742]
[7,31.338322580645162,0,0.1935483870967742]
[7,31.386709677419354,0,0.1935483870967742]
[7,31.435096774193546,0,0.1935483870967742]
[7,31.48348387096774,0,0.1935483870967742]
[7,31.531870967741938,0,0.1935483870967742]
[5,31.58025806451613,0,0.1935483870967742]
[5,31.628645161290322,0,0.1935483870967742]
[5,31.677032258064514,0,0.1935483870967742]
[5,31.725419354838706,0,0.1935483870967742]
[2,31.773806451612906,0,0.1935483870967742]
[2,31.822193548387098,0,0.1935483870967742]
[2,31.87058064516129,0,0.1935483870967742]
[2,31.918967741935482,0,0.1935483870967742]
[1,31.967354838709674,0,0.1935483870967742]
[1,32.015741935483874,0,0.1935483870967742]
[1,32.064129032258066,0,0.1935483870967742]
[1,32.11251612903226,0,0.1935483870967742]
[3,32.16090322580645,0,0.1935483870967742]
[3,32.20929032258064,0,0.1935483870967742]
[3,32.25767741935484,0,0.1935483870967742]
[3,32.306064516129034,0,0.1935483870967742]
[3,32.354451612903226,0,0.1935483870967742]
[3,32.40283870967742,0,0.1935483870967742]
[3,32.45122580645161,0,0.1935483870967742]
[3,32.49961290322581,0,0.1935483870967742]
[3,32.548,0,0.1935483870967742]
[3,32.596387096774194,0,0.1935483870967742]
[3,32.644774193548386,0,0.1935483870967742]
[3,32.69316129032258,0,0.1935483870967742]
[3,32.74154838709677,0,0.1935483870967742]
[3,32.78993548387097,0,0.1935483870967742]
[3,32.83832258064516,0,0.1935483870967742]
[3,32.886709677419354,0,0.1935483870967742]
[3,32.935096774193546,0,0.1935483870967742]
[3,32.98348387096774,0,0.1935483870967742]
[3,33.03187096774194,0,0.1935483870967742]
[3,33.08025806451613,0,0.1935483870967742]
[3,33.12864516129032,0,0.1935483870967742]
[3,33.177032258064514,0,0.1935483870967742]
[3,33.22541935483871,0,0.1935483870967742]
[3,33.273806451612906,0,0.1935483870967742]
[6,33.3221935483871,0,0.1935483870967742]
[6,33.37058064516129,0,0.1935483870967742]
[6,33.41896774193548,0,0.1935483870967742]
[6,33.467354838709674,0,0.1935483870967742]
[7,33.515741935483874,0,0.1935483870967742]
[7,33.564129032258066,0,0.1935483870967742]
[7,33.61251612903226,0,0.1935483870967742]
[7,33.66090322580645,0,0.1935483870967742]
[5,33.70929032258064,0,0.1935483870967742]
[5,33.75767741935484,0,0.1935483870967742]
[5,33.806064516129034,0,0.1935483870967742]
[5,33.854451612903226,0,0.1935483870967742]
[6,34.096387096774194,0,0.1935483870967742]
[6,34.144774193548386,0,0.1935483870967742]
[6,34.19316129032258,0,0.1935483870967742]
[6,34.24154838709677,0,0.1935483870967742]
[7,34.28993548387097,0,0.1935483870967742]
[7,34.33832258064516,0,0.1935483870967742]
[7,34.386709677419354,0,0.1935483870967742]
[7,34.435096774193546,0,0.1935483870967742]
[5,34.48348387096774,0,0.1935483870967742]
[5,34.53187096774194,0,0.1935483870967742]
[5,34.58025806451613,0,0.1935483870967742]
[5,34.62864516129032,0,0.1935483870967742]
[6,34.87058064516129,0,0.1935483870967742]
[6,34.91896774193548,0,0.1935483870967742]
[6,34.967354838709674,0,0.1935483870967742]
[6,35.015741935483874,0,0.1935483870967742]
[7,35.064129032258066,0,0.1935483870967742]
[7,35.11251612903226,0,0.1935483870967742]
[7,35.16090322580645,0,0.1935483870967742]
[7,35.20929032258064,0,0.1935483870967742]
[5,35.25767741935484,0,0.1935483870967742]
[5,35.306064516129034,0,0.1935483870967742]
[5,35.354451612903226,0,0.1935483870967742]
[5,35.40283870967742,0,0.1935483870967742]
[6,35.644774193548386,0,0.1935483870967742]
[6,35.69316129032258,0,0.1935483870967742]
[6,35.74154838709677,0,0.1935483870967742]
[6,35.78993548387097,0,0.1935483870967742]
[7,35.83832258064516,0,0.1935483870967742]
[7,35.886709677419354,0,0.1935483870967742]
[7,35.935096774193546,0,0.1935483870967742]
[7,35.98348387096774,0,0.1935483870967742]
[5,36.03187096774194,0,0.1935483870967742]
[5,36.08025806451613,0,0.1935483870967742]
[5,36.12864516129032,0,0.1935483870967742]
[5,36.177032258064514,0,0.1935483870967742]
[2,36.22541935483871,0,0.1935483870967742]
[2,36.273806451612906,0,0.1935483870967742]
[2,36.3221935483871,0,0.1935483870967742]
[2,36.37058064516129,0,0.1935483870967742]
[6,36.41896774193548,0,0.1935483870967742]
[6,36.467354838709674,0,0.1935483870967742]
[6,36.515741935483874,0,0.1935483870967742]
[6,36.564129032258066,0,0.1935483870967742]
[7,36.61251612903226,0,0.1935483870967742]
[7,36.66090322580645,0,0.1935483870967742]
[7,36.70929032258064,0,0.1935483870967742]
[7,36.75767741935484,0,0.1935483870967742]
[5,36.806064516129034,1,0.5806451612903225]
[6,37.19316129032258,1,0.1935483870967742]
[7,37.386709677419354,1,0.1935483870967742]
[5,37.58025806451613,1,0.5806451612903225]
[6,37.967354838709674,1,0.1935483870967742]
[7,38.16090322580645,1,0.1935483870967742]
[5,38.354451612903226,1,0.5806451612903225]
[6,38.74154838709677,1,0.1935483870967742]
[7,38.935096774193546,1,0.1935483870967742]
[5,39.12864516129032,1,0.1935483870967742]
[4,39.3221935483871,1,0.1935483870967742]
[8,39.515741935483874,0,0.1935483870967742]
[8,39.564129032258066,0,0.1935483870967742]
[8,39.61251612903226,0,0.1935483870967742]
[8,39.66090322580645,0,0.1935483870967742]
[7,39.70929032258064,0,0.1935483870967742]
[7,39.757677419354835,0,0.1935483870967742]
[7,39.806064516129034,0,0.1935483870967742]
[7,39.854451612903226,0,0.1935483870967742]
[3,39.90283870967742,0,0.1935483870967742]
[3,39.95122580645161,0,0.1935483870967742]
[3,39.9996129032258,0,0.1935483870967742]
[3,40.048,0,0.1935483870967742]
[8,40.28993548387097,0,0.1935483870967742]
[8,40.33832258064516,0,0.1935483870967742]
[8,40.386709677419354,0,0.1935483870967742]
[8,40.435096774193546,0,0.1935483870967742]
[7,40.48348387096774,0,0.1935483870967742]
[7,40.53187096774194,0,0.1935483870967742]
[7,40.58025806451613,0,0.1935483870967742]
[7,40.62864516129032,0,0.1935483870967742]
[3,40.677032258064514,0,0.1935483870967742]
[3,40.72541935483871,0,0.1935483870967742]
[3,40.773806451612906,0,0.1935483870967742]
[3,40.8221935483871,0,0.1935483870967742]
[8,41.064129032258066,0,0.1935483870967742]
[8,41.11251612903226,0,0.1935483870967742]
[8,41.16090322580645,0,0.1935483870967742]
[8,41.20929032258064,0,0.1935483870967742]
[7,41.257677419354835,0,0.1935483870967742]
[7,41.306064516129034,0,0.1935483870967742]
[7,41.354451612903226,0,0.1935483870967742]
[7,41.40283870967742,0,0.1935483870967742]
[3,41.45122580645161,0,0.1935483870967742]
[3,41.4996129032258,0,0.1935483870967742]
[3,41.548,0,0.1935483870967742]
[3,41.596387096774194,0,0.1935483870967742]
[8,41.83832258064516,0,0.1935483870967742]
[8,41.886709677419354,0,0.1935483870967742]
[8,41.935096774193546,0,0.1935483870967742]
[8,41.98348387096774,0,0.1935483870967742]
[7,42.03187096774194,0,0.1935483870967742]
[7,42.08025806451613,0,0.1935483870967742]
[7,42.12864516129032,0,0.1935483870967742]
[7,42.177032258064514,0,0.1935483870967742]
[3,42.22541935483871,0,0.1935483870967742]
[3,42.273806451612906,0,0.1935483870967742]
[3,42.3221935483871,0,0.1935483870967742]
[3,42.37058064516129,0,0.1935483870967742]
[4,42.467354838709674,0,0.1935483870967742]
[5,42.515741935483874,1,0.48387096774193544]
[1,42.806064516129034,1,0.1935483870967742]
[0,42.9996129032258,0,0.1935483870967742]
[0,43.048,0,0.3870967741935484]
[0,43.096387096774194,0,0.3870967741935484]
[0,43.144774193548386,0,0.3870967741935484]
[2,43.19316129032258,0,0.1935483870967742]
[2,43.24154838709677,0,0.3870967741935484]
[2,43.28993548387097,0,0.3870967741935484]
[2,43.33832258064516,0,0.3870967741935484]
[1,43.386709677419354,0,0.1935483870967742]
[1,43.435096774193546,0,0.3870967741935484]
[1,43.48348387096774,0,0.3870967741935484]
[1,43.53187096774194,0,0.3870967741935484]
[3,43.58025806451613,0,0.1935483870967742]
[3,43.62864516129032,0,0.3870967741935484]
[3,43.677032258064514,0,0.3870967741935484]
[3,43.72541935483871,0,0.3870967741935484]
[4,43.773806451612906,0,0.1935483870967742]
[4,43.8221935483871,0,0.3870967741935484]
[4,43.87058064516129,0,0.3870967741935484]
[4,43.91896774193548,0,0.3870967741935484]
[5,43.967354838709674,0,0.1935483870967742]
[5,44.01574193548387,0,0.3870967741935484]
[5,44.064129032258066,0,0.3870967741935484]
[5,44.11251612903226,0,0.3870967741935484]
[4,44.16090322580645,0,0.1935483870967742]
[4,44.20929032258064,0,0.3870967741935484]
[4,44.257677419354835,0,0.3870967741935484]
[4,44.306064516129034,0,0.3870967741935484]
[6,44.354451612903226,1,0.3870967741935484]
[5,45.70929032258064,0,0.3870967741935484]
[5,45.757677419354835,0,0.3870967741935484]
[5,45.806064516129034,0,0.3870967741935484]
[5,45.854451612903226,0,0.3870967741935484]
[1,45.90283870967742,0,0.3870967741935484]
[1,45.95122580645161,0,0.3870967741935484]
[1,45.9996129032258,0,0.3870967741935484]
[1,46.048,0,0.3870967741935484]
[0,46.096387096774215,0,0.1935483870967742]
[0,46.144774193548415,0,0.3870967741935484]
[0,46.19316129032261,0,0.3870967741935484]
[0,46.2415483870968,0,0.3870967741935484]
[2,46.28993548387099,0,0.1935483870967742]
[2,46.33832258064518,0,0.3870967741935484]
[2,46.38670967741938,0,0.3870967741935484]
[2,46.435096774193575,0,0.3870967741935484]
[1,46.48348387096777,0,0.1935483870967742]
[1,46.53187096774196,0,0.3870967741935484]
[1,46.58025806451615,0,0.3870967741935484]
[1,46.62864516129035,0,0.3870967741935484]
[3,46.67703225806454,0,0.1935483870967742]
[3,46.725419354838735,0,0.3870967741935484]
[3,46.77380645161293,0,0.3870967741935484]
[3,46.82219354838712,0,0.3870967741935484]
[4,46.87058064516132,0,0.1935483870967742]
[4,46.91896774193551,0,0.3870967741935484]
[4,46.9673548387097,0,0.3870967741935484]
[4,47.015741935483895,0,0.3870967741935484]
[5,47.06412903225809,0,0.1935483870967742]
[5,47.11251612903228,0,0.3870967741935484]
[5,47.16090322580648,0,0.3870967741935484]
[5,47.20929032258067,0,0.3870967741935484]
[4,47.25767741935486,0,0.1935483870967742]
[4,47.306064516129055,0,0.3870967741935484]
[4,47.35445161290325,0,0.3870967741935484]
[4,47.40283870967745,0,0.3870967741935484]
[6,47.45122580645161,1,0.5806451612903225]
[0,49.19316129032258,0,0.5806451612903225]
[0,49.24154838709677,0,0.5806451612903225]
[0,49.28993548387097,0,0.5806451612903225]
[0,49.33832258064516,0,0.5806451612903225]
[0,49.386709677419354,0,0.5806451612903225]
[0,49.435096774193546,0,0.5806451612903225]
[0,49.48348387096774,0,0.5806451612903225]
[0,49.53187096774194,0,0.5806451612903225]
[4,49.58025806451613,0,0.5806451612903225]
[4,49.62864516129032,0,0.5806451612903225]
[4,49.677032258064514,0,0.5806451612903225]
[4,49.72541935483871,0,0.5806451612903225]
[4,49.7738064516129,0,0.5806451612903225]
[4,49.8221935483871,0,0.5806451612903225]
[4,49.87058064516129,0,0.5806451612903225]
[4,49.91896774193548,0,0.5806451612903225]
[2,49.967354838709674,0,0.5806451612903225]
[2,50.01574193548387,0,0.5806451612903225]
[2,50.064129032258066,0,0.5806451612903225]
[2,50.11251612903226,0,0.5806451612903225]
[2,50.16090322580645,0,0.5806451612903225]
[2,50.20929032258064,0,0.5806451612903225]
[2,50.257677419354835,0,0.5806451612903225]
[2,50.306064516129034,0,0.5806451612903225]
[4,50.354451612903226,0,0.5806451612903225]
[4,50.40283870967742,0,0.5806451612903225]
[4,50.45122580645161,0,0.5806451612903225]
[4,50.4996129032258,0,0.5806451612903225]
[4,50.548,0,0.5806451612903225]
[4,50.596387096774194,0,0.5806451612903225]
[4,50.644774193548386,0,0.5806451612903225]
[4,50.69316129032258,0,0.5806451612903225]
[8,50.74154838709677,0,0.5806451612903225]
[8,50.78993548387097,0,0.5806451612903225]
[8,50.83832258064516,0,0.5806451612903225]
[8,50.886709677419354,0,0.5806451612903225]
[8,50.935096774193546,0,0.5806451612903225]
[8,50.98348387096774,0,0.5806451612903225]
[8,51.03187096774193,0,0.5806451612903225]
[8,51.08025806451613,0,0.5806451612903225]
[4,51.12864516129032,0,0.5806451612903225]
[4,51.177032258064514,0,0.5806451612903225]
[4,51.22541935483871,0,0.5806451612903225]
[4,51.2738064516129,0,0.5806451612903225]
[0,51.3221935483871,0,0.5806451612903225]
[0,51.37058064516129,0,0.5806451612903225]
[0,51.41896774193548,0,0.5806451612903225]
[0,51.467354838709674,0,0.5806451612903225]
[0,51.51574193548387,0,0.5806451612903225]
[0,51.564129032258066,0,0.5806451612903225]
[0,51.61251612903226,0,0.5806451612903225]
[0,51.66090322580645,0,0.5806451612903225]
[4,51.70929032258064,0,0.5806451612903225]
[4,51.757677419354835,0,0.5806451612903225]
[4,51.806064516129034,0,0.5806451612903225]
[4,51.854451612903226,0,0.5806451612903225]
[8,51.90283870967742,0,0.5806451612903225]
[8,51.95122580645161,0,0.5806451612903225]
[8,51.9996129032258,0,0.5806451612903225]
[8,52.048,0,0.5806451612903225]
[7,52.096387096774194,0,0.5806451612903225]
[7,52.144774193548386,0,0.5806451612903225]
[7,52.19316129032258,0,0.5806451612903225]
[7,52.24154838709677,0,0.5806451612903225]
[6,52.28993548387097,0,0.5806451612903225]
[6,52.33832258064516,0,0.5806451612903225]
[6,52.386709677419354,0,0.5806451612903225]
[6,52.435096774193546,0,0.5806451612903225]
[6,52.48348387096774,0,0.5806451612903225]
[6,52.53187096774193,0,0.5806451612903225]
[6,52.58025806451613,0,0.5806451612903225]
[6,52.62864516129032,0,0.5806451612903225]
[4,52.677032258064514,0,0.5806451612903225]
[4,52.72541935483871,0,0.5806451612903225]
[4,52.7738064516129,0,0.5806451612903225]
[4,52.8221935483871,0,0.5806451612903225]
[1,52.87058064516129,0,0.5806451612903225]
[1,52.91896774193548,0,0.5806451612903225]
[1,52.967354838709674,0,0.5806451612903225]
[1,53.01574193548387,0,0.5806451612903225]
[1,53.064129032258066,0,0.5806451612903225]
[1,53.11251612903226,0,0.5806451612903225]
[1,53.16090322580645,0,0.5806451612903225]
[1,53.20929032258064,0,0.5806451612903225]
[3,53.257677419354835,0,0.5806451612903225]
[3,53.306064516129034,0,0.5806451612903225]
[3,53.354451612903226,0,0.5806451612903225]
[3,53.40283870967742,0,0.5806451612903225]
[1,53.45122580645161,0,0.5806451612903225]
[1,53.4996129032258,0,0.5806451612903225]
[1,53.548,0,0.5806451612903225]
[1,53.596387096774194,0,0.5806451612903225]
[5,53.644774193548386,0,0.5806451612903225]
[5,53.69316129032258,0,0.5806451612903225]
[5,53.74154838709677,0,0.5806451612903225]
[5,53.78993548387097,0,0.5806451612903225]
[4,53.83832258064516,0,0.5806451612903225]
[4,53.886709677419354,0,0.5806451612903225]
[4,53.935096774193546,0,0.5806451612903225]
[4,53.98348387096774,0,0.5806451612903225]
[4,54.03187096774193,0,0.5806451612903225]
[4,54.08025806451613,0,0.5806451612903225]
[4,54.12864516129032,0,0.5806451612903225]
[4,54.177032258064514,0,0.5806451612903225]
[0,54.22541935483871,0,0.5806451612903225]
[0,54.2738064516129,0,0.5806451612903225]
[0,54.3221935483871,0,0.5806451612903225]
[0,54.37058064516129,0,0.5806451612903225]
[1,54.41896774193548,0,0.5806451612903225]
[1,54.467354838709674,0,0.5806451612903225]
[1,54.51574193548387,0,0.5806451612903225]
[1,54.564129032258066,0,0.5806451612903225]
[1,54.61251612903226,0,0.5806451612903225]
[1,54.66090322580645,0,0.5806451612903225]
[1,54.70929032258064,0,0.5806451612903225]
[1,54.757677419354835,0,0.5806451612903225]
[3,54.806064516129034,0,0.5806451612903225]
[3,54.854451612903226,0,0.5806451612903225]
[3,54.90283870967742,0,0.5806451612903225]
[3,54.95122580645161,0,0.5806451612903225]
[7,54.9996129032258,0,0.5806451612903225]
[7,55.048,0,0.5806451612903225]
[7,55.096387096774194,0,0.5806451612903225]
[7,55.144774193548386,0,0.5806451612903225]
[6,55.19316129032258,0,0.5806451612903225]
[6,55.24154838709677,0,0.5806451612903225]
[6,55.28993548387096,0,0.5806451612903225]
[6,55.33832258064516,0,0.5806451612903225]
[1,55.386709677419354,0,0.5806451612903225]
[1,55.435096774193546,0,0.5806451612903225]
[1,55.48348387096774,0,0.5806451612903225]
[1,55.53187096774193,0,0.5806451612903225]
[5,55.58025806451613,0,0.5806451612903225]
[5,55.62864516129032,0,0.5806451612903225]
[5,55.677032258064514,0,0.5806451612903225]
[5,55.72541935483871,0,0.5806451612903225]
[7,55.7738064516129,0,0.5806451612903225]
[7,55.8221935483871,0,0.5806451612903225]
[7,55.87058064516129,0,0.5806451612903225]
[7,55.91896774193548,0,0.5806451612903225]
[5,55.967354838709674,0,0.5806451612903225]
[5,56.01574193548387,0,0.5806451612903225]
[5,56.064129032258066,0,0.5806451612903225]
[5,56.11251612903226,0,0.5806451612903225]
[0,56.16090322580645,0,0.5806451612903225]
[0,56.20929032258064,0,0.5806451612903225]
[0,56.257677419354835,0,0.5806451612903225]
[0,56.306064516129034,0,0.5806451612903225]
[0,56.354451612903226,0,0.5806451612903225]
[0,56.40283870967742,0,0.5806451612903225]
[0,56.45122580645161,0,0.5806451612903225]
[0,56.4996129032258,0,0.5806451612903225]
[3,56.548,0,0.5806451612903225]
[3,56.596387096774194,0,0.5806451612903225]
[3,56.644774193548386,0,0.5806451612903225]
[3,56.69316129032258,0,0.5806451612903225]
[3,56.74154838709677,0,0.5806451612903225]
[3,56.78993548387096,0,0.5806451612903225]
[3,56.83832258064516,0,0.5806451612903225]
[3,56.886709677419354,0,0.5806451612903225]
[7,56.935096774193546,0,0.5806451612903225]
[7,56.98348387096774,0,0.5806451612903225]
[7,57.03187096774193,0,0.5806451612903225]
[7,57.08025806451613,0,0.5806451612903225]
[7,57.12864516129032,0,0.5806451612903225]
[7,57.177032258064514,0,0.5806451612903225]
[7,57.22541935483871,0,0.5806451612903225]
[7,57.2738064516129,0,0.5806451612903225]
[8,57.3221935483871,0,0.5806451612903225]
[8,57.37058064516129,0,0.5806451612903225]
[8,57.41896774193548,0,0.5806451612903225]
[8,57.467354838709674,0,0.5806451612903225]
[8,57.51574193548387,0,0.5806451612903225]
[8,57.564129032258066,0,0.5806451612903225]
[8,57.61251612903226,0,0.5806451612903225]
[8,57.66090322580645,0,0.5806451612903225]
[4,57.70929032258064,0,0.5806451612903225]
[4,57.757677419354835,0,0.5806451612903225]
[4,57.806064516129034,0,0.5806451612903225]
[4,57.854451612903226,0,0.5806451612903225]
[8,57.90283870967742,0,0.5806451612903225]
[8,57.95122580645161,0,0.5806451612903225]
[8,57.9996129032258,0,0.5806451612903225]
[8,58.048,0,0.5806451612903225]
[5,58.096387096774194,0,0.5806451612903225]
[5,58.144774193548386,0,0.5806451612903225]
[5,58.19316129032258,0,0.5806451612903225]
[5,58.24154838709677,0,0.5806451612903225]
[1,58.28993548387096,0,0.5806451612903225]
[1,58.33832258064516,0,0.5806451612903225]
[1,58.386709677419354,0,0.5806451612903225]
[1,58.435096774193546,0,0.5806451612903225]
[2,58.48348387096774,0,0.5806451612903225]
[2,58.53187096774193,0,0.5806451612903225]
[2,58.58025806451613,0,0.5806451612903225]
[2,58.62864516129032,0,0.5806451612903225]
[2,58.677032258064514,0,0.5806451612903225]
[2,58.72541935483871,0,0.5806451612903225]
[2,58.7738064516129,0,0.5806451612903225]
[2,58.8221935483871,0,0.5806451612903225]
[4,58.87058064516129,0,0.5806451612903225]
[4,58.91896774193548,0,0.5806451612903225]
[4,58.967354838709674,0,0.5806451612903225]
[4,59.01574193548387,0,0.5806451612903225]
[7,59.064129032258066,0,0.5806451612903225]
[7,59.11251612903226,0,0.5806451612903225]
[7,59.16090322580645,0,0.5806451612903225]
[7,59.20929032258064,0,0.5806451612903225]
[7,59.257677419354835,0,0.5806451612903225]
[7,59.306064516129034,0,0.5806451612903225]
[7,59.354451612903226,0,0.5806451612903225]
[7,59.40283870967742,0,0.5806451612903225]
[3,59.45122580645161,0,0.5806451612903225]
[3,59.4996129032258,0,0.5806451612903225]
[3,59.547999999999995,0,0.5806451612903225]
[3,59.596387096774194,0,0.5806451612903225]
[0,59.644774193548386,0,0.5806451612903225]
[0,59.69316129032258,0,0.5806451612903225]
[0,59.74154838709677,0,0.5806451612903225]
[0,59.78993548387096,0,0.5806451612903225]
[1,59.83832258064516,0,0.5806451612903225]
[1,59.886709677419354,0,0.5806451612903225]
[1,59.935096774193546,0,0.5806451612903225]
[1,59.98348387096774,0,0.5806451612903225]
[5,60.03187096774193,0,0.5806451612903225]
[5,60.08025806451613,0,0.5806451612903225]
[5,60.12864516129032,0,0.5806451612903225]
[5,60.177032258064514,0,0.5806451612903225]
[5,60.22541935483871,0,0.5806451612903225]
[5,60.2738064516129,0,0.5806451612903225]
[5,60.3221935483871,0,0.5806451612903225]
[5,60.37058064516129,0,0.5806451612903225]
[5,60.41896774193548,0,0.5806451612903225]
[5,60.467354838709674,0,0.5806451612903225]
[5,60.51574193548387,0,0.5806451612903225]
[5,60.564129032258066,0,0.5806451612903225]
[5,60.61251612903226,0,0.5806451612903225]
[5,60.66090322580645,0,0.5806451612903225]
[5,60.70929032258064,0,0.5806451612903225]
[5,60.757677419354835,0,0.5806451612903225]
[5,60.80606451612903,0,0.5806451612903225]
[5,60.85445161290322,0,0.5806451612903225]
[5,60.90283870967741,0,0.5806451612903225]
[5,60.95122580645162,0,0.5806451612903225]
[5,60.99961290322581,0,0.5806451612903225]
[5,61.048,0,0.5806451612903225]
[5,61.096387096774194,0,0.5806451612903225]
[5,61.144774193548386,0,0.5806451612903225]
[8,61.19316129032258,0,0.5806451612903225]
[8,61.24154838709677,0,0.5806451612903225]
[8,61.28993548387096,0,0.5806451612903225]
[8,61.338322580645155,0,0.5806451612903225]
[7,61.38670967741935,0,0.5806451612903225]
[7,61.43509677419355,0,0.5806451612903225]
[7,61.483483870967746,0,0.5806451612903225]
[7,61.53187096774194,0,0.5806451612903225]
[3,61.58025806451613,0,0.5806451612903225]
[3,61.62864516129032,0,0.5806451612903225]
[3,61.677032258064514,0,0.5806451612903225]
[3,61.72541935483871,0,0.5806451612903225]
[8,61.96735483870968,0,0.5806451612903225]
[8,62.015741935483874,0,0.5806451612903225]
[8,62.064129032258066,0,0.5806451612903225]
[8,62.11251612903226,0,0.5806451612903225]
[7,62.16090322580645,0,0.5806451612903225]
[7,62.20929032258064,0,0.5806451612903225]
[7,62.257677419354835,0,0.5806451612903225]
[7,62.30606451612903,0,0.5806451612903225]
[3,62.35445161290322,0,0.5806451612903225]
[3,62.40283870967741,0,0.5806451612903225]
[3,62.45122580645162,0,0.5806451612903225]
[3,62.49961290322581,0,0.5806451612903225]
[8,62.74154838709677,0,0.5806451612903225]
[8,62.78993548387096,0,0.5806451612903225]
[8,62.838322580645155,0,0.5806451612903225]
[8,62.88670967741935,0,0.5806451612903225]
[7,62.93509677419355,0,0.5806451612903225]
[7,62.983483870967746,0,0.5806451612903225]
[7,63.03187096774194,0,0.5806451612903225]
[7,63.08025806451613,0,0.5806451612903225]
[3,63.12864516129032,0,0.5806451612903225]
[3,63.177032258064514,0,0.5806451612903225]
[3,63.22541935483871,0,0.5806451612903225]
[3,63.2738064516129,0,0.5806451612903225]
[8,63.515741935483874,0,0.5806451612903225]
[8,63.564129032258066,0,0.5806451612903225]
[8,63.61251612903226,0,0.5806451612903225]
[8,63.66090322580645,0,0.5806451612903225]
[7,63.70929032258064,0,0.5806451612903225]
[7,63.757677419354835,0,0.5806451612903225]
[7,63.80606451612903,0,0.5806451612903225]
[7,63.85445161290322,0,0.5806451612903225]
[3,63.90283870967741,0,0.5806451612903225]
[3,63.95122580645162,0,0.5806451612903225]
[3,63.99961290322581,0,0.5806451612903225]
[3,64.048,0,0.5806451612903225]
[0,64.0963870967742,0,0.5806451612903225]
[0,64.14477419354839,0,0.5806451612903225]
[0,64.19316129032258,0,0.5806451612903225]
[0,64.24154838709677,0,0.5806451612903225]
[8,64.28993548387096,0,0.5806451612903225]
[7,64.33832258064515,0,0.5806451612903225]
[8,64.38670967741935,0,0.5806451612903225]
[8,64.43509677419355,0,0.5806451612903225]
[7,64.48348387096775,0,0.5806451612903225]
[7,64.53187096774194,0,0.5806451612903225]
[7,64.58025806451613,0,0.5806451612903225]
[7,64.62864516129032,0,0.5806451612903225]
[3,64.67703225806451,1,0.5806451612903225]
[8,65.06412903225807,1,0.1935483870967742]
[7,65.25767741935483,1,0.1935483870967742]
[3,65.45122580645162,1,0.5806451612903225]
[8,65.83832258064515,1,0.1935483870967742]
[7,66.03187096774194,1,0.1935483870967742]
[3,66.2254193548387,1,0.5806451612903225]
[8,66.61251612903226,1,0.1935483870967742]
[7,66.80606451612903,1,0.1935483870967742]
[3,66.99961290322581,1,0.1935483870967742]
[4,67.19316129032258,1,0.1935483870967742]
[6,67.38670967741935,0,0.1935483870967742]
[6,67.43509677419354,0,0.1935483870967742]
[6,67.48348387096775,0,0.1935483870967742]
[6,67.53187096774194,0,0.1935483870967742]
[7,67.58025806451613,0,0.1935483870967742]
[7,67.62864516129032,0,0.1935483870967742]
[7,67.67703225806451,0,0.1935483870967742]
[7,67.7254193548387,0,0.1935483870967742]
[5,67.7738064516129,0,0.1935483870967742]
[5,67.82219354838709,0,0.1935483870967742]
[5,67.87058064516128,0,0.1935483870967742]
[5,67.91896774193548,0,0.1935483870967742]
[6,68.16090322580645,0,0.1935483870967742]
[6,68.20929032258064,0,0.1935483870967742]
[6,68.25767741935483,0,0.1935483870967742]
[6,68.30606451612903,0,0.1935483870967742]
[7,68.35445161290322,0,0.1935483870967742]
[7,68.40283870967741,0,0.1935483870967742]
[7,68.45122580645162,0,0.1935483870967742]
[7,68.49961290322581,0,0.1935483870967742]
[5,68.548,0,0.1935483870967742]
[5,68.5963870967742,0,0.1935483870967742]
[5,68.64477419354839,0,0.1935483870967742]
[5,68.69316129032258,0,0.1935483870967742]
[6,68.93509677419354,0,0.1935483870967742]
[6,68.98348387096775,0,0.1935483870967742]
[6,69.03187096774194,0,0.1935483870967742]
[6,69.08025806451613,0,0.1935483870967742]
[7,69.12864516129032,0,0.1935483870967742]
[7,69.17703225806451,0,0.1935483870967742]
[7,69.2254193548387,0,0.1935483870967742]
[7,69.2738064516129,0,0.1935483870967742]
[5,69.32219354838709,0,0.1935483870967742]
[5,69.37058064516128,0,0.1935483870967742]
[5,69.41896774193548,0,0.1935483870967742]
[5,69.46735483870968,0,0.1935483870967742]
[6,69.70929032258064,0,0.1935483870967742]
[6,69.75767741935483,0,0.1935483870967742]
[6,69.80606451612903,0,0.1935483870967742]
[6,69.85445161290322,0,0.1935483870967742]
[7,69.90283870967741,0,0.1935483870967742]
[7,69.95122580645162,0,0.1935483870967742]
[7,69.99961290322581,0,0.1935483870967742]
[7,70.048,0,0.1935483870967742]
[5,70.0963870967742,0,0.1935483870967742]
[5,70.14477419354839,0,0.1935483870967742]
[5,70.19316129032258,0,0.1935483870967742]
[5,70.24154838709677,0,0.1935483870967742]
[4,70.33832258064515,0,0.1935483870967742]
[3,70.38670967741935,1,0.48387096774193544]
[1,70.67703225806451,1,0.1935483870967742]
[2,70.87058064516128,0,0.1935483870967742]
[2,70.91896774193548,0,0.3870967741935484]
[2,70.96735483870968,0,0.3870967741935484]
[2,71.01574193548387,0,0.3870967741935484]
[0,71.06412903225807,0,0.1935483870967742]
[0,71.11251612903226,0,0.3870967741935484]
[0,71.16090322580645,0,0.3870967741935484]
[0,71.20929032258064,0,0.3870967741935484]
[1,71.25767741935483,0,0.1935483870967742]
[1,71.30606451612903,0,0.3870967741935484]
[1,71.35445161290322,0,0.3870967741935484]
[1,71.40283870967741,0,0.3870967741935484]
[5,71.45122580645162,0,0.1935483870967742]
[5,71.49961290322581,0,0.3870967741935484]
[5,71.548,0,0.3870967741935484]
[5,71.5963870967742,0,0.3870967741935484]
[4,71.64477419354839,0,0.1935483870967742]
[4,71.69316129032258,0,0.3870967741935484]
[4,71.74154838709677,0,0.3870967741935484]
[4,71.78993548387096,0,0.3870967741935484]
[3,71.83832258064515,0,0.1935483870967742]
[3,71.88670967741935,0,0.3870967741935484]
[3,71.93509677419354,0,0.3870967741935484]
[3,71.98348387096775,0,0.3870967741935484]
[4,72.03187096774194,0,0.1935483870967742]
[4,72.08025806451613,0,0.3870967741935484]
[4,72.12864516129032,0,0.3870967741935484]
[4,72.17703225806451,0,0.3870967741935484]
[8,72.2254193548387,1,0.3870967741935484]
[3,73.58025806451613,0,0.3870967741935484]
[3,73.62864516129032,0,0.3870967741935484]
[3,73.67703225806451,0,0.3870967741935484]
[3,73.7254193548387,0,0.3870967741935484]
[1,73.7738064516129,0,0.3870967741935484]
[1,73.82219354838709,0,0.3870967741935484]
[1,73.87058064516128,0,0.3870967741935484]
[1,73.91896774193548,0,0.3870967741935484]
[2,73.96735483870968,0,0.1935483870967742]
[2,74.01574193548387,0,0.3870967741935484]
[2,74.06412903225808,0,0.3870967741935484]
[2,74.11251612903227,0,0.3870967741935484]
[0,74.16090322580646,0,0.1935483870967742]
[0,74.20929032258066,0,0.3870967741935484]
[0,74.25767741935485,0,0.3870967741935484]
[0,74.30606451612904,0,0.3870967741935484]
[1,74.35445161290323,0,0.1935483870967742]
[1,74.40283870967743,0,0.3870967741935484]
[1,74.45122580645162,0,0.3870967741935484]
[1,74.49961290322581,0,0.3870967741935484]
[5,74.54800000000002,0,0.1935483870967742]
[5,74.59638709677421,0,0.3870967741935484]
[5,74.6447741935484,0,0.3870967741935484]
[5,74.69316129032259,0,0.3870967741935484]
[4,74.74154838709678,0,0.1935483870967742]
[4,74.78993548387098,0,0.3870967741935484]
[4,74.83832258064517,0,0.3870967741935484]
[4,74.88670967741936,0,0.3870967741935484]
[3,74.93509677419355,0,0.1935483870967742]
[3,74.98348387096775,0,0.3870967741935484]
[3,75.03187096774194,0,0.3870967741935484]
[3,75.08025806451614,0,0.3870967741935484]
[4,75.12864516129034,0,0.1935483870967742]
[4,75.17703225806453,0,0.3870967741935484]
[4,75.22541935483872,0,0.3870967741935484]
[4,75.27380645161291,0,0.3870967741935484]
[8,75.32219354838709,1,0.5806451612903225]
[4,76.53187096774194,0,0.1935483870967742]
[3,76.58025806451613,1,0.48387096774193544]
[1,76.8705806451613,1,0.1935483870967742]
[2,77.06412903225807,0,0.1935483870967742]
[2,77.11251612903226,0,0.3870967741935484]
[2,77.16090322580646,0,0.3870967741935484]
[2,77.20929032258066,0,0.3870967741935484]
[0,77.25767741935485,0,0.1935483870967742]
[0,77.30606451612904,0,0.3870967741935484]
[0,77.35445161290323,0,0.3870967741935484]
[0,77.40283870967743,0,0.3870967741935484]
[1,77.45122580645162,0,0.1935483870967742]
[1,77.49961290322581,0,0.3870967741935484]
[1,77.548,0,0.3870967741935484]
[1,77.5963870967742,0,0.3870967741935484]
[5,77.6447741935484,0,0.1935483870967742]
[5,77.69316129032259,0,0.3870967741935484]
[5,77.74154838709678,0,0.3870967741935484]
[5,77.78993548387098,0,0.3870967741935484]
[4,77.83832258064517,0,0.1935483870967742]
[4,77.88670967741936,0,0.3870967741935484]
[4,77.93509677419355,0,0.3870967741935484]
[4,77.98348387096775,0,0.3870967741935484]
[3,78.03187096774194,0,0.1935483870967742]
[3,78.08025806451613,0,0.3870967741935484]
[3,78.12864516129032,0,0.3870967741935484]
[3,78.17703225806453,0,0.3870967741935484]
[4,78.22541935483872,0,0.1935483870967742]
[4,78.27380645161291,0,0.3870967741935484]
[4,78.3221935483871,0,0.3870967741935484]
[4,78.3705806451613,0,0.3870967741935484]
[8,78.41896774193548,1,0.5806451612903225]
[3,79.77380645161291,0,0.3870967741935484]
[3,79.8221935483871,0,0.3870967741935484]
[3,79.8705806451613,0,0.3870967741935484]
[3,79.91896774193549,0,0.3870967741935484]
[1,79.96735483870968,0,0.3870967741935484]
[1,80.01574193548387,0,0.3870967741935484]
[1,80.06412903225807,0,0.3870967741935484]
[1,80.11251612903226,0,0.3870967741935484]
[2,80.16090322580646,0,0.1935483870967742]
[2,80.20929032258066,0,0.3870967741935484]
[2,80.25767741935486,0,0.3870967741935484]
[2,80.30606451612906,0,0.3870967741935484]
[0,80.35445161290325,0,0.1935483870967742]
[0,80.40283870967744,0,0.3870967741935484]
[0,80.45122580645163,0,0.3870967741935484]
[0,80.49961290322582,0,0.3870967741935484]
[1,80.54800000000002,0,0.1935483870967742]
[1,80.59638709677421,0,0.3870967741935484]
[1,80.6447741935484,0,0.3870967741935484]
[1,80.69316129032259,0,0.3870967741935484]
[5,80.7415483870968,0,0.1935483870967742]
[5,80.78993548387099,0,0.3870967741935484]
[5,80.83832258064518,0,0.3870967741935484]
[5,80.88670967741938,0,0.3870967741935484]
[4,80.93509677419357,0,0.1935483870967742]
[4,80.98348387096776,0,0.3870967741935484]
[4,81.03187096774195,0,0.3870967741935484]
[4,81.08025806451614,0,0.3870967741935484]
[3,81.12864516129034,0,0.1935483870967742]
[3,81.17703225806453,0,0.3870967741935484]
[3,81.22541935483872,0,0.3870967741935484]
[3,81.27380645161293,0,0.3870967741935484]
[4,81.32219354838712,0,0.1935483870967742]
[4,81.37058064516131,0,0.3870967741935484]
[4,81.4189677419355,0,0.3870967741935484]
[4,81.4673548387097,0,0.3870967741935484]
[8,81.51574193548387,1,0.5806451612903225]