[6,0,0,0]
[7,0.6122448979591836,0,0]
[5,1.6326530612244896,0,0]
[4,2.2448979591836733,0,0]
[8,3.265306122448979,0,0]
[7,3.877551020408163,0,0]
[3,4.897959183673469,0,0]
[4,5.5102040816326525,0,0]
[6,6.530612244897958,0,0]
[7,7.142857142857142,0,0]
[5,8.16326530612245,0,0]
[4,8.775510204081632,0,0]
[8,9.795918367346937,0,0]
[7,10.408163265306122,0,0]
[3,11.428571428571427,0,0]
[4,12.040816326530612,0,0]
[6,13.061224489795917,0,0]
[7,13.673469387755102,0,0]
[5,14.693877551020407,0,0]
[4,15.306122448979592,0,0]
[8,16.3265306122449,0,0]
[7,16.93877551020408,0,0]
[3,17.959183673469386,0,0]
[4,18.57142857142857,0,0]
[6,19.591836734693874,0,0]
[7,20.20408163265306,0,0]
[5,21.224489795918366,0,0]
[4,21.83673469387755,0,0]
[8,22.448979591836732,0,0]
[6,22.448979591836732,0,0]
[0,22.857142857142854,1,0.6122448979591836]
[7,22.857142857142854,1,0.6122448979591836]
[1,23.46938775510204,1,0.6122448979591836]
[8,23.46938775510204,1,0.6122448979591836]
[2,24.285714285714285,0,0]
[5,24.285714285714285,0,0]
[1,24.489795918367346,1,0.3061224489795918]
[4,24.489795918367346,1,0.3061224489795918]
[3,25.10204081632653,1,0.3061224489795918]
[0,25.10204081632653,1,0.3061224489795918]
[8,25.71428571428571,1,0.4081632653061224]
[2,25.71428571428571,1,0.4081632653061224]
[6,26.122448979591834,0,0]
[7,26.326530612244895,0,0]
[5,26.530612244897956,0,0]
[4,26.734693877551017,0,0]
[8,26.93877551020408,0,0]
[7,27.142857142857142,0,0]
[3,27.346938775510203,0,0]
[4,27.551020408163264,0,0]
[6,27.755102040816325,0,0]
[7,27.959183673469386,0,0]
[5,28.163265306122447,0,0]
[4,28.36734693877551,0,0]
[8,28.57142857142857,0,0]
[7,28.77551020408163,0,0]
[3,28.97959183673469,0,0]
[5,29.387755102040813,0,0]
[4,29.591836734693874,0,0]
[0,29.795918367346935,0,0]
[1,29.999999999999996,0,0]
[3,30.204081632653057,0,0]
[4,30.408163265306122,0,0]
[2,30.612244897959183,0,0]
[1,30.816326530612244,0,0]
[5,31.020408163265305,0,0]
[4,31.224489795918366,0,0]
[0,31.428571428571427,0,0]
[1,31.632653061224488,0,0]
[3,31.83673469387755,1,0.8163265306122448]
[8,32.6530612244898,0,0]
[7,32.857142857142854,0,0]
[0,33.06122448979592,0,0]
[1,33.265306122448976,0,0]
[6,33.46938775510204,0,0]
[7,33.6734693877551,0,0]
[2,33.87755102040816,0,0]
[1,34.08163265306122,0,0]
[8,34.285714285714285,0,0]
[7,34.48979591836734,0,0]
[0,34.69387755102041,0,0]
[1,34.897959183673464,0,0]
[6,35.10204081632653,0,0]
[7,35.306122448979586,0,0]
[5,35.51020408163265,0,0]
[0,35.91836734693877,0,0]
[1,36.12244897959184,0,0]
[8,36.326530612244895,0,0]
[7,36.53061224489796,0,0]
[2,36.73469387755102,0,0]
[1,36.93877551020408,0,0]
[6,37.14285714285714,0,0]
[7,37.3469387755102,0,0]
[0,37.55102040816326,0,0]
[1,37.755102040816325,0,0]
[8,37.95918367346938,0,0]
[7,38.16326530612245,0,0]
[4,38.367346938775505,1,0.8163265306122448]
[0,39.18367346938775,0,0]
[1,39.38775510204081,0,0]
[8,39.59183673469388,0,0]
[5,39.795918367346935,0,0]
[2,40,0,0]
[1,40.20408163265306,0,0]
[6,40.40816326530612,0,0]
[3,40.61224489795918,0,0]
[0,40.816326530612244,0,0]
[1,41.0204081632653,0,0]
[8,41.224489795918366,0,0]
[5,41.42857142857142,0,0]
[2,41.63265306122449,0,0]
[1,41.836734693877546,0,0]
[6,42.04081632653061,0,0]
[7,42.24489795918367,0,0]
[2,42.44897959183673,0,0]
[5,42.65306122448979,0,0]
[8,42.857142857142854,0,0]
[7,43.06122448979592,0,0]
[0,43.265306122448976,0,0]
[3,43.46938775510204,0,0]
[6,43.6734693877551,0,0]
[7,43.87755102040816,0,0]
[2,44.08163265306122,0,0]
[5,44.285714285714285,0,0]
[8,44.48979591836734,0,0]
[7,44.69387755102041,0,0]
[6,44.897959183673464,1,0.8163265306122448]
[8,45.71428571428571,1,0.1020408163265306]
[7,45.91836734693877,1,0.1020408163265306]
[3,46.12244897959183,1,0.1020408163265306]
[4,46.326530612244895,1,0.1020408163265306]
[6,46.53061224489796,1,0.1020408163265306]
[7,46.73469387755102,1,0.1020408163265306]
[5,46.93877551020408,1,0.1020408163265306]
[4,47.14285714285714,1,0.1020408163265306]
[0,47.3469387755102,1,0.1020408163265306]
[1,47.55102040816326,1,0.1020408163265306]
[5,47.755102040816325,1,0.1020408163265306]
[4,47.95918367346938,1,0.1020408163265306]
[2,48.16326530612245,1,0.1020408163265306]
[1,48.367346938775505,1,0.1020408163265306]
[6,48.57142857142857,0,0]
[7,48.6734693877551,0,0]
[5,48.77551020408163,0,0]
[4,48.87755102040816,0,0]
[3,48.97959183673469,1,1.6326530612244896]
[8,50.61224489795918,1,0.4081632653061224]
[7,51.0204081632653,1,0.4081632653061224]
[6,51.42857142857142,0,0.4081632653061224]
[5,51.63265306122449,0,0.4081632653061224]
[3,51.836734693877546,0,0.4081632653061224]
[2,52.04081632653061,0,0.4081632653061224]
[6,52.24489795918367,0,0]
[6,52.44897959183673,0,0]
[1,52.65306122448979,1,0.4081632653061224]
[2,52.65306122448979,1,0.4081632653061224]
[7,53.06122448979591,0,0]
[4,53.265306122448976,1,0.1020408163265306]
[3,53.469387755102034,0,0]
[5,53.469387755102034,0,0]
[0,53.6734693877551,1,0.1020408163265306]
[8,53.87755102040816,1,0.1020408163265306]
[6,54.08163265306122,0,0]
[2,54.285714285714285,0,0]
[3,54.48979591836734,0,0]
[4,54.59183673469387,0,0]
[5,54.69387755102041,0,0]
[6,54.897959183673464,1,0.1020408163265306]
[8,55.10204081632653,1,0.4081632653061224]
[6,55.51020408163265,0,0]
[6,55.71428571428571,0,0]
[1,55.91836734693877,0,0]
[2,55.91836734693877,0,0]
[0,56.12244897959183,1,0.1020408163265306]
[7,56.326530612244895,0,0]
[4,56.53061224489795,1,0.1020408163265306]
[1,56.73469387755102,0,0]
[8,56.938775510204074,1,0.1020408163265306]
[5,57.14285714285714,0,0]
[6,57.3469387755102,1,0.1020408163265306]
[3,57.55102040816326,0,0]
[2,57.755102040816325,0,0]
[1,57.857142857142854,0,0]
[0,57.95918367346938,0,0]
[7,58.16326530612245,0,0]
[4,58.367346938775505,1,0.4081632653061224]
[6,58.77551020408163,0,0]
[6,58.97959183673469,0,0]
[1,59.18367346938775,1,0.4081632653061224]
[2,59.18367346938775,1,0.4081632653061224]
[7,59.59183673469388,0,0]
[4,59.79591836734694,1,0.1020408163265306]
[3,60,0,0]
[5,60,0,0]
[0,60.204081632653065,1,0.1020408163265306]
[8,60.40816326530613,1,0.1020408163265306]
[6,60.61224489795919,0,0]
[2,60.81632653061225,0,0]
[3,61.02040816326531,0,0]
[4,61.12244897959184,0,0]
[5,61.22448979591837,0,0]
[6,61.42857142857143,1,0.1020408163265306]
[8,61.632653061224495,1,0.4081632653061224]
[7,62.04081632653061,1,0.1020408163265306]
[6,62.24489795918367,1,0.1020408163265306]
[2,62.44897959183673,0,0]
[1,62.44897959183673,0,0]
[0,62.65306122448979,1,0.1020408163265306]
[5,62.857142857142854,0,0]
[4,62.95918367346938,0,0]
[3,63.06122448979591,0,0]
[8,63.265306122448976,1,0.1020408163265306]
[7,63.469387755102034,1,0.1020408163265306]
[3,63.6734693877551,1,1.2244897959183672]
[8,64.89795918367346,0,0]
[7,65,0,0]
[0,65.10204081632652,0,0]
[1,65.20408163265306,0,0]
[6,65.3061224489796,0,0]
[6,65.51020408163265,0,0]
[1,65.71428571428571,0,0]
[2,65.71428571428571,0,0]
[0,65.91836734693877,1,0.1020408163265306]
[7,66.12244897959184,0,0]
[4,66.3265306122449,1,0.1020408163265306]
[1,66.53061224489795,0,0]
[8,66.73469387755101,1,0.1020408163265306]
[5,66.93877551020408,1,0.1020408163265306]
[7,67.14285714285714,1,0.1020408163265306]
[3,67.3469387755102,0,0]
[2,67.55102040816325,0,0]
[1,67.65306122448979,0,0]
[0,67.75510204081633,0,0]
[5,67.95918367346938,0,0]
[4,68.06122448979592,0,0]
[3,68.16326530612244,1,0.4081632653061224]
[6,68.57142857142857,0,0]
[6,68.77551020408163,0,0]
[1,68.97959183673468,0,0]
[2,68.97959183673468,0,0]
[0,69.18367346938776,1,0.1020408163265306]
[5,69.38775510204081,0,0]
[3,69.59183673469387,1,0.1020408163265306]
[8,69.79591836734693,0,0]
[6,70,1,0.1020408163265306]
[2,70.20408163265306,0,0]
[1,70.3061224489796,1,0.1020408163265306]
[5,70.51020408163265,0,0]
[4,70.61224489795917,1,0.1020408163265306]
[8,70.81632653061224,0,0]
[7,70.91836734693877,0,0]
[6,71.0204081632653,0,0]
[0,71.22448979591836,0,0]
[5,71.42857142857142,1,0.4081632653061224]
[6,71.83673469387755,0,0]
[6,72.0408163265306,0,0]
[1,72.24489795918367,0,0]
[2,72.24489795918367,0,0]
[0,72.44897959183673,1,0.1020408163265306]
[7,72.65306122448979,0,0]
[4,72.85714285714285,1,0.1020408163265306]
[1,73.06122448979592,0,0]
[8,73.26530612244898,1,0.1020408163265306]
[5,73.46938775510203,1,0.1020408163265306]
[7,73.67346938775509,1,0.1020408163265306]
[3,73.87755102040816,0,0]
[2,74.08163265306122,0,0]
[1,74.18367346938776,0,0]
[0,74.28571428571428,0,0]
[8,74.48979591836734,0,0]
[7,74.59183673469387,0,0]
[6,74.6938775510204,1,0.4081632653061224]
[5,75.10204081632652,0,0]
[3,75.3061224489796,0,0]
[4,75.40816326530611,1,0.5102040816326531]
[2,75.91836734693877,0,0]
[0,76.12244897959184,0,0]
[1,76.22448979591836,1,0.5102040816326531]
[6,76.73469387755101,1,0.4081632653061224]
[7,77.14285714285714,1,0.4081632653061224]
[8,77.55102040816325,0,0]
[5,77.65306122448979,0,0]
[3,77.75510204081633,0,0]
[0,77.85714285714285,0,0]
[4,77.95918367346938,1,0.4081632653061224]
[6,78.3673469387755,0,0]
[2,78.57142857142857,1,0.1020408163265306]
[7,78.77551020408163,0,0]
[8,78.77551020408163,0,0]
[3,78.97959183673468,1,0.1020408163265306]
[0,79.18367346938776,0,0]
[6,79.38775510204081,1,0.1020408163265306]
[1,79.59183673469387,0,0]
[2,79.59183673469387,0,0]
[5,79.79591836734693,1,0.1020408163265306]
[8,80,0,0]
[0,80.20408163265306,1,0.1020408163265306]
[6,80.40816326530611,0,0]
[7,80.40816326530611,0,0]
[5,80.61224489795917,1,0.1020408163265306]
[2,80.81632653061224,0,0]
[8,81.0204081632653,1,0.1020408163265306]
[1,81.22448979591836,0,0]
[0,81.22448979591836,0,0]
[5,81.42857142857142,0,0]
[4,81.53061224489795,0,0]
[3,81.63265306122449,0,0]
[2,81.83673469387759,1,0.1020408163265306]
[7,82.04081632653065,0,0]
[8,82.04081632653065,0,0]
[3,82.2448979591837,1,0.1020408163265306]
[0,82.44897959183677,0,0]
[6,82.65306122448983,1,0.1020408163265306]
[1,82.85714285714289,0,0]
[2,82.85714285714289,0,0]
[5,83.06122448979595,1,0.1020408163265306]
[8,83.26530612244902,0,0]
[0,83.46938775510208,1,0.1020408163265306]
[6,83.67346938775513,0,0]
[7,83.67346938775513,0,0]
[5,83.87755102040819,1,0.1020408163265306]
[2,84.08163265306126,0,0]
[8,84.28571428571432,1,0.1020408163265306]
[1,84.48979591836738,0,0]
[0,84.48979591836738,0,0]
[3,84.6938775510204,0,0]
[4,84.79591836734693,0,0]
[5,84.89795918367346,0,0]
[2,85.10204081632652,1,0.1020408163265306]
[7,85.30612244897958,0,0]
[8,85.30612244897958,0,0]
[3,85.51020408163264,1,0.1020408163265306]
[0,85.71428571428571,0,0]
[6,85.91836734693877,1,0.1020408163265306]
[1,86.12244897959182,0,0]
[2,86.12244897959182,0,0]
[5,86.32653061224488,1,0.1020408163265306]
[8,86.53061224489795,0,0]
[0,86.73469387755101,1,0.1020408163265306]
[6,86.93877551020407,0,0]
[7,86.93877551020407,0,0]
[5,87.14285714285712,1,0.1020408163265306]
[2,87.3469387755102,0,0]
[8,87.55102040816325,1,0.1020408163265306]
[1,87.75510204081631,0,0]
[0,87.75510204081631,0,0]
[3,87.95918367346937,1,0.1020408163265306]
[4,88.16326530612244,0,0]
[4,88.3673469387755,0,0]
[5,88.57142857142857,1,1.2244897959183672]
[0,90,0,0]
[1,90.10204081632652,0,0]
[2,90.20408163265306,0,0]
[3,90.40816326530611,0,0]
[4,90.51020408163265,0,0]
[5,90.61224489795917,0,0]
[6,90.81632653061224,0,0]
[7,90.91836734693877,0,0]
[2,91.0204081632653,0,0]
[1,91.12244897959182,0,0]
[3,91.22448979591836,0,0]
[4,91.3265306122449,0,0]
[8,91.42857142857142,0,0]
[2,91.63265306122449,1,0.1020408163265306]
[0,91.83673469387755,0,0]
[3,91.83673469387755,0,0]
[4,92.0408163265306,1,0.1020408163265306]
[6,92.24489795918366,0,0]
[3,92.44897959183673,1,0.1020408163265306]
[5,92.65306122448979,0,0]
[2,92.65306122448979,0,0]
[7,92.85714285714285,1,0.1020408163265306]
[0,93.06122448979592,0,0]
[6,93.26530612244898,1,0.1020408163265306]
[5,93.46938775510203,0,0]
[8,93.46938775510203,0,0]
[4,93.67346938775509,1,0.1020408163265306]
[2,93.87755102040816,0,0]
[5,94.08163265306122,1,0.1020408163265306]
[3,94.28571428571428,0,0]
[6,94.28571428571428,0,0]
[1,94.48979591836734,0,0]
[4,94.59183673469387,0,0]
[7,94.6938775510204,0,0]
[2,94.89795918367355,1,0.1020408163265306]
[3,95.1020408163266,0,0]
[0,95.1020408163266,0,0]
[4,95.30612244897966,1,0.1020408163265306]
[6,95.51020408163272,0,0]
[3,95.7142857142858,1,0.1020408163265306]
[5,95.91836734693885,0,0]
[2,95.91836734693885,0,0]
[7,96.12244897959191,1,0.1020408163265306]
[0,96.32653061224498,0,0]
[1,96.42857142857142,0,0]
[5,96.53061224489795,0,0]
[4,96.63265306122449,0,0]
[6,96.73469387755101,1,0.4081632653061224]
[7,97.14285714285714,1,0.4081632653061224]
[8,97.55102040816325,0,0]
[8,97.75510204081633,0,0]
[6,97.95918367346938,1,0.4081632653061224]
[8,98.36734693877548,0,0]
[2,98.57142857142856,1,0.1020408163265306]
[3,98.77551020408161,0,0]
[0,98.77551020408161,0,0]
[4,98.97959183673467,1,0.1020408163265306]
[6,99.18367346938773,0,0]
[3,99.3877551020408,1,0.1020408163265306]
[5,99.59183673469387,1,0.1020408163265306]
[7,99.79591836734691,1,0.1020408163265306]
[0,99.99999999999999,0,0]
[6,100.20408163265304,1,0.1020408163265306]
[8,100.4081632653061,0,0]
[5,100.4081632653061,0,0]
[4,100.61224489795916,1,0.1020408163265306]
[2,100.81632653061223,0,0]
[5,101.02040816326529,1,0.1020408163265306]
[6,101.22448979591836,1,0.1020408163265306]
[1,101.42857142857142,0,0]
[0,101.53061224489795,1,0.1020408163265306]
[5,101.73469387755101,0,0]
[2,101.83673469387755,1,0.1020408163265306]
[7,102.0408163265306,0,0]
[8,102.14285714285714,1,0.1020408163265306]
[3,102.3469387755102,0,0]
[6,102.44897959183673,1,0.1020408163265306]
[1,102.65306122448979,1,0.1020408163265306]
[5,102.85714285714285,0,0]
[4,102.95918367346938,0,0]
[3,103.0612244897959,1,0.1020408163265306]
[6,103.26530612244898,1,0.4081632653061224]
[8,103.67346938775509,0,0]
[7,103.77551020408163,0,0]
[3,103.87755102040816,0,0]
[4,103.97959183673468,0,0]
[2,104.08163265306122,1,0.4081632653061224]
[6,104.48979591836734,0,0]
[7,104.89795918367346,0,0]
[8,105.30612244897958,0,0]
[5,105.71428571428571,0,0]
[4,106.12244897959182,0,0]
[3,106.53061224489795,0,0]
[0,106.93877551020407,0,0]
[1,107.3469387755102,0,0]
[8,107.75510204081633,0,0]
[7,108.16326530612244,0,0]
[6,108.57142857142857,0,0]
[3,108.97959183673468,0,0]
[4,109.38775510204081,0,0]
[5,109.79591836734693,0,0]
[2,110.20408163265306,0,0]
[1,110.61224489795917,0,0]
[6,111.0204081632653,0,0]
[7,111.42857142857142,0,0]
[8,111.83673469387755,0,0]
[5,112.24489795918366,0,0]
[4,112.65306122448979,0,0]
[3,113.0612244897959,0,0]
[0,113.46938775510203,0,0]
[1,113.87755102040815,0,0]
[8,114.28571428571428,1,0.1020408163265306]
[6,114.48979591836734,1,0.1020408163265306]
[5,114.6938775510204,1,0.1020408163265306]
[3,114.89795918367346,1,0.1020408163265306]
[2,115.10204081632652,1,0.1020408163265306]
[0,115.30612244897958,1,0.1020408163265306]
[1,115.51020408163265,1,0.1020408163265306]
[7,115.71428571428571,1,0.1020408163265306]
[4,115.91836734693877,1,0.1020408163265306]
[5,116.12244897959182,1,0.1020408163265306]
[1,116.3265306122449,1,0.1020408163265306]
[0,116.53061224489795,1,0.1020408163265306]
[4,116.73469387755101,1,0.1020408163265306]
[3,116.93877551020407,1,0.1020408163265306]
[7,117.14285714285714,1,0.1020408163265306]
[8,117.3469387755102,1,0.1020408163265306]
[0,117.55102040816325,0,0]
[1,117.55102040816325,0,0]
[5,117.75510204081631,0,0]
[4,117.85714285714285,0,0]
[3,117.95918367346938,0,0]
[8,118.16326530612244,0,0]
[0,118.3673469387755,0,0]
[1,118.46938775510203,0,0]
[2,118.57142857142857,0,0]
[4,118.77551020408163,1,0.1020408163265306]
[7,118.97959183673468,1,0.1020408163265306]
[1,119.18367346938774,0,0]
[2,119.18367346938774,0,0]
[3,119.38775510204081,0,0]
[4,119.48979591836734,0,0]
[5,119.59183673469387,0,0]
[6,119.79591836734693,0,0]
[2,119.99999999999999,1,0.1020408163265306]
[1,120.20408163265306,1,0.1020408163265306]
[0,120.40816326530611,0,0]
[7,120.61224489795917,1,0.1020408163265306]
[0,120.8163265306123,0,0]
[1,120.8163265306123,0,0]
[5,121.02040816326536,0,0]
[4,121.1224489795919,0,0]
[3,121.22448979591843,0,0]
[8,121.42857142857149,0,0]
[0,121.63265306122454,0,0]
[1,121.73469387755108,0,0]
[2,121.83673469387762,0,0]
[4,122.04081632653067,1,0.1020408163265306]
[7,122.24489795918373,1,0.1020408163265306]
[1,122.44897959183679,0,0]
[2,122.44897959183679,0,0]
[3,122.65306122448986,0,0]
[4,122.75510204081638,0,0]
[5,122.85714285714292,0,0]
[6,123.06122448979598,0,0]
[2,123.26530612244903,1,0.1020408163265306]
[1,123.4693877551021,1,0.1020408163265306]
[0,123.67346938775516,0,0]
[7,123.87755102040822,1,0.1020408163265306]
[3,124.08163265306122,0,0]
[4,124.18367346938774,0,0]
[5,124.28571428571428,1,0.1020408163265306]
[2,124.48979591836734,0,0]
[1,124.59183673469387,0,0]
[0,124.69387755102039,1,0.1020408163265306]
[6,124.89795918367346,0,0]
[7,124.99999999999999,0,0]
[8,125.10204081632652,1,0.1020408163265306]
[5,125.30612244897958,0,0]
[4,125.40816326530611,0,0]
[3,125.51020408163265,1,0.1020408163265306]
[0,125.71428571428571,0,0]
[1,125.81632653061223,0,0]
[2,125.91836734693877,1,0.1020408163265306]
[3,126.12244897959182,0,0]
[4,126.22448979591836,0,0]
[5,126.3265306122449,1,0.1020408163265306]
[8,126.53061224489795,0,0]
[7,126.63265306122447,0,0]
[6,126.73469387755101,1,0.1020408163265306]
[5,126.93877551020407,0,0]
[4,127.0408163265306,0,0]
[3,127.14285714285714,1,0.1020408163265306]
[0,127.3469387755102,1,0.1020408163265306]
[2,127.55102040816325,1,0.1020408163265306]
[5,127.75510204081631,1,0.1020408163265306]
[3,127.95918367346938,1,0.1020408163265306]
[6,128.16326530612244,0,0]
[7,128.26530612244898,0,0]
[5,128.3673469387755,0,0]
[4,128.46938775510202,0,0]
[0,128.57142857142856,0,0]
[1,128.6734693877551,0,0]
[2,128.77551020408163,0,0]
[3,128.87755102040816,0,0]
[8,128.9795918367347,1,1.2244897959183672]
[7,130.6122448979592,0,0.4081632653061224]
[6,130.6122448979592,0,0.4081632653061224]
[5,130.81632653061223,0,0.1020408163265306]
[1,131.0204081632653,0,0.4081632653061224]
[0,131.0204081632653,0,0.4081632653061224]
[7,131.42857142857142,0,0.1020408163265306]
[8,131.42857142857142,0,0.1020408163265306]
[3,131.6326530612245,0,0.1020408163265306]
[4,131.73469387755102,0,0.1020408163265306]
[2,131.83673469387753,0,0.1020408163265306]
[1,131.83673469387753,0,0.1020408163265306]
[4,132.0408163265306,1,0.1020408163265306]
[7,132.24489795918367,0,0.1020408163265306]
[6,132.24489795918367,0,0.1020408163265306]
[5,132.44897959183672,0,0.1020408163265306]
[0,132.6530612244898,0,0.1020408163265306]
[1,132.6530612244898,0,0.1020408163265306]
[4,132.85714285714286,0,0.1020408163265306]
[7,133.0612244897959,0,0.1020408163265306]
[8,133.0612244897959,0,0.1020408163265306]
[6,133.16326530612244,0,0.1020408163265306]
[0,133.3673469387755,0,0.1020408163265306]
[1,133.46938775510202,0,0.1020408163265306]
[2,133.46938775510202,0,0.1020408163265306]
[5,133.6734693877551,0,0.1020408163265306]
[4,133.77551020408163,0,0.1020408163265306]
[6,133.87755102040816,0,0.1020408163265306]
[7,133.87755102040816,0,0.1020408163265306]
[5,134.0816326530612,1,0.2040816326530612]
[1,134.28571428571428,0,0.1020408163265306]
[0,134.28571428571428,0,0.1020408163265306]
[7,134.6938775510204,0,0.1020408163265306]
[8,134.6938775510204,0,0.1020408163265306]
[3,134.89795918367346,1,0.1020408163265306]
[1,135.1020408163265,0,0.1020408163265306]
[2,135.1020408163265,0,0.1020408163265306]
[8,135.40816326530611,0,0.1020408163265306]
[7,135.51020408163265,0,0.1020408163265306]
[6,135.51020408163265,0,0.1020408163265306]
[5,135.7142857142857,0,0.1020408163265306]
[1,135.91836734693877,0,0.1020408163265306]
[0,135.91836734693877,0,0.1020408163265306]
[3,136.12244897959184,0,0.1020408163265306]
[4,136.22448979591834,0,0.1020408163265306]
[7,136.32653061224488,0,0.1020408163265306]
[8,136.32653061224488,0,0.1020408163265306]
[0,136.53061224489795,0,0.1020408163265306]
[2,136.73469387755102,1,0.4081632653061224]
[7,137.14285714285714,0,0.1020408163265306]
[6,137.14285714285714,0,0.1020408163265306]
[5,137.34693877551018,0,0.4081632653061224]
[1,137.55102040816325,0,0.1020408163265306]
[0,137.55102040816325,0,0.1020408163265306]
[7,137.95918367346937,0,0.1020408163265306]
[8,137.95918367346937,0,0.1020408163265306]
[3,138.16326530612244,0,0.1020408163265306]
[4,138.26530612244898,0,0.1020408163265306]
[1,138.3673469387755,0,0.1020408163265306]
[2,138.3673469387755,0,0.1020408163265306]
[4,138.57142857142856,1,0.1020408163265306]
[7,138.77551020408163,0,0.1020408163265306]
[6,138.77551020408163,0,0.1020408163265306]
[5,138.97959183673467,0,0.1020408163265306]
[1,139.18367346938774,0,0.1020408163265306]
[0,139.18367346938774,0,0.1020408163265306]
[4,139.3877551020408,0,0.1020408163265306]
[7,139.59183673469386,0,0.1020408163265306]
[8,139.59183673469386,0,0.1020408163265306]
[6,139.6938775510204,0,0.1020408163265306]
[0,139.89795918367346,0,0.1020408163265306]
[1,140,0,0.1020408163265306]
[2,140,0,0.1020408163265306]
[5,140.20408163265304,0,0.1020408163265306]
[4,140.30612244897958,0,0.1020408163265306]
[7,140.40816326530611,0,0.1020408163265306]
[6,140.40816326530611,0,0.1020408163265306]
[5,140.6122448979592,1,0.2040816326530612]
[0,140.81632653061223,0,0.1020408163265306]
[1,140.81632653061223,0,0.1020408163265306]
[7,141.22448979591834,0,0.1020408163265306]
[8,141.22448979591834,0,0.1020408163265306]
[3,141.42857142857142,0,0.2040816326530612]
[4,141.53061224489795,0,0.2040816326530612]
[2,141.6326530612245,0,0.2040816326530612]
[1,141.73469387755102,0,0.2040816326530612]
[6,141.83673469387753,0,0.2040816326530612]
[7,141.93877551020407,0,0.2040816326530612]
[8,142.0408163265306,1,1.2244897959183672]
[0,143.26530612244898,0,1.2244897959183672]
[1,143.3673469387755,0,1.2244897959183672]
[5,143.46938775510202,0,1.2244897959183672]
[4,143.57142857142856,0,1.2244897959183672]
[3,143.6734693877551,0,1.2244897959183672]
[6,143.6734693877551,0,1.2244897959183672]
[5,143.87755102040816,0,1.2244897959183672]
[0,144.0816326530612,0,1.2244897959183672]
[1,144.0816326530612,0,1.2244897959183672]
[7,144.48979591836735,0,1.2244897959183672]
[8,144.48979591836735,0,1.2244897959183672]
[3,144.6938775510204,0,1.2244897959183672]
[4,144.79591836734693,0,1.2244897959183672]
[2,144.89795918367346,0,1.2244897959183672]
[5,144.89795918367346,0,1.2244897959183672]
[1,145.1020408163265,1,0.1020408163265306]
[3,145.30612244897958,0,1.2244897959183672]
[6,145.30612244897958,0,1.2244897959183672]
[5,145.51020408163265,0,0.1020408163265306]
[1,145.7142857142857,0,1.2244897959183672]
[0,145.7142857142857,0,1.2244897959183672]
[3,145.91836734693877,0,0.1020408163265306]
[7,146.12244897959184,0,1.2244897959183672]
[8,146.12244897959184,0,1.2244897959183672]
[6,146.22448979591834,0,0.1020408163265306]
[0,146.42857142857142,0,0.1020408163265306]
[5,146.53061224489795,0,1.2244897959183672]
[2,146.53061224489795,0,1.2244897959183672]
[3,146.73469387755102,0,0.1020408163265306]
[4,146.83673469387753,0,0.1020408163265306]
[6,147.0408163265306,0,0.1020408163265306]
[7,147.14285714285714,0,0.1020408163265306]
[8,147.24489795918367,0,0.1020408163265306]
[0,147.34693877551018,0,1.2244897959183672]
[1,147.34693877551018,0,1.2244897959183672]
[7,147.75510204081633,0,1.2244897959183672]
[8,147.75510204081633,0,1.2244897959183672]
[4,147.95918367346937,1,0.1020408163265306]
[2,148.16326530612244,0,1.2244897959183672]
[5,148.16326530612244,0,1.2244897959183672]
[8,148.46938775510202,0,0.1020408163265306]
[3,148.57142857142856,0,1.2244897959183672]
[6,148.57142857142856,0,1.2244897959183672]
[5,148.77551020408163,0,0.1020408163265306]
[1,148.97959183673467,0,1.2244897959183672]
[0,148.97959183673467,0,1.2244897959183672]
[3,149.18367346938774,0,0.1020408163265306]
[4,149.28571428571428,0,0.1020408163265306]
[7,149.3877551020408,0,1.2244897959183672]
[8,149.3877551020408,0,1.2244897959183672]
[0,149.59183673469386,0,0.1020408163265306]
[5,149.79591836734693,0,0.1020408163265306]
[3,150,0,0.1020408163265306]
[8,150.20408163265304,0,0]
[6,150.40816326530611,1,0.1020408163265306]
[5,150.6122448979592,0,0]
[3,150.81632653061223,1,0.1020408163265306]
[2,151.0204081632653,0,0]
[0,151.22448979591834,1,0.1020408163265306]
[8,151.42857142857142,0,0]
[6,151.6326530612245,1,0.1020408163265306]
[0,151.83673469387753,0,0]
[2,152.0408163265306,1,0.1020408163265306]
[3,152.24489795918367,0,0]
[5,152.44897959183672,1,0.1020408163265306]
[6,152.6530612244898,0,0]
[8,152.85714285714283,1,0.1020408163265306]
[0,153.0612244897959,0,0]
[2,153.26530612244898,1,0.1020408163265306]
[6,153.46938775510202,1,0.1020408163265306]
[4,153.6734693877551,1,0.1020408163265306]
[3,153.87755102040816,1,0.1020408163265306]
[1,154.0816326530612,1,0.1020408163265306]
[7,154.28571428571428,1,0.1020408163265306]
[5,154.48979591836735,1,0.1020408163265306]
[0,154.6938775510204,0,0]
[1,154.79591836734693,0,0]
[3,154.89795918367346,0,0]
[4,155,0,0]
[8,155.1020408163265,1,1.0204081632653061]
[0,156.12244897959184,1,0.2040816326530612]
[1,156.32653061224488,1,0.2040816326530612]
[2,156.53061224489795,1,0.2040816326530612]
[6,156.734693877551,0,0]
[7,156.734693877551,0,0]
[8,156.93877551020407,1,0.1020408163265306]
[4,157.14285714285714,0,0]
[3,157.14285714285714,0,0]
[5,157.34693877551018,1,0.1020408163265306]
[1,157.55102040816325,0,0]
[0,157.55102040816325,0,0]
[2,157.75510204081633,1,0.1020408163265306]
[3,157.95918367346937,0,0]
[4,158.0612244897959,0,0.4081632653061224]
[5,158.16326530612244,0,0.4081632653061224]
[1,158.26530612244898,0,0.4081632653061224]
[7,158.3673469387755,0,0]
[8,158.3673469387755,0,0]
[6,158.57142857142856,1,0.1020408163265306]
[5,158.77551020408163,0,0]
[4,158.77551020408163,0,0]
[3,158.97959183673467,1,0.1020408163265306]
[2,159.18367346938774,0,0]
[1,159.18367346938774,0,0]
[0,159.3877551020408,1,0.1020408163265306]
[5,159.59183673469386,0,0.4081632653061224]
[4,159.6938775510204,0,0.4081632653061224]
[3,159.79591836734693,0,0.4081632653061224]
[1,159.89795918367346,0,0.4081632653061224]
[6,160,0,0]
[7,160,0,0]
[8,160.20408163265304,1,0.1020408163265306]
[4,160.40816326530611,0,0]
[3,160.40816326530611,0,0]
[5,160.61224489795916,1,0.1020408163265306]
[0,160.81632653061223,0,0]
[1,160.81632653061223,0,0]
[2,161.0204081632653,1,0.1020408163265306]
[3,161.22448979591834,0,0.4081632653061224]
[4,161.32653061224488,0,0.4081632653061224]
[5,161.42857142857142,0,0.4081632653061224]
[1,161.53061224489795,0,0.4081632653061224]
[7,161.6326530612245,0,0]
[8,161.6326530612245,0,0]
[6,161.83673469387753,1,0.1020408163265306]
[4,162.0408163265306,0,0]
[5,162.0408163265306,0,0]
[3,162.24489795918367,1,0.1020408163265306]
[2,162.44897959183672,0,0]
[1,162.44897959183672,0,0]
[0,162.6530612244898,1,0.1020408163265306]
[5,162.85714285714283,0,0]
[8,162.95918367346937,0,0]
[6,163.0612244897959,0,0]
[3,163.16326530612244,0,0]
[1,163.26530612244898,0,0]
[2,163.26530612244898,0,0]
[0,163.46938775510202,1,0.1020408163265306]
[4,163.6734693877551,0,0]
[5,163.6734693877551,0,0]
[3,163.87755102040816,1,0.1020408163265306]
[7,164.0816326530612,0,0]
[8,164.0816326530612,0,0]
[6,164.28571428571428,1,0.1020408163265306]
[5,164.48979591836732,0,0.4081632653061224]
[4,164.59183673469386,0,0.4081632653061224]
[3,164.6938775510204,0,0.4081632653061224]
[7,164.79591836734693,0,0.4081632653061224]
[0,164.89795918367346,0,0]
[1,164.89795918367346,0,0]
[2,165.1020408163265,1,0.1020408163265306]
[3,165.30612244897958,0,0]
[4,165.30612244897958,0,0]
[5,165.51020408163265,1,0.1020408163265306]
[6,165.7142857142857,1,0.3061224489795918]
[7,166.0204081632653,1,0.3061224489795918]
[8,166.32653061224488,1,0.2040816326530612]
[0,166.53061224489795,1,0.8163265306122448]
[2,167.34693877551018,1,0.3061224489795918]
[4,167.6530612244898,1,0.3061224489795918]
[8,167.95918367346937,1,0.2040816326530612]
[6,168.16326530612244,1,0.1020408163265306]
[3,168.3673469387755,0,0]
[7,168.57142857142856,1,0.1020408163265306]
[4,168.77551020408163,0,0]
[8,168.97959183673467,1,0.1020408163265306]
[5,169.18367346938774,0,0]
[2,169.3877551020408,1,0.4081632653061224]
[6,169.79591836734693,0,0]
[3,169.79591836734693,0,0]
[0,170,1,0.1020408163265306]
[7,170.20408163265304,0,0]
[4,170.20408163265304,0,0]
[1,170.40816326530611,1,0.1020408163265306]
[8,170.61224489795916,0,0]
[5,170.61224489795916,0,0]
[2,170.81632653061223,1,0.1020408163265306]
[6,171.0204081632653,0,0]
[7,171.12244897959184,0,0]
[5,171.22448979591834,0,0]
[4,171.32653061224488,0,0]
[3,171.42857142857142,0,0]
[0,171.42857142857142,0,0]
[6,171.6326530612245,1,0.1020408163265306]
[1,171.83673469387753,0,0]
[4,171.83673469387753,0,0]
[7,172.0408163265306,1,0.1020408163265306]
[5,172.24489795918367,0,0]
[2,172.24489795918367,0,0]
[8,172.44897959183672,1,0.1020408163265306]
[0,172.6530612244898,0,0]
[1,172.75510204081633,0,0]
[5,172.85714285714283,0,0]
[4,172.95918367346937,0,0]
[3,173.0612244897959,0,0]
[6,173.0612244897959,0,0]
[0,173.26530612244898,1,0.1020408163265306]
[7,173.46938775510202,0,0]
[4,173.46938775510202,0,0]
[1,173.6734693877551,1,0.1020408163265306]
[5,173.87755102040816,0,0]
[8,173.87755102040816,0,0]
[2,174.0816326530612,1,0.1020408163265306]
[6,174.28571428571428,0,0]
[7,174.3877551020408,0,0]
[5,174.48979591836732,0,0]
[4,174.59183673469386,0,0]
[0,174.6938775510204,0,0]
[3,174.6938775510204,0,0]
[6,174.89795918367346,1,0.1020408163265306]
[4,175.1020408163265,0,0]
[1,175.1020408163265,0,0]
[7,175.30612244897958,1,0.1020408163265306]
[8,175.51020408163265,1,0.4081632653061224]
[4,175.91836734693877,1,0.4081632653061224]
[0,176.32653061224488,1,0.4081632653061224]
[5,176.734693877551,0,0]
[2,176.734693877551,0,0]
[8,176.93877551020407,1,0.1020408163265306]
[1,177.14285714285714,0,0]
[4,177.14285714285714,0,0]
[7,177.34693877551018,1,0.1020408163265306]
[0,177.55102040816325,1,0.1020408163265306]
[3,177.75510204081633,1,0.1020408163265306]
[2,178.0612244897959,0,0]
[1,178.16326530612244,1,0.1020408163265306]
[8,178.46938775510202,0,0]
[5,178.57142857142856,1,0.1020408163265306]
[6,178.87755102040816,0,0]
[7,178.97959183673467,1,0.1020408163265306]
[0,179.28571428571428,0,0]
[3,179.3877551020408,1,0.1020408163265306]
[4,179.59183673469386,1,0.1020408163265306]
[5,179.79591836734693,1,0.1020408163265306]
[0,180,1,0.1020408163265306]
[1,180.20408163265304,1,0.1020408163265306]
[4,180.40816326530611,1,0.1020408163265306]
[3,180.61224489795916,1,0.1020408163265306]
[8,180.81632653061223,1,0.1020408163265306]
[7,181.0204081632653,1,0.1020408163265306]
[2,181.22448979591834,1,1.2244897959183672]
[6,182.85714285714283,1,0.3061224489795918]
[7,183.16326530612244,1,0.3061224489795918]
[8,183.46938775510202,1,0.3061224489795918]
[5,183.77551020408163,1,0.3061224489795918]
[4,184.0816326530612,1,0.3061224489795918]
[3,184.3877551020408,1,0.3061224489795918]
[0,184.6938775510204,1,0.3061224489795918]
[1,185,1,0.3061224489795918]
[2,185.30612244897958,1,0.3061224489795918]
[5,185.61224489795916,0,0]
[8,186.12244897959184,1,0.3061224489795918]
[7,186.42857142857142,1,0.3061224489795918]
[6,186.734693877551,1,0.3061224489795918]
[3,187.0408163265306,1,0.3061224489795918]
[4,187.34693877551018,1,0.3061224489795918]
[5,187.6530612244898,1,0.3061224489795918]
[2,187.95918367346937,1,0.3061224489795918]
[1,188.26530612244898,1,0.3061224489795918]
[0,188.57142857142856,1,0.8163265306122448]
[8,189.3877551020408,1,0.1020408163265306]
[5,189.59183673469386,1,0.1020408163265306]
[6,189.79591836734693,1,0.1020408163265306]
[3,190,1,0.1020408163265306]
[2,190.20408163265304,1,0.1020408163265306]
[1,190.40816326530611,1,0.1020408163265306]
[6,190.61224489795916,1,0.1020408163265306]
[7,190.81632653061223,1,0.1020408163265306]
[2,191.0204081632653,0,0]
[1,191.1224489795918,0,0]
[0,191.22448979591834,1,0.1020408163265306]
[3,191.42857142857142,0,0]
[4,191.53061224489795,0,0]
[5,191.6326530612245,1,0.1020408163265306]
[8,191.83673469387753,0,0]
[7,191.93877551020407,0,0]
[6,192.0408163265306,1,0.1020408163265306]
[2,192.24489795918365,0,0]
[1,192.34693877551018,0,0]
[3,192.44897959183672,0,0]
[4,192.55102040816325,0,0]
[8,192.6530612244898,1,0.4081632653061224]
[7,193.0612244897959,1,0.4081632653061224]
[6,193.46938775510202,1,0.4081632653061224]
[5,193.87755102040816,1,0.1020408163265306]
[4,194.0816326530612,1,0.1020408163265306]
[3,194.28571428571428,1,1.6326530612244896]
[2,195.1020408163265,0,0]
[1,195.30612244897958,0,0]
[4,195.51020408163265,0,0]
[5,195.7142857142857,0,0]
[8,195.91836734693877,0,0]
[7,196.53061224489795,0,0]
[3,197.55102040816325,0,0]
[4,198.16326530612244,0,0]
[6,199.18367346938774,0,0]
[7,199.79591836734693,0,0]
[5,200.81632653061223,0,0]
[4,201.42857142857142,0,0]
[8,202.44897959183672,0,0]
[7,203.0612244897959,0,0]
[3,204.0816326530612,0,0]
[4,204.6938775510204,0,0]
[6,205.7142857142857,0,0]
[7,206.32653061224488,0,0]
[5,207.34693877551018,0,0]
[4,207.95918367346937,0,0]
[8,208.97959183673467,1,0.6122448979591836]
[7,209.59183673469386,0,0]
[3,210.61224489795916,0,0]
[4,211.22448979591834,0,0]
[5,211.42857142857142,1,0.8163265306122448]
[6,212.24489795918365,1,0.6122448979591836]
[7,212.85714285714283,0,0]
[5,213.87755102040813,0,0]
[4,214.48979591836732,0,0]
[3,214.6938775510204,1,0.8163265306122448]
[8,215.51020408163265,1,0.6122448979591836]
[7,216.1224489795918,0,0]
[3,217.14285714285714,0,0]
[4,217.7551020408163,0,0]
[5,217.95918367346937,1,0.8163265306122448]
[6,218.77551020408163,1,0.6122448979591836]
[7,219.3877551020408,0,0]
[5,220.40816326530611,0,0]
[4,221.0204081632653,0,0]
[6,222.0408163265306,1,6.122448979591836]
[8,222.0408163265306,1,6.122448979591836]
[7,228.16326530612244,0,0]
[0,228.57142857142856,1,0.3061224489795918]
[2,228.57142857142856,1,0.3061224489795918]
[3,228.87755102040813,0,0]
[5,228.87755102040813,0,0]
[8,229.18367346938774,1,0.6122448979591836]
[6,229.18367346938774,1,0.6122448979591836]
[3,229.79591836734693,0,0]
[5,229.79591836734693,0,0]
[2,229.99999999999997,0,0]
[0,229.99999999999997,0,0]
[1,230.20408163265304,1,0.6122448979591836]
[7,230.20408163265304,1,0.6122448979591836]
[6,230.81632653061223,1,0.4081632653061224]
[2,230.81632653061223,1,0.4081632653061224]
[5,231.22448979591834,0,0]
[3,231.32653061224488,0,0]
[8,231.42857142857142,0,0]
[0,231.53061224489795,0,0]
[7,231.63265306122446,0,0]
[1,231.734693877551,0,0]
[6,231.83673469387753,1,0.3061224489795918]
[2,231.83673469387753,1,0.3061224489795918]
[3,232.14285714285714,0,0]
[5,232.14285714285714,0,0]
[0,232.44897959183672,1,0.6122448979591836]
[8,232.44897959183672,1,0.6122448979591836]
[5,233.0612244897959,0,0]
[3,233.0612244897959,0,0]
[2,233.26530612244898,0,0]
[6,233.26530612244898,0,0]
[1,233.46938775510202,1,0.6122448979591836]
[7,233.46938775510202,1,0.6122448979591836]
[4,234.0816326530612,1,1.0204081632653061]
[6,235.1020408163265,0,0]
[1,235.51020408163262,0,0]
[2,235.51020408163262,0,0]
[5,235.7142857142857,0,0]
[8,235.91836734693877,0,0]
[1,236.32653061224488,0,0]
[0,236.32653061224488,0,0]
[6,236.53061224489795,0,0]
[7,236.63265306122446,0,0]
[8,236.734693877551,0,0]
[1,237.14285714285714,0,0]
[2,237.14285714285714,0,0]
[5,237.34693877551018,0,0]
[0,237.7551020408163,0,0]
[1,237.7551020408163,0,0]
[6,237.95918367346937,0,0]
[7,237.95918367346937,0,0]
[5,238.16326530612244,0,0]
[4,238.26530612244898,0,0]
[3,238.36734693877548,0,0]
[1,238.77551020408163,0,0]
[2,238.77551020408163,0,0]
[5,238.97959183673467,0,0]
[8,239.18367346938774,0,0]
[1,239.59183673469386,0,0]
[0,239.59183673469386,0,0]
[6,239.79591836734693,0,0]
[7,239.89795918367346,0,0]
[8,239.99999999999997,0,0]
[1,240.40816326530611,0,0]
[2,240.40816326530611,0,0]
[3,240.61224489795916,0,0]
[4,240.7142857142857,1,0.1020408163265306]
[8,240.91836734693877,0,0]
[7,241.0204081632653,1,0.1020408163265306]
[4,241.22448979591834,1,0.1020408163265306]
[1,241.42857142857142,1,0.1020408163265306]
[6,241.63265306122446,1,0.3061224489795918]
[8,241.63265306122446,1,0.3061224489795918]
[5,241.93877551020407,0,0]
[3,241.93877551020407,0,0]
[2,242.24489795918365,1,0.6122448979591836]
[0,242.24489795918365,1,0.6122448979591836]
[3,242.85714285714283,0,0]
[5,242.85714285714283,0,0]
[8,243.0612244897959,0,0]
[6,243.0612244897959,0,0]
[1,243.26530612244898,1,0.6122448979591836]
[7,243.26530612244898,1,0.6122448979591836]
[8,243.87755102040813,1,0.4081632653061224]
[0,243.87755102040813,1,0.4081632653061224]
[3,244.28571428571428,0,0]
[5,244.38775510204079,0,0]
[6,244.48979591836732,0,0]
[2,244.59183673469386,0,0]
[7,244.6938775510204,0,0]
[1,244.79591836734693,0,0]
[0,244.89795918367346,1,0.3061224489795918]
[8,244.89795918367346,1,0.3061224489795918]
[5,245.20408163265304,0,0]
[3,245.20408163265304,0,0]
[2,245.51020408163262,1,0.6122448979591836]
[6,245.51020408163262,1,0.6122448979591836]
[7,246.1224489795918,0,0]
[1,246.1224489795918,0,0]
[0,246.32653061224488,0,0]
[8,246.32653061224488,0,0]
[3,246.53061224489795,1,0.6122448979591836]
[5,246.53061224489795,1,0.6122448979591836]
[4,247.14285714285714,1,1.0204081632653061]
[6,248.16326530612244,0,0]
[2,248.57142857142856,0,0]
[1,248.57142857142856,0,0]
[5,248.77551020408163,0,0]
[8,248.97959183673467,0,0]
[0,249.38775510204079,0,0]
[1,249.38775510204079,0,0]
[6,249.59183673469386,0,0]
[7,249.6938775510204,0,0]
[8,249.79591836734693,0,0]
[1,250.20408163265304,0,0]
[2,250.20408163265304,0,0]
[5,250.40816326530611,0,0]
[1,250.81632653061223,0,0]
[0,250.81632653061223,0,0]
[6,251.0204081632653,0,0]
[7,251.0204081632653,0,0]
[3,251.22448979591834,0,0]
[4,251.32653061224488,0,0]
[1,251.42857142857142,0,0]
[2,251.42857142857142,0,0]
[0,251.63265306122446,0,0]
[6,251.83673469387753,0,0]
[7,251.83673469387753,0,0]
[8,252.0408163265306,0,0]
[5,252.1428571428571,1,0.1020408163265306]
[3,252.34693877551018,0,0]
[0,252.44897959183672,1,0.1020408163265306]
[1,252.6530612244898,1,0.1020408163265306]
[2,252.85714285714283,0,0]
[5,252.95918367346937,0,0]
[6,253.0612244897959,1,1.6326530612244896]
[8,254.6938775510204,0,1.6326530612244896]
[7,255.1020408163265,0,0]
[6,255.51020408163262,0,1.6326530612244896]
[3,255.91836734693877,0,1.6326530612244896]
[0,256.3265306122449,0,1.6326530612244896]
[1,256.734693877551,0,0]
[2,257.1428571428571,0,1.6326530612244896]
[5,257.55102040816325,0,1.6326530612244896]
[8,257.9591836734694,0,1.6326530612244896]
[7,258.3673469387755,0,0]
[6,258.7755102040816,0,1.6326530612244896]
[5,259.1836734693877,0,0]
[4,259.3877551020408,0,0]
[0,259.59183673469386,1,0.3061224489795918]
[6,259.59183673469386,1,0.3061224489795918]
[2,259.89795918367344,1,0.3061224489795918]
[8,259.89795918367344,1,0.3061224489795918]
[1,260.204081632653,1,0.3061224489795918]
[7,260.204081632653,1,0.3061224489795918]
[5,260.51020408163265,1,0.3061224489795918]
[3,260.51020408163265,1,0.3061224489795918]
[2,260.81632653061223,1,0.4081632653061224]
[6,260.81632653061223,1,0.4081632653061224]
[8,261.2244897959184,0,0]
[7,261.63265306122446,0,0]
[6,262.0408163265306,0,0]
[3,262.4489795918367,0,0]
[0,262.85714285714283,0,0]
[1,263.265306122449,0,0]
[2,263.67346938775506,0,0]
[5,264.0816326530612,0,0]
[8,264.48979591836735,0,0]
[4,264.69387755102036,0,0]
[7,264.89795918367344,0,0]
[3,265.1020408163265,0,0]
[2,265.3061224489796,0,0]
[1,265.4081632653061,0,0]
[0,265.51020408163265,1,0.1020408163265306]
[5,265.7142857142857,0,0]
[4,265.81632653061223,0,0]
[6,265.91836734693874,0,0]
[7,266.0204081632653,0,0]
[8,266.1224489795918,1,0.4081632653061224]
[4,266.53061224489795,1,0.4081632653061224]
[6,266.93877551020404,1,0.4081632653061224]
[2,267.3469387755102,0,0]
[1,267.55102040816325,0,0]
[0,267.7551020408163,1,0.1020408163265306]
[3,267.95918367346934,1,0.1020408163265306]
[7,268.1632653061224,1,0.1020408163265306]
[4,268.3673469387755,1,0.1020408163265306]
[8,268.57142857142856,1,0.1020408163265306]
[5,268.7755102040816,1,0.1020408163265306]
[1,268.9795918367347,1,0.1020408163265306]
[4,269.1836734693877,1,0.1020408163265306]
[6,269.3877551020408,1,0.1020408163265306]
[7,269.59183673469386,1,0.1020408163265306]
[5,269.7959183673469,1,0.1020408163265306]
[4,270,1,0.1020408163265306]
[2,270.204081632653,1,0.1020408163265306]
[1,270.4081632653061,1,0.1020408163265306]
[3,270.61224489795916,1,0.4081632653061224]
[2,271.0204081632653,1,0.1020408163265306]
[5,271.2244897959184,1,0.1020408163265306]
[7,271.4285714285714,1,0.1020408163265306]
[4,271.63265306122446,1,0.1020408163265306]
[6,271.83673469387753,1,0.1020408163265306]
[3,272.0408163265306,1,0.1020408163265306]
[1,272.2448979591837,1,0.1020408163265306]
[4,272.4489795918367,1,0.1020408163265306]
[8,272.65306122448976,1,0.1020408163265306]
[7,272.85714285714283,1,0.1020408163265306]
[3,273.0612244897959,1,0.1020408163265306]
[4,273.265306122449,1,0.1020408163265306]
[0,273.46938775510205,1,0.8163265306122448]
[8,274.2857142857143,1,0.1020408163265306]
[5,274.48979591836735,1,0.1020408163265306]
[1,274.69387755102036,1,0.1020408163265306]
[4,274.89795918367344,1,0.1020408163265306]
[0,275.1020408163265,1,0.1020408163265306]
[3,275.3061224489796,1,0.1020408163265306]
[7,275.51020408163265,1,0.1020408163265306]
[4,275.7142857142857,1,0.1020408163265306]
[2,275.91836734693874,1,0.1020408163265306]
[1,276.1224489795918,1,0.1020408163265306]
[3,276.3265306122449,1,0.1020408163265306]
[4,276.53061224489795,1,0.1020408163265306]
[6,276.734693877551,1,0.1020408163265306]
[7,276.93877551020404,1,0.1020408163265306]
[5,277.1428571428571,1,0.4081632653061224]
[6,277.55102040816325,1,0.1020408163265306]
[3,277.7551020408163,1,0.1020408163265306]
[1,277.95918367346934,1,0.1020408163265306]
[4,278.1632653061224,1,0.1020408163265306]
[2,278.3673469387755,1,0.1020408163265306]
[5,278.57142857142856,1,0.1020408163265306]
[7,278.7755102040816,1,0.1020408163265306]
[4,278.97959183673464,1,0.1020408163265306]
[0,279.1836734693877,1,0.1020408163265306]
[1,279.3877551020408,1,0.1020408163265306]
[5,279.59183673469386,1,0.1020408163265306]
[4,279.7959183673469,1,0.1020408163265306]
[8,280,1,0.8163265306122448]
[6,280.81632653061223,1,0.4081632653061224]
[4,281.2244897959184,0,0.4081632653061224]
[5,281.3265306122449,0,0.4081632653061224]
[2,281.4285714285714,0,0.4081632653061224]
[1,281.53061224489795,0,0.4081632653061224]
[0,281.63265306122446,1,0.4081632653061224]
[4,282.0408163265306,0,0]
[7,282.1428571428571,0,0]
[8,282.2448979591837,0,0]
[5,282.3469387755102,0,0]
[2,282.4489795918367,1,0.4081632653061224]
[4,282.85714285714283,0,0]
[3,282.95918367346934,0,0]
[6,283.0612244897959,0,0]
[7,283.1632653061224,0,0]
[8,283.265306122449,1,0.4081632653061224]
[4,283.67346938775506,1,0.4081632653061224]
[1,284.0816326530612,1,0.4081632653061224]
[7,284.48979591836735,0,0]
[6,284.59183673469386,0,0]
[3,284.69387755102036,0,0]
[4,284.7959183673469,0,0]
[5,284.89795918367344,1,0.4081632653061224]
[3,285.3061224489796,0,0]
[0,285.4081632653061,0,0]
[1,285.51020408163265,0,0]
[4,285.61224489795916,0,0]
[7,285.71428571428567,1,0.4081632653061224]
[1,286.1224489795918,0,0]
[2,286.2244897959184,0,0]
[5,286.3265306122449,0,0]
[4,286.4285714285714,0,0]
[3,286.53061224489795,1,0.4081632653061224]
[4,286.93877551020404,1,0.4081632653061224]
[5,287.3469387755102,1,0.1020408163265306]
[2,287.55102040816325,1,0.1020408163265306]
[1,287.7551020408163,1,0.1020408163265306]
[0,287.95918367346934,1,0.1020408163265306]
[3,288.1632653061224,1,0.1020408163265306]
[6,288.3673469387755,1,0.1020408163265306]
[7,288.57142857142856,1,0.1020408163265306]
[8,288.7755102040816,1,0.1020408163265306]
[0,288.9795918367347,0,0]
[1,289.0816326530612,0,0]
[2,289.1836734693877,1,0.1020408163265306]
[3,289.3877551020408,0,0]
[4,289.48979591836735,0,0]
[5,289.59183673469386,1,0.1020408163265306]
[8,289.7959183673469,0,0]
[7,289.89795918367344,0,0]
[6,290,1,0.1020408163265306]
[5,290.204081632653,0,0]
[4,290.3061224489796,0,0]
[3,290.4081632653061,1,0.1020408163265306]
[0,290.61224489795916,0,0]
[1,290.71428571428567,0,0]
[5,290.81632653061223,0,0]
[4,290.91836734693874,0,0]
[6,291.0204081632653,0,0]
[7,291.1224489795918,0,0]
[8,291.2244897959184,1,0.1020408163265306]
[0,291.4285714285714,0,0]
[1,291.53061224489795,0,0]
[2,291.63265306122446,0,0]
[5,291.734693877551,0,0]
[3,291.83673469387753,0,0]
[6,291.93877551020404,0,0]
[7,292.0408163265306,0,0]
[8,292.1428571428571,0,0]
[4,292.2448979591837,1,1.6326530612244896]
[6,293.87755102040813,0,0]
[0,294.0816326530612,1,0.1020408163265306]
[7,294.2857142857143,0,0]
[8,294.2857142857143,0,0]
[3,294.48979591836735,0,0]
[4,294.59183673469386,0,0]
[5,294.69387755102036,0,0]
[2,294.89795918367344,1,0.1020408163265306]
[6,295.1020408163265,0,0]
[7,295.1020408163265,0,0]
[5,295.3061224489796,0,0]
[4,295.4081632653061,0,0]
[3,295.51020408163265,0,0]
[6,295.71428571428567,1,0.1020408163265306]
[1,295.91836734693874,0,0]
[2,295.91836734693874,0,0]
[3,296.1224489795918,0,0]
[4,296.2244897959184,0,0]
[5,296.3265306122449,0,0]
[8,296.53061224489795,1,0.1020408163265306]
[0,296.734693877551,0,0]
[1,296.734693877551,0,0]
[5,296.93877551020404,0,0]
[4,297.0408163265306,0,0]
[3,297.1428571428571,0,0]
[0,297.34693877550984,1,0.1020408163265306]
[8,297.5510204081629,0,0]
[7,297.5510204081629,0,0]
[3,297.755102040816,0,0]
[4,297.8571428571425,0,0]
[5,297.959183673469,0,0]
[2,298.16326530612207,1,0.1020408163265306]
[7,298.36734693877514,0,0]
[6,298.36734693877514,0,0]
[5,298.5714285714282,0,0]
[4,298.6734693877547,0,0]
[3,298.7755102040813,0,0]
[6,298.9795918367343,1,0.1020408163265306]
[1,299.1836734693874,0,0]
[2,299.1836734693874,0,0]
[3,299.38775510204044,0,0]
[4,299.489795918367,0,0]
[5,299.5918367346935,0,0]
[8,299.7959183673466,1,0.1020408163265306]
[0,300,0,0]
[4,300.204081632653,0,0]
[6,300.4081632653061,0,0]
[7,300.4081632653061,0,0]
[2,300.61224489795916,1,0.1020408163265306]
[1,300.81632653061223,0,0]
[0,300.81632653061223,0,0]
[5,301.0204081632653,0,0]
[4,301.1224489795918,0,0]
[3,301.2244897959184,0,0]
[6,301.4285714285714,1,0.1020408163265306]
[7,301.63265306122446,0,0]
[8,301.63265306122446,0,0]
[3,301.83673469387753,0,0]
[4,301.93877551020404,0,0]
[5,302.0408163265306,0,0]
[2,302.2448979591837,1,0.1020408163265306]
[1,302.4489795918367,0,0]
[0,302.4489795918367,0,0]
[5,302.65306122448976,0,0]
[4,302.7551020408163,0,0]
[3,302.85714285714283,0,0]
[6,303.0612244897959,1,0.1020408163265306]
[7,303.265306122449,0,0]
[8,303.469387755102,1,0.1020408163265306]
[2,303.67346938775506,1,0.1020408163265306]
[3,303.87755102040813,0,0]
[0,303.9795918367347,1,0.1020408163265306]
[7,304.1836734693877,0,0]
[6,304.2857142857143,1,0.1020408163265306]
[5,304.48979591836735,0,0]
[8,304.59183673469386,1,0.1020408163265306]
[1,304.7959183673469,0,0]
[2,304.89795918367344,1,0.1020408163265306]
[3,305.1020408163265,0,0]
[4,305.204081632653,0,0]
[5,305.3061224489796,1,1.2244897959183672]
[6,306.53061224489795,0,0]
[0,306.734693877551,1,0.1020408163265306]
[7,306.93877551020404,0,0]
[8,307.1428571428571,1,0.1020408163265306]
[1,307.3469387755102,0,0]
[2,307.3469387755102,0,0]
[0,307.55102040816325,1,0.1020408163265306]
[7,307.7551020408163,0,0]
[3,307.95918367346934,1,0.1020408163265306]
[4,308.1632653061224,0,0]
[5,308.1632653061224,0,0]
[0,308.3673469387755,1,0.1020408163265306]
[1,308.57142857142856,0,0]
[2,308.7755102040816,1,0.1020408163265306]
[7,308.9795918367347,0,0]
[8,308.9795918367347,0,0]
[0,309.1836734693877,1,0.1020408163265306]
[1,309.3877551020408,0,0]
[3,309.59183673469386,1,0.1020408163265306]
[4,309.7959183673469,0,0]
[5,309.7959183673469,0,0]
[0,310,1,0.1020408163265306]
[7,310.204081632653,0,0]
[8,310.4081632653061,1,0.1020408163265306]
[1,310.61224489795916,0,0]
[2,310.61224489795916,0,0]
[0,310.81632653061223,1,0.1020408163265306]
[7,311.0204081632653,0,0]
[3,311.2244897959184,1,0.1020408163265306]
[4,311.4285714285714,0,0]
[5,311.4285714285714,0,0]
[0,311.63265306122446,1,0.1020408163265306]
[1,311.83673469387753,0,0]
[2,312.0408163265306,1,0.1020408163265306]
[7,312.2448979591837,0,0]
[8,312.2448979591837,0,0]
[6,312.4489795918367,1,0.8163265306122448]
[0,313.265306122449,1,0.1020408163265306]
[2,313.469387755102,1,0.1020408163265306]
[1,313.67346938775506,1,0.1020408163265306]
[6,313.87755102040813,1,0.1020408163265306]
[7,314.0816326530612,1,0.1020408163265306]
[0,314.2857142857143,1,0.1020408163265306]
[3,314.48979591836735,1,0.1020408163265306]
[8,314.69387755102036,1,0.1020408163265306]
[5,314.89795918367344,1,0.1020408163265306]
[0,315.1020408163265,0,0]
[1,315.204081632653,0,0]
[2,315.3061224489796,1,0.1020408163265306]
[4,315.51020408163265,1,0.1020408163265306]
[6,315.71428571428567,1,0.1020408163265306]
[2,315.91836734693874,0,0]
[1,316.0204081632653,0,0]
[0,316.1224489795918,1,0.1020408163265306]
[4,316.3265306122449,1,0.1020408163265306]
[8,316.53061224489795,1,0.1020408163265306]
[0,316.734693877551,0,0]
[1,316.83673469387753,0,0]
[5,316.93877551020404,0,0]
[4,317.0408163265306,0,0]
[6,317.1428571428571,1,0.1020408163265306]
[8,317.3469387755102,1,0.1020408163265306]
[0,317.55102040816325,0,0]
[1,317.65306122448976,0,0]
[2,317.7551020408163,0,0]
[5,317.85714285714283,0,0]
[3,317.95918367346934,0,0]
[6,318.0612244897959,0,0]
[7,318.1632653061224,0,0]
[8,318.265306122449,0,0]
[4,318.3673469387755,1,1.6326530612244896]
[0,320,0,0]
[3,320.1020408163265,0,0]
[2,320.204081632653,0,0]
[5,320.3061224489796,0,0]
[1,320.4081632653061,1,0.1020408163265306]
[4,320.61224489795916,1,0.1020408163265306]
[8,320.81632653061223,1,0.1020408163265306]
[3,321.0204081632653,0,0]
[6,321.1224489795918,1,0.1020408163265306]
[1,321.3265306122449,0,0]
[0,321.4285714285714,1,0.1020408163265306]
[5,321.63265306122446,0,0]
[4,321.734693877551,0,0]
[6,321.83673469387753,0,0]
[7,321.93877551020404,0,0]
[8,322.0408163265306,1,0.1020408163265306]
[3,322.2448979591837,1,0.1020408163265306]
[2,322.4489795918367,1,0.1020408163265306]
[7,322.65306122448976,0,0]
[8,322.7551020408163,1,0.1020408163265306]
[3,322.95918367346934,0,0]
[6,323.0612244897959,1,0.1020408163265306]
[2,323.265306122449,0,0]
[5,323.3673469387755,0,0]
[8,323.469387755102,1,0.1020408163265306]
[3,323.67346938775506,0,0]
[0,323.7755102040816,1,0.1020408163265306]
[4,323.9795918367347,1,0.1020408163265306]
[2,324.1836734693877,1,0.1020408163265306]
[6,324.3877551020408,1,0.1020408163265306]
[5,324.59183673469386,0,0]
[8,324.69387755102036,1,0.1020408163265306]
[0,324.89795918367344,0,0]
[1,325,0,0]
[2,325.1020408163265,1,0.1020408163265306]
[3,325.3061224489796,0,0]
[4,325.4081632653061,0,0]
[5,325.51020408163265,1,0.1020408163265306]
[6,325.71428571428567,0,0]
[7,325.71428571428567,0,0]
[8,325.91836734693874,0,0]
[0,326.1224489795918,1,0.1020408163265306]
[8,326.53061224489795,0,0]
[7,326.63265306122446,0,0]
[3,326.734693877551,0,0]
[4,326.83673469387753,0,0]
[2,326.93877551020404,1,0.1020408163265306]
[0,327.1428571428571,1,0.1020408163265306]
[8,327.3469387755102,0,0]
[7,327.4489795918367,0,0]
[6,327.55102040816325,1,0.1020408163265306]
[2,327.7551020408163,0,0]
[1,327.85714285714283,0,0]
[3,327.95918367346934,0,0]
[4,328.0612244897959,0,0]
[5,328.1632653061224,1,0.1020408163265306]
[6,328.3673469387755,1,0.1020408163265306]
[0,328.57142857142856,1,0.1020408163265306]
[5,328.7755102040816,0,0]
[4,328.87755102040813,0,0]
[3,328.97959183673464,1,0.1020408163265306]
[8,329.1836734693877,1,0.1020408163265306]
[2,329.3877551020408,0,0]
[1,329.48979591836735,0,0]
[6,329.59183673469386,0,0]
[7,329.69387755102036,0,0]
[5,329.7959183673469,1,0.1020408163265306]
[4,330,1,0.1020408163265306]
[3,330.204081632653,1,0.1020408163265306]
[8,330.4081632653061,0,0]
[7,330.51020408163265,0,0]
[6,330.61224489795916,1,0.1020408163265306]
[1,330.81632653061223,1,0.1020408163265306]
[8,331.0204081632653,1,0.1020408163265306]
[3,331.2244897959183,0,0]
[4,331.3265306122449,0,0]
[5,331.4285714285714,0,0]
[5,331.63265306122446,0,0]
[0,331.83673469387753,1,0.1020408163265306]
[6,332.0408163265306,1,0.1020408163265306]
[8,332.2448979591837,1,0.1020408163265306]
[5,332.4489795918367,0,0]
[4,332.55102040816325,0,0]
[0,332.65306122448976,0,0]
[1,332.7551020408163,0,0]
[2,332.85714285714283,0,0]
[3,332.95918367346934,0,0]
[7,333.0612244897959,1,0.4081632653061224]
[0,333.469387755102,0,0]
[2,333.57142857142856,0,0]
[3,333.67346938775506,0,0]
[5,333.7755102040816,0,0]
[7,333.87755102040813,1,0.4081632653061224]
[0,334.2857142857143,0,0]
[2,334.3877551020408,0,0]
[3,334.48979591836735,0,0]
[5,334.59183673469386,0,0]
[7,334.69387755102036,1,0.4081632653061224]
[0,335.1020408163265,0,0]
[2,335.204081632653,0,0]
[3,335.3061224489796,0,0]
[5,335.4081632653061,0,0]
[6,335.51020408163265,1,0.1020408163265306]
[8,335.71428571428567,1,0.1020408163265306]
[0,335.91836734693874,1,0.4081632653061224]
[2,335.91836734693874,1,0.4081632653061224]
[7,336.3265306122449,1,0.1020408163265306]
[3,336.53061224489795,0,0]
[4,336.63265306122446,0,0]
[5,336.734693877551,1,0.1020408163265306]
[2,336.93877551020404,0,0]
[1,337.0408163265306,0,0]
[0,337.1428571428571,1,0.1020408163265306]
[3,337.3469387755102,1,0.1020408163265306]
[8,337.55102040816325,1,0.1020408163265306]
[5,337.7551020408163,1,0.1020408163265306]
[6,337.95918367346934,0,0.4081632653061224]
[7,338.0612244897959,0,0.4081632653061224]
[4,338.1632653061224,1,0.1020408163265306]
[3,338.3673469387755,1,0.1020408163265306]
[2,338.57142857142856,0,0]
[5,338.67346938775506,0,0]
[8,338.7755102040816,1,0.1020408163265306]
[6,338.97959183673464,1,0.1020408163265306]
[1,339.1836734693877,1,0.1020408163265306]
[4,339.3877551020408,1,0.1020408163265306]
[6,339.59183673469386,0,0]
[7,339.69387755102036,0,0]
[8,339.7959183673469,1,0.1020408163265306]
[5,340,0,0]
[4,340.1020408163265,0,0]
[3,340.204081632653,1,0.1020408163265306]
[0,340.4081632653061,0,0]
[1,340.51020408163265,0,0]
[2,340.61224489795916,1,0.1020408163265306]
[6,340.81632653061223,1,0.1020408163265306]
[7,341.0204081632653,1,0.1020408163265306]
[8,341.2244897959183,0,0]
[5,341.3265306122449,0,0]
[2,341.4285714285714,1,0.1020408163265306]
[1,341.63265306122446,0,0]
[4,341.734693877551,0,0]
[7,341.83673469387753,1,0.1020408163265306]
[6,342.0408163265306,0,0]
[3,342.1428571428571,0,0]
[0,342.2448979591837,1,0.1020408163265306]
[8,342.4489795918367,0,0]
[6,342.55102040816325,0,0]
[5,342.65306122448976,0,0]
[3,342.7551020408163,0,0]
[2,342.85714285714283,0,0]
[1,342.95918367346934,0,0]
[0,343.0612244897959,1,0.1020408163265306]
[8,343.265306122449,0,0]
[7,343.3673469387755,0,0]
[6,343.469387755102,1,0.1020408163265306]
[5,343.67346938775506,0,0]
[3,343.7755102040816,0,0]
[2,343.87755102040813,0,0]
[0,343.97959183673464,0,0]
[8,344.0816326530612,0,0]
[6,344.1836734693877,0,0]
[1,344.2857142857143,0,0]
[4,344.3877551020408,0,0]
[7,344.48979591836735,1,1.6326530612244896]
[6,346.1224489795918,0,0]
[6,346.3265306122449,0,0]
[1,346.53061224489795,1,0.4081632653061224]
[2,346.53061224489795,1,0.4081632653061224]
[7,346.93877551020404,0,0]
[4,347.1428571428571,1,0.1020408163265306]
[3,347.3469387755102,0,0]
[5,347.3469387755102,0,0]
[0,347.55102040816325,1,0.1020408163265306]
[8,347.75510204081627,1,0.1020408163265306]
[6,347.95918367346934,0,0]
[2,348.1632653061224,0,0]
[3,348.3673469387755,0,0]
[4,348.469387755102,0,0]
[5,348.57142857142856,0,0]
[6,348.77551020408157,1,0.1020408163265306]
[8,348.97959183673464,1,0.4081632653061224]
[6,349.3877551020408,0,0]
[6,349.59183673469386,0,0]
[1,349.7959183673469,0,0]
[2,349.7959183673469,0,0]
[0,349.99999999999994,1,0.1020408163265306]
[7,350.204081632653,0,0]
[4,350.4081632653061,1,0.1020408163265306]
[1,350.61224489795916,0,0]
[8,350.81632653061223,1,0.1020408163265306]
[5,351.0204081632653,0,0]
[6,351.2244897959183,1,0.1020408163265306]
[3,351.4285714285714,0,0]
[2,351.63265306122446,0,0]
[1,351.73469387755097,0,0]
[0,351.83673469387753,0,0]
[7,352.0408163265306,0,0]
[4,352.2448979591836,1,0.4081632653061224]
[6,352.65306122448976,0,0]
[6,352.85714285714283,0,0]
[1,353.0612244897959,1,0.4081632653061224]
[2,353.0612244897959,1,0.4081632653061224]
[7,353.469387755102,0,0]
[4,353.67346938775506,1,0.1020408163265306]
[5,353.87755102040813,0,0]
[3,353.87755102040813,0,0]
[0,354.0816326530612,1,0.1020408163265306]
[8,354.2857142857143,1,0.1020408163265306]
[6,354.48979591836735,0,0]
[2,354.69387755102036,0,0]
[3,354.89795918367344,0,0]
[4,355,0,0]
[5,355.1020408163265,0,0]
[6,355.3061224489796,1,0.1020408163265306]
[8,355.51020408163265,1,0.4081632653061224]
[6,355.91836734693874,0,0]
[6,356.1224489795918,0,0]
[1,356.3265306122449,0,0]
[2,356.3265306122449,0,0]
[0,356.5306122448979,1,0.1020408163265306]
[7,356.73469387755097,0,0]
[4,356.93877551020404,1,0.1020408163265306]
[1,357.1428571428571,0,0]
[8,357.3469387755102,1,0.1020408163265306]
[5,357.55102040816325,0,0]
[6,357.75510204081627,1,0.1020408163265306]
[3,357.95918367346934,0,0]
[2,358.1632653061224,0,0]
[1,358.2653061224489,0,0]
[0,358.3673469387755,0,0]
[7,358.57142857142856,0,0]
[4,358.77551020408157,1,0.4081632653061224]
[6,359.1836734693877,0,0]
[6,359.3877551020408,0,0]
[1,359.59183673469386,0,0]
[2,359.59183673469386,0,0]
[8,360,0,0]
[5,360.204081632653,1,0.1020408163265306]
[1,360.4081632653061,0,0]
[2,360.4081632653061,0,0]
[7,360.81632653061223,1,0.1020408163265306]
[4,361.0204081632653,0,0]
[1,361.2244897959183,0,0]
[2,361.2244897959183,0,0]
[0,361.63265306122446,0,0]
[3,361.83673469387753,0,0]
[1,362.0408163265306,0,0]
[2,362.0408163265306,0,0]
[6,362.4489795918367,0,0]
[6,362.65306122448976,0,0]
[1,362.85714285714283,0,0]
[2,362.85714285714283,0,0]
[5,363.265306122449,0,0]
[8,363.469387755102,0,0]
[1,363.67346938775506,0,0]
[2,363.67346938775506,0,0]
[7,364.0816326530612,0,0]
[4,364.2857142857143,1,0.1020408163265306]
[1,364.4897959183673,0,0]
[2,364.4897959183673,0,0]
[0,364.89795918367344,0,0]
[3,365.1020408163265,0,0]
[1,365.3061224489796,0,0]
[2,365.3061224489796,0,0]
[6,365.7142857142847,0,0]
[6,365.91836734693777,0,0]
[1,366.1224489795918,0,0]
[2,366.1224489795918,0,0]
[8,366.530612244897,0,0]
[5,366.73469387755,1,0.1020408163265306]
[1,366.93877551020404,0,0]
[2,366.93877551020404,0,0]
[7,367.3469387755092,1,0.1020408163265306]
[4,367.5510204081623,0,0]
[1,367.7551020408163,0,0]
[2,367.7551020408163,0,0]
[0,368.16326530612145,0,0]
[3,368.3673469387745,0,0]
[1,368.57142857142856,0,0]
[2,368.57142857142856,0,0]
[6,368.9795918367337,0,0]
[6,369.18367346938675,0,0]
[1,369.3877551020408,0,0]
[2,369.3877551020408,0,0]
[5,369.79591836734596,0,0]
[8,369.999999999999,0,0]
[1,370.204081632653,0,0]
[2,370.204081632653,0,0]
[7,370.6122448979582,0,0]
[4,370.81632653061126,1,0.1020408163265306]
[1,371.0204081632653,0,0]
[2,371.0204081632653,0,0]
[0,371.4285714285704,0,0]
[3,371.6326530612235,0,0]
[1,371.83673469387753,0,0]
[2,371.83673469387753,0,0]
[6,372.2448979591837,0,0]
[7,372.65306122448976,0,0]
[8,373.0612244897959,0,0]
[5,373.469387755102,0,0]
[2,373.87755102040813,0,0]
[1,374.2857142857143,0,0]
[0,374.69387755102036,0,0]
[3,375.1020408163265,0,0]
[6,375.51020408163265,0,0]
[7,375.91836734693874,0,0]
[8,376.3265306122449,0,0]
[5,376.73469387755097,0,0]
[2,377.1428571428571,0,0]
[1,377.55102040816325,0,0]
[0,377.95918367346934,0,0]
[3,378.3673469387755,0,0]
[8,378.7755102040816,0,0]
[7,379.3877551020408,0,0]
[3,380.4081632653061,0,0]
[4,381.0204081632653,0,0]
[6,382.0408163265306,0,0]
[7,382.65306122448976,0,0]
[5,383.67346938775506,0,0]
[4,384.2857142857143,0,0]
[8,385.30612244897964,0,0]
[7,385.9183673469388,0,0]
[3,386.9387755102041,0,0]
[4,387.5510204081633,0,0]
[6,388.5714285714286,0,0]
[7,389.18367346938777,0,0]
[5,390.2040816326531,0,0]
[4,390.8163265306123,0,0]
[8,391.83673469387753,0,0]
[7,392.4489795918367,0,0]
[3,393.469387755102,0,0]
[4,394.0816326530612,0,0]
[6,395.1020408163265,0,0]
[7,395.71428571428567,0,0]
[5,396.73469387755097,0,0]
[4,397.3469387755102,1,13.673469387755095]