[6,0.25,0,0]
[1,0.375,0,0]
[8,0.5,0,0]
[3,0.75,0,0]
[5,1,0,0]
[7,1.25,0,0]
[4,1.5,0,0]
[0,1.75,0,0]
[0,2,0,0]
[2,2,0,0]
[0,2.25,0,0]
[2,2.25,0,0]
[8,2.25,0,0]
[0,2.5,0,0]
[2,2.5,0,0]
[8,2.5,0,0]
[6,2.5,0,0]
[3,2.75,0,0]
[7,2.75,0,0]
[5,2.75,0,0]
[1,2.75,0,0]
[0,3,0,0]
[2,3,0,0]
[5,3,0,0]
[8,3,0,0]
[6,3,0,0]
[3,3,0,0]
[0,3.25,0,0]
[1,3.25,0,0]
[2,3.25,0,0]
[8,3.25,0,0]
[7,3.25,0,0]
[6,3.25,0,0]
[6,3.625,0,0]
[3,3.625,0,0]
[7,3.625,0,0]
[8,3.625,0,0]
[5,3.625,0,0]
[2,3.625,0,0]
[1,3.625,0,0]
[0,3.625,0,0]
[0,3.875,0,0]
[6,3.875,0,0]
[1,3.875,0,0]
[7,3.875,0,0]
[2,3.875,0,0]
[8,3.875,0,0]
[0,3.9375,0,0]
[6,3.9375,0,0]
[1,3.9375,0,0]
[7,3.9375,0,0]
[8,3.9375,0,0]
[2,3.9375,0,0]
[6,4,0,0]
[7,4,0,0]
[0,4,0,0]
[1,4,0,0]
[8,4,0,0]
[2,4,0,0]
[6,4.0625,0,0]
[7,4.0625,0,0]
[0,4.0625,0,0]
[1,4.0625,0,0]
[2,4.0625,0,0]
[8,4.0625,0,0]
[6,4.125,0,0]
[7,4.125,0,0]
[0,4.125,0,0]
[1,4.125,0,0]
[8,4.125,0,0]
[2,4.125,0,0]
[0,4.1875,0,0]
[1,4.1875,0,0]
[7,4.1875,0,0]
[6,4.1875,0,0]
[2,4.1875,0,0]
[8,4.1875,0,0]
[2,4.25,0,0]
[8,4.25,0,0]
[0,4.25,0,0]
[1,4.25,0,0]
[7,4.25,0,0]
[6,4.25,0,0]
[0,4.3125,0,0]
[1,4.3125,0,0]
[7,4.3125,0,0]
[6,4.3125,0,0]
[2,4.3125,0,0]
[8,4.3125,0,0]
[1,4.375,0,0]
[0,4.375,0,0]
[6,4.375,0,0]
[7,4.375,0,0]
[8,4.375,0,0]
[2,4.375,0,0]
[6,4.4375,0,0]
[7,4.4375,0,0]
[1,4.4375,0,0]
[0,4.4375,0,0]
[8,4.4375,0,0]
[2,4.4375,0,0]
[0,4.5,0,0]
[1,4.5,0,0]
[7,4.5,0,0]
[6,4.5,0,0]
[2,4.5,0,0]
[8,4.5,0,0]
[0,4.5625,0,0]
[1,4.5625,0,0]
[6,4.5625,0,0]
[7,4.5625,0,0]
[8,4.5625,0,0]
[2,4.5625,0,0]
[0,4.625,0,0]
[1,4.625,0,0]
[7,4.625,0,0]
[6,4.625,0,0]
[8,4.625,0,0]
[2,4.625,0,0]
[1,4.6875,0,0]
[0,4.6875,0,0]
[6,4.6875,0,0]
[7,4.6875,0,0]
[8,4.6875,0,0]
[2,4.6875,0,0]
[0,4.75,0,0]
[1,4.75,0,0]
[7,4.75,0,0]
[6,4.75,0,0]
[5,4.8125,0,0]
[4,5.0625,0,0]
[3,5.3125,0,0]
[4,5.5625,0,0]
[6,5.75,0,0]
[7,5.75,0,0]
[8,5.75,0,0]
[5,5.75,0,0]
[2,5.75,0,0]
[7,5.8125,0,0]
[8,5.8125,0,0]
[5,5.8125,0,0]
[2,5.8125,0,0]
[1,5.8125,0,0]
[8,5.875,0,0]
[5,5.875,0,0]
[2,5.875,0,0]
[1,5.875,0,0]
[0,5.875,0,0]
[5,5.9375,0,0]
[2,5.9375,0,0]
[1,5.9375,0,0]
[0,5.9375,0,0]
[3,5.9375,0,0]
[1,6,0,0]
[0,6,0,0]
[3,6,0,0]
[6,6,0,0]
[7,6,0,0]
[0,6.0625,0,0]
[3,6.0625,0,0]
[7,6.0625,0,0]
[6,6.0625,0,0]
[8,6.0625,0,0]
[3,6.125,0,0]
[6,6.125,0,0]
[7,6.125,0,0]
[8,6.125,0,0]
[5,6.125,0,0]
[6,6.1875,0,0]
[7,6.1875,0,0]
[8,6.1875,0,0]
[5,6.1875,0,0]
[2,6.1875,0,0]
[7,6.25,0,0]
[8,6.25,0,0]
[5,6.25,0,0]
[2,6.25,0,0]
[1,6.25,0,0]
[8,6.3125,0,0]
[5,6.3125,0,0]
[2,6.3125,0,0]
[1,6.3125,0,0]
[0,6.3125,0,0]
[5,6.375,0,0]
[2,6.375,0,0]
[1,6.375,0,0]
[0,6.375,0,0]
[3,6.375,0,0]
[2,6.4375,0,0]
[1,6.4375,0,0]
[0,6.4375,0,0]
[3,6.4375,0,0]
[6,6.4375,0,0]
[7,6.5,0,0]
[6,6.5,0,0]
[3,6.5,0,0]
[0,6.5,0,0]
[1,6.5,0,0]
[0,6.5625,0,0]
[3,6.5625,0,0]
[6,6.5625,0,0]
[7,6.5625,0,0]
[8,6.5625,0,0]
[3,6.625,0,0]
[6,6.625,0,0]
[7,6.625,0,0]
[5,6.625,0,0]
[8,6.625,0,0]
[8,6.6875,0,0]
[5,6.9375,0,0]
[4,6.9375,0,0]
[8,6.9375,0,0]
[8,7.1875,0,0]
[5,7.1875,0,0]
[4,7.1875,0,0]
[2,7.1875,0,0]
[1,7.1875,0,0]
[0,7.1875,0,0]
[4,7.5,0,0]
[5,7.5625,0,0]
[3,7.5625,0,0]
[1,7.5625,0,0]
[7,7.5625,0,0]
[4,7.5625,0,0]
[6,7.5625,0,0]
[8,7.5625,0,0]
[2,7.5625,0,0]
[0,7.5625,0,0]
[3,7.625,0,0]
[4,7.625,0,0]
[5,7.625,0,0]
[1,7.625,0,0]
[7,7.625,0,0]
[0,7.625,0,0]
[2,7.625,0,0]
[8,7.625,0,0]
[6,7.625,0,0]
[3,7.6875,0,0]
[4,7.6875,0,0]
[5,7.6875,0,0]
[1,7.6875,0,0]
[7,7.6875,0,0]
[0,7.6875,0,0]
[6,7.6875,0,0]
[8,7.6875,0,0]
[2,7.6875,0,0]
[3,7.75,0,0]
[4,7.75,0,0]
[5,7.75,0,0]
[1,7.75,0,0]
[7,7.75,0,0]
[0,7.75,0,0]
[2,7.75,0,0]
[8,7.75,0,0]
[6,7.75,0,0]
[3,7.8125,0,0]
[4,7.8125,0,0]
[5,7.8125,0,0]
[1,7.8125,0,0]
[7,7.8125,0,0]
[0,7.8125,0,0]
[2,7.8125,0,0]
[8,7.8125,0,0]
[6,7.8125,0,0]
[3,7.875,0,0]
[4,7.875,0,0]
[5,7.875,0,0]
[1,7.875,0,0]
[7,7.875,0,0]
[8,7.875,0,0]
[6,7.875,0,0]
[0,7.875,0,0]
[2,7.875,0,0]
[3,7.9375,0,0]
[4,7.9375,0,0]
[5,7.9375,0,0]
[7,7.9375,0,0]
[1,7.9375,0,0]
[2,7.9375,0,0]
[0,7.9375,0,0]
[6,7.9375,0,0]
[8,7.9375,0,0]
[3,8,0,0]
[4,8,0,0]
[5,8,0,0]
[1,8,0,0]
[7,8,0,0]
[0,8,0,0]
[2,8,0,0]
[8,8,0,0]
[6,8,0,0]
[3,8.0625,0,0]
[4,8.0625,0,0]
[5,8.0625,0,0]
[1,8.0625,0,0]
[7,8.0625,0,0]
[0,8.0625,0,0]
[2,8.0625,0,0]
[6,8.0625,0,0]
[8,8.0625,0,0]
[3,8.125,0,0]
[4,8.125,0,0]
[5,8.125,0,0]
[1,8.125,0,0]
[7,8.125,0,0]
[0,8.125,0,0]
[8,8.125,0,0]
[6,8.125,0,0]
[3,8.1875,0,0]
[4,8.1875,0,0]
[5,8.1875,0,0]
[1,8.1875,0,0]
[7,8.1875,0,0]
[0,8.1875,0,0]
[2,8.1875,0,0]
[8,8.1875,0,0]
[6,8.1875,0,0]
[3,8.25,0,0]
[4,8.25,0,0]
[5,8.25,0,0]
[1,8.25,0,0]
[7,8.25,0,0]
[0,8.25,0,0]
[2,8.25,0,0]
[8,8.25,0,0]
[6,8.25,0,0]
[3,8.3125,0,0]
[4,8.3125,0,0]
[5,8.3125,0,0]
[1,8.3125,0,0]
[7,8.3125,0,0]
[0,8.3125,0,0]
[2,8.3125,0,0]
[6,8.3125,0,0]
[8,8.3125,0,0]
[3,8.375,0,0]
[4,8.375,0,0]
[5,8.375,0,0]
[7,8.375,0,0]
[1,8.375,0,0]
[0,8.375,0,0]
[2,8.375,0,0]
[6,8.375,0,0]
[8,8.375,0,0]
[3,8.4375,0,0]
[5,8.4375,0,0]
[7,8.4375,0,0]
[1,8.4375,0,0]
[6,8.4375,0,0]
[8,8.4375,0,0]
[0,8.4375,0,0]
[2,8.4375,0,0]
[4,8.4375,0,0]
[2,8.5,0,0]
[4,8.5,0,0]
[3,8.5,0,0]
[5,8.5,0,0]
[7,8.5,0,0]
[6,8.5,0,0]
[8,8.5,0,0]
[0,8.5,0,0]
[1,8.5,0,0]
[0,8.5625,0,0]
[1,8.5625,0,0]
[2,8.5625,0,0]
[3,8.5625,0,0]
[5,8.5625,0,0]
[4,8.5625,0,0]
[7,8.5625,0,0]
[6,8.5625,0,0]
[8,8.5625,0,0]
[0,8.625,0,0]
[1,8.625,0,0]
[2,8.625,0,0]
[7,8.625,0,0]
[4,8.625,0,0]
[5,8.625,0,0]
[3,8.625,0,0]
[6,8.625,0,0]
[8,8.625,0,0]
[0,8.6875,0,0]
[1,8.6875,0,0]
[2,8.6875,0,0]
[3,8.6875,0,0]
[4,8.6875,0,0]
[5,8.6875,0,0]
[7,8.6875,0,0]
[6,8.6875,0,0]
[8,8.6875,0,0]
[0,8.75,0,0]
[1,8.75,0,0]
[2,8.75,0,0]
[5,8.75,0,0]
[4,8.75,0,0]
[3,8.75,0,0]
[7,8.75,0,0]
[6,8.75,0,0]
[8,8.75,0,0]
[5,8.8125,0,0]
[4,8.8125,0,0]
[1,8.8125,0,0]
[2,8.8125,0,0]
[0,8.8125,0,0]
[3,8.8125,0,0]
[7,8.8125,0,0]
[6,8.8125,0,0]
[8,8.8125,0,0]
[6,8.875,0,0]
[5,8.875,0,0]
[4,8.875,0,0]
[3,8.875,0,0]
[0,8.875,0,0]
[1,8.875,0,0]
[2,8.875,0,0]
[7,8.875,0,0]
[8,8.875,0,0]
[7,8.9375,0,0]
[6,8.9375,0,0]
[3,8.9375,0,0]
[4,8.9375,0,0]
[5,8.9375,0,0]
[2,8.9375,0,0]
[1,8.9375,0,0]
[0,8.9375,0,0]
[8,8.9375,0,0]
[8,9,0,0]
[7,9,0,0]
[6,9,0,0]
[3,9,0,0]
[4,9,0,0]
[5,9,0,0]
[2,9,0,0]
[1,9,0,0]
[0,9,0,0]
[3,9.0625,0,0]
[6,9.0625,0,0]
[7,9.0625,0,0]
[8,9.0625,0,0]
[5,9.0625,0,0]
[2,9.0625,0,0]
[1,9.0625,0,0]
[4,9.0625,0,0]
[5,9.125,0,0]
[7,9.125,0,0]
[8,9.125,0,0]
[0,9.125,0,0]
[8,9.1875,0,0]
[1,9.1875,0,0]
[3,9.1875,0,0]
[0,9.1875,0,0]
[6,9.25,0,0]
[4,9.25,0,0]
[2,9.25,0,0]
[1,9.25,0,0]
[3,9.25,0,0]
[5,9.25,0,0]
[7,9.25,0,0]
[8,9.25,0,0]
[7,9.3125,0,0]
[5,9.3125,0,0]
[8,9.3125,0,0]
[5,9.5,0,0]
[3,9.5,0,0]
[3,9.5625,0,0]
[5,9.5625,0,0]
[3,9.625,0,0]
[5,9.625,0,0]
[3,9.6875,0,0]
[5,9.6875,0,0]
[3,9.75,0,0]
[5,9.75,0,0]
[3,9.8125,0,0]
[5,9.8125,0,0]
[3,9.875,0,0]
[5,9.875,0,0]
[5,9.9375,0,0]
[2,9.9375,0,0]
[3,9.9375,0,0]
[6,9.9375,0,0]
[6,10,0,0]
[7,10,0,0]
[2,10,0,0]
[1,10,0,0]
[7,10.0625,0,0]
[8,10.0625,0,0]
[1,10.0625,0,0]
[0,10.0625,0,0]
[4,10.125,0,0]
[5,10.125,0,0]
[3,10.125,0,0]
[2,10.125,0,0]
[6,10.125,0,0]
[7,10.1875,0,0]
[6,10.1875,0,0]
[3,10.1875,0,0]
[2,10.1875,0,0]
[1,10.1875,0,0]
[5,10.1875,0,0]
[6,10.25,0,0]
[7,10.25,0,0]
[8,10.25,0,0]
[2,10.25,0,0]
[1,10.25,0,0]
[0,10.25,0,0]
[3,10.3125,0,0]
[0,10.3125,0,0]
[1,10.3125,0,0]
[7,10.3125,0,0]
[8,10.3125,0,0]
[5,10.3125,0,0]
[8,10.375,0,0]
[5,10.375,0,0]
[2,10.375,0,0]
[0,10.375,0,0]
[3,10.375,0,0]
[6,10.375,0,0]
[5,10.4375,0,0]
[2,10.4375,0,0]
[1,10.4375,0,0]
[3,10.4375,0,0]
[6,10.4375,0,0]
[7,10.4375,0,0]
[2,10.5,0,0]
[1,10.5,0,0]
[0,10.5,0,0]
[8,10.5,0,0]
[7,10.5,0,0]
[6,10.5,0,0]
[3,10.5625,0,0]
[0,10.5625,0,0]
[1,10.5625,0,0]
[7,10.5625,0,0]
[8,10.5625,0,0]
[5,10.5625,0,0]
[8,10.625,0,0]
[5,10.625,0,0]
[2,10.625,0,0]
[6,10.625,0,0]
[3,10.625,0,0]
[0,10.625,0,0]
[1,10.6875,0,0]
[5,10.6875,0,0]
[2,10.6875,0,0]
[3,10.6875,0,0]
[6,10.6875,0,0]
[7,10.6875,0,0]
[6,10.75,0,0]
[7,10.75,0,0]
[2,10.75,0,0]
[1,10.75,0,0]
[7,10.8125,0,0]
[1,10.8125,0,0]
[7,10.875,0,0]
[1,10.875,0,0]
[7,10.9375,0,0]
[1,10.9375,0,0]
[7,11,0,0]
[1,11,0,0]
[7,11.0625,0,0]
[1,11.0625,0,0]
[2,11.125,0,0]
[1,11.125,0,0]
[1,11.1875,0,0]
[0,11.1875,0,0]
[0,11.25,0,0]
[3,11.25,0,0]
[3,11.3125,0,0]
[4,11.3125,0,0]
[4,11.375,0,0]
[5,11.375,0,0]
[5,11.4375,0,0]
[8,11.4375,0,0]
[8,11.5,0,0]
[7,11.5,0,0]
[7,11.5625,0,0]
[6,11.5625,0,0]
[6,11.625,0,0]
[3,11.625,0,0]
[3,11.6875,0,0]
[0,11.6875,0,0]
[0,11.75,0,0]
[1,11.75,0,0]
[1,11.8125,0,0]
[2,11.8125,0,0]
[2,11.875,0,0]
[5,11.875,0,0]
[5,11.9375,0,0]
[8,11.9375,0,0]
[8,12,0,0]
[7,12,0,0]
[7,12.0625,0,0]
[6,12.0625,0,0]
[4,12.0625,0,0]
[6,12.125,0,0]
[3,12.125,0,0]
[3,12.1875,0,0]
[0,12.1875,0,0]
[0,12.25,0,0]
[1,12.25,0,0]
[4,12.25,0,0]
[1,12.3125,0,0]
[2,12.3125,0,0]
[2,12.375,0,0]
[5,12.375,0,0]
[5,12.4375,0,0]
[8,12.4375,0,0]
[4,12.4375,0,0]
[8,12.5,0,0]
[7,12.5,0,0]
[7,12.5625,0,0]
[6,12.5625,0,0]
[6,12.625,0,0]
[3,12.625,0,0]
[4,12.625,0,0]
[3,12.6875,0,0]
[0,12.6875,0,0]
[0,12.75,0,0]
[1,12.75,0,0]
[1,12.8125,0,0]
[2,12.8125,0,0]
[2,12.875,0,0]
[5,12.875,0,0]
[5,12.9375,0,0]
[8,12.9375,0,0]
[8,13,0,0]
[7,13,0,0]
[7,13.0625,0,0]
[6,13.0625,0,0]
[6,13.125,0,0]
[3,13.125,0,0]
[0,13.125,0,0]
[1,13.125,0,0]
[3,13.1875,0,0]
[0,13.1875,0,0]
[1,13.1875,0,0]
[5,13.1875,0,0]
[2,13.1875,0,0]
[0,13.25,0,0]
[1,13.25,0,0]
[2,13.25,0,0]
[5,13.25,0,0]
[8,13.25,0,0]
[7,13.25,0,0]
[1,13.3125,0,0]
[2,13.3125,0,0]
[5,13.3125,0,0]
[8,13.3125,0,0]
[7,13.3125,0,0]
[6,13.3125,0,0]
[3,13.3125,0,0]
[0,13.375,0,0]
[3,13.375,0,0]
[6,13.375,0,0]
[7,13.375,0,0]
[4,13.375,0,0]
[1,13.375,0,0]
[2,13.375,0,0]
[5,13.375,0,0]
[8,13.375,0,0]
[0,13.4375,0,0]
[3,13.4375,0,0]
[6,13.4375,0,0]
[7,13.4375,0,0]
[4,13.4375,0,0]
[1,13.4375,0,0]
[2,13.4375,0,0]
[5,13.4375,0,0]
[8,13.4375,0,0]
[0,13.5,0,0]
[1,13.5,0,0]
[2,13.5,0,0]
[5,13.5,0,0]
[4,13.5,0,0]
[3,13.5,0,0]
[6,13.5,0,0]
[8,13.5,0,0]
[7,13.5,0,0]
[0,13.5625,0,0]
[1,13.5625,0,0]
[2,13.5625,0,0]
[5,13.5625,0,0]
[4,13.5625,0,0]
[3,13.5625,0,0]
[6,13.5625,0,0]
[7,13.5625,0,0]
[8,13.5625,0,0]
[0,13.625,0,0]
[1,13.625,0,0]
[2,13.625,0,0]
[5,13.625,0,0]
[4,13.625,0,0]
[3,13.625,0,0]
[6,13.625,0,0]
[7,13.625,0,0]
[8,13.625,0,0]
[0,13.6875,0,0]
[1,13.6875,0,0]
[2,13.6875,0,0]
[5,13.6875,0,0]
[4,13.6875,0,0]
[3,13.6875,0,0]
[6,13.6875,0,0]
[7,13.6875,0,0]
[8,13.6875,0,0]
[0,13.75,0,0]
[1,13.75,0,0]
[2,13.75,0,0]
[5,13.75,0,0]
[3,13.75,0,0]
[6,13.75,0,0]
[7,13.75,0,0]
[8,13.75,0,0]
[4,13.75,0,0]
[0,13.8125,0,0]
[1,13.8125,0,0]
[2,13.8125,0,0]
[5,13.8125,0,0]
[8,13.8125,0,0]
[7,13.8125,0,0]
[6,13.8125,0,0]
[3,13.8125,0,0]
[0,13.875,0,0]
[2,13.875,0,0]
[6,13.875,0,0]
[8,13.875,0,0]
[4,13.9375,0,0]
[4,14.125,0,0]
[4,14.25,0,0]
[4,14.3125,0,0]
[4,14.375,0,0]
[5,14.4375,0,0]
[3,14.4375,0,0]
[2,14.5625,0,0]
[6,14.5625,0,0]
[1,14.6875,0,0]
[7,14.6875,0,0]
[8,14.8125,0,0]
[0,14.8125,0,0]
[8,15.0625,0,0]
[0,15.0625,0,0]
[7,15.1875,0,0]
[1,15.1875,0,0]
[2,15.3125,0,0]
[6,15.3125,0,0]
[8,15.5625,0,0]
[0,15.5625,0,0]
[5,15.6875,0,0]
[3,15.6875,0,0]
[2,15.8125,0,0]
[6,15.8125,0,0]
[2,16.0625,0,0]
[6,16.0625,0,0]
[5,16.1875,0,0]
[3,16.1875,0,0]
[8,16.3125,0,0]
[0,16.3125,0,0]
[1,16.5625,0,0]
[2,16.5625,0,0]
[5,16.5625,0,0]
[8,16.5625,0,0]
[0,16.6875,0,0]
[1,16.6875,0,0]
[2,16.6875,0,0]
[5,16.6875,0,0]
[1,16.8125,0,0]
[0,16.8125,0,0]
[7,17,0,0]
[6,17,0,0]
[3,17,0,0]
[0,17,0,0]
[8,17.125,0,0]
[7,17.125,0,0]
[6,17.125,0,0]
[3,17.125,0,0]
[8,17.25,0,0]
[7,17.25,0,0]
[4,17.4375,0,0]
[4,17.5,0,0]
[0,17.5625,0,0]
[3,17.5625,0,0]
[6,17.5625,0,0]
[7,17.5625,0,0]
[8,17.5625,0,0]
[5,17.5625,0,0]
[2,17.5625,0,0]
[1,17.5625,0,0]
[4,17.5625,0,0]
[0,17.625,0,0]
[1,17.625,0,0]
[2,17.625,0,0]
[3,17.625,0,0]
[4,17.625,0,0]
[6,17.625,0,0]
[7,17.625,0,0]
[8,17.625,0,0]
[5,17.625,0,0]
[3,17.6875,0,0]
[4,17.6875,0,0]
[6,17.6875,0,0]
[8,17.6875,0,0]
[0,17.6875,0,0]
[1,17.6875,0,0]
[2,17.6875,0,0]
[7,17.6875,0,0]
[5,17.6875,0,0]
[3,17.75,0,0]
[6,17.75,0,0]
[7,17.75,0,0]
[4,17.75,0,0]
[1,17.75,0,0]
[0,17.75,0,0]
[2,17.75,0,0]
[5,17.75,0,0]
[8,17.75,0,0]
[8,17.8125,0,0]
[7,17.8125,0,0]
[3,17.8125,0,0]
[6,17.8125,0,0]
[4,17.8125,0,0]
[5,17.8125,0,0]
[2,17.8125,0,0]
[1,17.8125,0,0]
[0,17.8125,0,0]
[4,18,0,0]
[0,18.1875,0,0]
[3,18.1875,0,0]
[8,18.1875,0,0]
[5,18.1875,0,0]
[3,18.25,0,0]
[5,18.25,0,0]
[0,18.25,0,0]
[8,18.25,0,0]
[6,18.25,0,0]
[2,18.25,0,0]
[3,18.3125,0,0]
[6,18.3125,0,0]
[2,18.3125,0,0]
[5,18.3125,0,0]
[0,18.3125,0,0]
[8,18.3125,0,0]
[5,18.375,0,0]
[2,18.375,0,0]
[3,18.375,0,0]
[6,18.375,0,0]
[0,18.375,0,0]
[8,18.375,0,0]
[2,18.4375,0,0]
[5,18.4375,0,0]
[3,18.4375,0,0]
[6,18.4375,0,0]
[0,18.4375,0,0]
[8,18.4375,0,0]
[2,18.5,0,0]
[5,18.5,0,0]
[3,18.5,0,0]
[6,18.5,0,0]
[0,18.5,0,0]
[8,18.5,0,0]
[2,18.5625,0,0]
[5,18.5625,0,0]
[3,18.5625,0,0]
[6,18.5625,0,0]
[0,18.5625,0,0]
[8,18.5625,0,0]
[3,18.625,0,0]
[6,18.625,0,0]
[5,18.625,0,0]
[2,18.625,0,0]
[0,18.625,0,0]
[8,18.625,0,0]
[3,18.6875,0,0]
[6,18.6875,0,0]
[5,18.6875,0,0]
[2,18.6875,0,0]
[0,18.6875,0,0]
[8,18.6875,0,0]
[3,18.75,0,0]
[6,18.75,0,0]
[5,18.75,0,0]
[2,18.75,0,0]
[0,18.75,0,0]
[8,18.75,0,0]
[3,18.8125,0,0]
[6,18.8125,0,0]
[2,18.8125,0,0]
[5,18.8125,0,0]
[0,18.8125,0,0]
[8,18.8125,0,0]
[5,18.875,0,0]
[2,18.875,0,0]
[3,18.875,0,0]
[6,18.875,0,0]
[0,18.875,0,0]
[8,18.875,0,0]
[5,18.9375,0,0]
[2,18.9375,0,0]
[3,18.9375,0,0]
[6,18.9375,0,0]
[0,18.9375,0,0]
[8,18.9375,0,0]
[5,19,0,0]
[2,19,0,0]
[3,19,0,0]
[6,19,0,0]
[0,19,0,0]
[8,19,0,0]
[5,19.0625,0,0]
[2,19.0625,0,0]
[3,19.0625,0,0]
[6,19.0625,0,0]
[0,19.0625,0,0]
[8,19.0625,0,0]
[2,19.125,0,0]
[5,19.125,0,0]
[3,19.125,0,0]
[6,19.125,0,0]
[8,19.125,0,0]
[0,19.125,0,0]
[2,19.1875,0,0]
[5,19.1875,0,0]
[3,19.1875,0,0]
[0,19.1875,0,0]
[8,19.1875,0,0]
[6,19.1875,0,0]
[4,19.1875,0,0]
[5,19.25,0,0]
[2,19.25,0,0]
[3,19.25,0,0]
[6,19.25,0,0]
[0,19.25,0,0]
[8,19.25,0,0]
[5,19.3125,0,0]
[2,19.3125,0,0]
[3,19.3125,0,0]
[6,19.3125,0,0]
[0,19.3125,0,0]
[8,19.3125,0,0]
[5,19.375,0,0]
[2,19.375,0,0]
[3,19.375,0,0]
[6,19.375,0,0]
[0,19.375,0,0]
[8,19.375,0,0]
[7,19.375,0,0]
[1,19.375,0,0]
[5,19.4375,0,0]
[2,19.4375,0,0]
[3,19.4375,0,0]
[6,19.4375,0,0]
[0,19.4375,0,0]
[8,19.4375,0,0]
[5,19.5,0,0]
[2,19.5,0,0]
[3,19.5,0,0]
[6,19.5,0,0]
[0,19.5,0,0]
[8,19.5,0,0]
[2,19.5625,0,0]
[5,19.5625,0,0]
[3,19.5625,0,0]
[6,19.5625,0,0]
[0,19.5625,0,0]
[8,19.5625,0,0]
[4,19.5625,0,0]
[3,19.625,0,0]
[6,19.625,0,0]
[5,19.625,0,0]
[2,19.625,0,0]
[0,19.625,0,0]
[8,19.625,0,0]
[3,19.6875,0,0]
[6,19.6875,0,0]
[5,19.6875,0,0]
[2,19.6875,0,0]
[0,19.6875,0,0]
[8,19.6875,0,0]
[3,19.75,0,0]
[6,19.75,0,0]
[5,19.75,0,0]
[2,19.75,0,0]
[0,19.75,0,0]
[8,19.75,0,0]
[1,19.75,0,0]
[7,19.75,0,0]
[3,19.8125,0,0]
[6,19.8125,0,0]
[5,19.8125,0,0]
[2,19.8125,0,0]
[0,19.8125,0,0]
[8,19.8125,0,0]
[3,19.875,0,0]
[6,19.875,0,0]
[5,19.875,0,0]
[2,19.875,0,0]
[0,19.875,0,0]
[8,19.875,0,0]
[3,19.9375,0,0]
[6,19.9375,0,0]
[5,19.9375,0,0]
[2,19.9375,0,0]
[0,19.9375,0,0]
[8,19.9375,0,0]
[4,19.9375,0,0]
[3,20,0,0]
[0,20,0,0]
[5,20,0,0]
[8,20,0,0]
[8,20.0625,0,0]
[0,20.0625,0,0]
[7,20.0625,0,0]
[1,20.0625,0,0]
[4,20.125,0,0]
[4,20.1875,0,0]
[4,20.25,0,0]
[4,20.3125,0,0]
[4,20.375,0,0]
[4,20.4375,0,0]
[4,20.5,0,0]
[4,20.5625,0,0]
[4,20.625,0,0]
[4,20.6875,0,0]
[4,20.75,0,0]
[4,20.8125,0,0]
[4,20.875,0,0]
[4,20.9375,0,0]
[5,20.9375,0,0]
[3,20.9375,0,0]
[3,21,0,0]
[5,21,0,0]
[8,21.0625,0,0]
[0,21.0625,0,0]
[0,21.125,0,0]
[1,21.125,0,0]
[8,21.125,0,0]
[7,21.125,0,0]
[0,21.1875,0,0]
[1,21.1875,0,0]
[2,21.1875,0,0]
[8,21.1875,0,0]
[7,21.1875,0,0]
[6,21.1875,0,0]
[3,21.25,0,0]
[7,21.25,0,0]
[6,21.25,0,0]
[1,21.25,0,0]
[2,21.25,0,0]
[5,21.25,0,0]
[6,21.3125,0,0]
[3,21.3125,0,0]
[2,21.3125,0,0]
[5,21.3125,0,0]
[4,21.3125,0,0]
[3,21.375,0,0]
[5,21.375,0,0]
[4,21.375,0,0]
[4,21.4375,0,0]
[4,21.5,0,0]
[4,21.5625,0,0]
[4,21.625,0,0]
[4,21.6875,0,0]
[4,21.75,0,0]
[8,21.8125,0,0]
[0,21.8125,0,0]
[4,21.8125,0,0]
[0,21.875,0,0]
[8,21.875,0,0]
[4,21.875,0,0]
[0,21.9375,0,0]
[8,21.9375,0,0]
[4,21.9375,0,0]
[0,22,0,0]
[8,22,0,0]
[4,22,0,0]
[0,22.0625,0,0]
[8,22.0625,0,0]
[4,22.0625,0,0]
[0,22.125,0,0]
[8,22.125,0,0]
[4,22.125,0,0]
[0,22.1875,0,0]
[8,22.1875,0,0]
[4,22.1875,0,0]
[0,22.25,0,0]
[8,22.25,0,0]
[4,22.25,0,0]
[0,22.3125,0,0]
[8,22.3125,0,0]
[4,22.3125,0,0]
[0,22.375,0,0]
[8,22.375,0,0]
[4,22.375,0,0]
[0,22.4375,0,0]
[8,22.4375,0,0]
[4,22.4375,0,0]
[0,22.5,0,0]
[8,22.5,0,0]
[4,22.5,0,0]
[0,22.5625,0,0]
[8,22.5625,0,0]
[4,22.5625,0,0]
[0,22.625,0,0]
[8,22.625,0,0]
[4,22.625,0,0]
[7,22.6875,0,0]
[1,22.6875,0,0]
[6,22.75,0,0]
[2,22.75,0,0]
[3,22.8125,0,0]
[5,22.8125,0,0]
[6,22.875,0,0]
[2,22.875,0,0]
[7,22.9375,0,0]
[1,22.9375,0,0]
[0,23,0,0]
[8,23,0,0]
[3,23.0625,0,0]
[5,23.0625,0,0]
[3,23.125,0,0]
[5,23.125,0,0]
[3,23.1875,0,0]
[5,23.1875,0,0]
[3,23.25,0,0]
[5,23.25,0,0]
[3,23.3125,0,0]
[5,23.3125,0,0]
[3,23.375,0,0]
[5,23.375,0,0]
[3,23.4375,0,0]
[5,23.4375,0,0]
[3,23.5,0,0]
[5,23.5,0,0]
[3,23.5625,0,0]
[6,23.5625,0,0]
[5,23.5625,0,0]
[2,23.5625,0,0]
[3,23.625,0,0]
[6,23.625,0,0]
[7,23.625,0,0]
[8,23.625,0,0]
[5,23.625,0,0]
[2,23.625,0,0]
[1,23.625,0,0]
[0,23.625,0,0]
[0,23.6875,0,0]
[3,23.6875,0,0]
[6,23.6875,0,0]
[7,23.6875,0,0]
[8,23.6875,0,0]
[5,23.6875,0,0]
[2,23.6875,0,0]
[1,23.6875,0,0]
[0,23.75,0,0]
[8,23.75,0,0]
[5,23.75,0,0]
[2,23.75,0,0]
[1,23.75,0,0]
[3,23.75,0,0]
[6,23.75,0,0]
[7,23.75,0,0]
[0,23.8125,0,0]
[3,23.8125,0,0]
[6,23.8125,0,0]
[7,23.8125,0,0]
[8,23.8125,0,0]
[5,23.8125,0,0]
[2,23.8125,0,0]
[1,23.8125,0,0]
[0,23.875,0,0]
[8,23.875,0,0]
[2,23.875,0,0]
[6,23.875,0,0]
[3,23.875,0,0]
[5,23.875,0,0]
[7,23.875,0,0]
[1,23.875,0,0]
[1,23.9375,0,0]
[2,23.9375,0,0]
[5,23.9375,0,0]
[8,23.9375,0,0]
[7,23.9375,0,0]
[6,23.9375,0,0]
[3,23.9375,0,0]
[0,23.9375,0,0]
[0,24,0,0]
[1,24,0,0]
[3,24,0,0]
[5,24,0,0]
[2,24,0,0]
[8,24,0,0]
[7,24,0,0]
[6,24,0,0]
[0,24.0625,0,0]
[1,24.0625,0,0]
[2,24.0625,0,0]
[5,24.0625,0,0]
[8,24.0625,0,0]
[7,24.0625,0,0]
[6,24.0625,0,0]
[3,24.0625,0,0]
[0,24.125,0,0]
[1,24.125,0,0]
[2,24.125,0,0]
[5,24.125,0,0]
[8,24.125,0,0]
[7,24.125,0,0]
[6,24.125,0,0]
[3,24.125,0,0]
[0,24.1875,0,0]
[8,24.1875,0,0]
[5,24.1875,0,0]
[2,24.1875,0,0]
[1,24.1875,0,0]
[7,24.1875,0,0]
[6,24.1875,0,0]
[3,24.1875,0,0]
[0,24.25,0,0]
[1,24.25,0,0]
[2,24.25,0,0]
[5,24.25,0,0]
[3,24.25,0,0]
[6,24.25,0,0]
[7,24.25,0,0]
[8,24.25,0,0]
[0,24.3125,0,0]
[2,24.3125,0,0]
[1,24.3125,0,0]
[3,24.3125,0,0]
[5,24.3125,0,0]
[6,24.3125,0,0]
[8,24.3125,0,0]
[7,24.3125,0,0]
[0,24.375,0,0]
[2,24.375,0,0]
[1,24.375,0,0]
[3,24.375,0,0]
[5,24.375,0,0]
[6,24.375,0,0]
[8,24.375,0,0]
[7,24.375,0,0]
[0,24.4375,0,0]
[1,24.4375,0,0]
[2,24.4375,0,0]
[5,24.4375,0,0]
[8,24.4375,0,0]
[7,24.4375,0,0]
[6,24.4375,0,0]
[2,24.5,0,0]
[5,24.5,0,0]
[8,24.5,0,0]
[7,24.5,0,0]
[3,24.5,0,0]
[6,24.5,0,0]
[0,24.5625,0,0]
[3,24.5625,0,0]
[6,24.5625,0,0]
[7,24.5625,0,0]
[8,24.5625,0,0]
[1,24.625,0,0]
[0,24.625,0,0]
[3,24.625,0,0]
[6,24.625,0,0]
[2,24.6875,0,0]
[1,24.6875,0,0]
[0,24.6875,0,0]
[2,24.75,0,0]
[5,24.75,0,0]
[5,24.8125,0,0]
[4,24.8125,0,0]
[3,24.8125,0,0]
[3,24.875,0,0]
[6,24.875,0,0]
[7,24.875,0,0]
[6,24.9375,0,0]
[7,24.9375,0,0]
[8,24.9375,0,0]
[5,24.9375,0,0]
[5,25,0,0]
[8,25,0,0]
[7,25,0,0]
[1,25,0,0]
[2,25,0,0]
[2,25.0625,0,0]
[1,25.0625,0,0]
[3,25.0625,0,0]
[0,25.0625,0,0]
[6,25.0625,0,0]
[7,25.0625,0,0]
[5,25.125,0,0]
[8,25.125,0,0]
[2,25.125,0,0]
[1,25.125,0,0]
[0,25.125,0,0]
[3,25.125,0,0]
[6,25.125,0,0]
[7,25.125,0,0]
[3,25.1875,0,0]
[7,25.1875,0,0]
[5,25.1875,0,0]
[1,25.1875,0,0]
[3,25.25,0,0]
[1,25.25,0,0]
[5,25.25,0,0]
[7,25.25,0,0]
[1,25.3125,0,0]
[3,25.3125,0,0]
[5,25.3125,0,0]
[7,25.3125,0,0]
[2,25.375,0,0]
[0,25.375,0,0]
[6,25.375,0,0]
[8,25.375,0,0]
[4,25.375,0,0]
[6,25.4375,0,0]
[2,25.4375,0,0]
[8,25.4375,0,0]
[0,25.4375,0,0]
[4,25.4375,0,0]
[0,25.5,0,0]
[2,25.5,0,0]
[4,25.5,0,0]
[6,25.5,0,0]
[8,25.5,0,0]
[6,25.5625,0,0]
[4,25.5625,0,0]
[2,25.5625,0,0]
[8,25.5625,0,0]
[0,25.5625,0,0]
[6,25.625,0,0]
[4,25.625,0,0]
[2,25.625,0,0]
[8,25.625,0,0]
[0,25.625,0,0]
[6,25.6875,0,0]
[4,25.6875,0,0]
[2,25.6875,0,0]
[8,25.6875,0,0]
[0,25.6875,0,0]
[6,25.75,0,0]
[4,25.75,0,0]
[2,25.75,0,0]
[8,25.75,0,0]
[0,25.75,0,0]
[6,25.8125,0,0]
[4,25.8125,0,0]
[2,25.8125,0,0]
[8,25.8125,0,0]
[0,25.8125,0,0]
[6,25.875,0,0]
[4,25.875,0,0]
[8,25.875,0,0]
[2,25.875,0,0]
[0,25.875,0,0]
[6,25.9375,0,0]
[4,25.9375,0,0]
[8,25.9375,0,0]
[2,25.9375,0,0]
[0,25.9375,0,0]
[6,26,0,0]
[4,26,0,0]
[8,26,0,0]
[2,26,0,0]
[0,26,0,0]
[6,26.0625,0,0]
[4,26.0625,0,0]
[2,26.0625,0,0]
[8,26.0625,0,0]
[0,26.0625,0,0]
[6,26.125,0,0]
[4,26.125,0,0]
[2,26.125,0,0]
[8,26.125,0,0]
[0,26.125,0,0]
[6,26.1875,0,0]
[4,26.1875,0,0]
[2,26.1875,0,0]
[8,26.1875,0,0]
[0,26.1875,0,0]
[6,26.25,0,0]
[4,26.25,0,0]
[2,26.25,0,0]
[8,26.25,0,0]
[0,26.25,0,0]
[0,26.3125,0,0]
[4,26.3125,0,0]
[8,26.3125,0,0]
[6,26.3125,0,0]
[2,26.3125,0,0]
[5,26.3125,0,0]
[6,26.375,0,0]
[4,26.375,0,0]
[0,26.375,0,0]
[5,26.375,0,0]
[8,26.375,0,0]
[2,26.375,0,0]
[6,26.4375,0,0]
[0,26.4375,0,0]
[5,26.4375,0,0]
[2,26.4375,0,0]
[8,26.4375,0,0]
[7,26.4375,0,0]
[4,26.4375,0,0]
[6,26.5,0,0]
[0,26.5,0,0]
[1,26.5,0,0]
[4,26.5,0,0]
[7,26.5,0,0]
[2,26.5,0,0]
[5,26.5,0,0]
[8,26.5,0,0]
[6,26.5625,0,0]
[7,26.5625,0,0]
[8,26.5625,0,0]
[5,26.5625,0,0]
[4,26.5625,0,0]
[1,26.5625,0,0]
[2,26.5625,0,0]
[0,26.5625,0,0]
[6,26.625,0,0]
[0,26.625,0,0]
[3,26.625,0,0]
[1,26.625,0,0]
[4,26.625,0,0]
[7,26.625,0,0]
[5,26.625,0,0]
[2,26.625,0,0]
[8,26.625,0,0]
[6,26.6875,0,0]
[4,26.6875,0,0]
[2,26.6875,0,0]
[0,26.6875,0,0]
[8,26.6875,0,0]
[5,26.6875,0,0]
[7,26.6875,0,0]
[3,26.6875,0,0]
[1,26.6875,0,0]
[6,26.75,0,0]
[3,26.75,0,0]
[4,26.75,0,0]
[7,26.75,0,0]
[8,26.75,0,0]
[5,26.75,0,0]
[2,26.75,0,0]
[0,26.75,0,0]
[1,26.75,0,0]
[3,26.8125,0,0]
[1,26.8125,0,0]
[5,26.8125,0,0]
[7,26.8125,0,0]
[0,26.8125,0,0]
[4,26.8125,0,0]
[8,26.8125,0,0]
[2,26.8125,0,0]
[6,26.8125,0,0]
[0,26.875,0,0]
[1,26.875,0,0]
[2,26.875,0,0]
[5,26.875,0,0]
[4,26.875,0,0]
[3,26.875,0,0]
[6,26.875,0,0]
[7,26.875,0,0]
[8,26.875,0,0]
[0,26.9375,0,0]
[4,26.9375,0,0]
[1,26.9375,0,0]
[2,26.9375,0,0]
[5,26.9375,0,0]
[3,26.9375,0,0]
[6,26.9375,0,0]
[7,26.9375,0,0]
[8,26.9375,0,0]
[0,27,0,0]
[1,27,0,0]
[2,27,0,0]
[5,27,0,0]
[4,27,0,0]
[3,27,0,0]
[6,27,0,0]
[7,27,0,0]
[8,27,0,0]
[3,27.0625,0,0]
[6,27.0625,0,0]
[7,27.0625,0,0]
[1,27.0625,0,0]
[2,27.0625,0,0]
[5,27.0625,0,0]
[3,27.125,0,0]
[6,27.125,0,0]
[7,27.125,0,0]
[1,27.125,0,0]
[2,27.125,0,0]
[5,27.125,0,0]
[3,27.1875,0,0]
[1,27.1875,0,0]
[6,27.1875,0,0]
[2,27.1875,0,0]
[5,27.1875,0,0]
[7,27.1875,0,0]
[3,27.25,0,0]
[1,27.25,0,0]
[2,27.25,0,0]
[6,27.25,0,0]
[5,27.25,0,0]
[7,27.25,0,0]
[3,27.3125,0,0]
[1,27.3125,0,0]
[2,27.3125,0,0]
[6,27.3125,0,0]
[5,27.3125,0,0]
[7,27.3125,0,0]
[3,27.375,0,0]
[1,27.375,0,0]
[2,27.375,0,0]
[6,27.375,0,0]
[5,27.375,0,0]
[7,27.375,0,0]
[1,27.4375,0,0]
[3,27.4375,0,0]
[2,27.4375,0,0]
[6,27.4375,0,0]
[5,27.4375,0,0]
[7,27.4375,0,0]
[1,27.5,0,0]
[3,27.5,0,0]
[2,27.5,0,0]
[6,27.5,0,0]
[5,27.5,0,0]
[7,27.5,0,0]
[1,27.5625,0,0]
[3,27.5625,0,0]
[2,27.5625,0,0]
[6,27.5625,0,0]
[5,27.5625,0,0]
[7,27.5625,0,0]
[1,27.625,0,0]
[3,27.625,0,0]
[2,27.625,0,0]
[6,27.625,0,0]
[5,27.625,0,0]
[7,27.625,0,0]
[1,27.6875,0,0]
[3,27.6875,0,0]
[2,27.6875,0,0]
[6,27.6875,0,0]
[5,27.6875,0,0]
[7,27.6875,0,0]
[3,27.75,0,0]
[6,27.75,0,0]
[7,27.75,0,0]
[5,27.75,0,0]
[2,27.75,0,0]
[1,27.75,0,0]
[1,27.8125,0,0]
[2,27.8125,0,0]
[7,27.8125,0,0]
[5,27.8125,0,0]
[6,27.8125,0,0]
[3,27.8125,0,0]
[1,27.875,0,0]
[3,27.875,0,0]
[2,27.875,0,0]
[6,27.875,0,0]
[5,27.875,0,0]
[7,27.875,0,0]
[1,27.9375,0,0]
[3,27.9375,0,0]
[2,27.9375,0,0]
[6,27.9375,0,0]
[5,27.9375,0,0]
[7,27.9375,0,0]
[1,28,0,0]
[3,28,0,0]
[2,28,0,0]
[6,28,0,0]
[5,28,0,0]
[7,28,0,0]
[1,28.0625,0,0]
[3,28.0625,0,0]
[2,28.0625,0,0]
[6,28.0625,0,0]
[5,28.0625,0,0]
[7,28.0625,0,0]
[1,28.125,0,0]
[2,28.125,0,0]
[5,28.125,0,0]
[1,28.1875,0,0]
[2,28.1875,0,0]
[5,28.1875,0,0]
[1,28.75,0,0]
[4,28.75,0,0]
[5,28.75,0,0]
[1,29.25,0,0]
[5,29.25,0,0]
[1,29.75,0,0]
[4,29.75,0,0]
[7,29.75,0,0]
[7,30.25,0,0]
[4,30.25,0,0]
[1,30.25,0,0]
[2,30.25,0,0]
[0,30.6875,0,0]
[1,30.6875,0,0]
[6,30.6875,0,0]
[0,31.125,0,0]
[4,31.125,0,0]
[4,31.5,0,0]
[4,31.5625,0,0]
[5,31.5625,0,0]
[3,31.625,0,0]
[4,31.625,0,0]
[5,31.625,0,0]
[3,31.6875,0,0]
[4,31.6875,0,0]
[5,31.6875,0,0]
[2,31.6875,0,0]
[6,31.75,0,0]
[3,31.75,0,0]
[4,31.75,0,0]
[5,31.75,0,0]
[2,31.75,0,0]
[7,31.8125,0,0]
[6,31.8125,0,0]
[1,31.8125,0,0]
[3,31.8125,0,0]
[4,31.8125,0,0]
[5,31.8125,0,0]
[2,31.8125,0,0]
[0,31.875,0,0]
[8,31.875,0,0]
[4,31.875,0,0]
[5,31.875,0,0]
[2,31.875,0,0]
[1,31.875,0,0]
[7,31.875,0,0]
[6,31.875,0,0]
[3,31.875,0,0]
[4,31.9375,1,0.375]
[2,32.3125,0,0]
[2,32.375,0,0]
[1,32.375,0,0]
[5,32.375,0,0]
[1,32.4375,0,0]
[0,32.4375,0,0]
[5,32.4375,0,0]
[8,32.4375,0,0]
[2,32.4375,0,0]
[7,32.5,0,0]
[8,32.5,0,0]
[5,32.5,0,0]
[2,32.5,0,0]
[1,32.5,0,0]
[0,32.5,0,0]
[3,32.5,0,0]
[3,32.5625,0,0]
[0,32.5625,0,0]
[1,32.5625,0,0]
[2,32.5625,0,0]
[5,32.5625,0,0]
[8,32.5625,0,0]
[7,32.5625,0,0]
[6,32.5625,0,0]
[1,32.625,0,0]
[0,32.625,0,0]
[3,32.625,0,0]
[5,32.625,0,0]
[8,32.625,0,0]
[7,32.625,0,0]
[6,32.625,0,0]
[6,32.6875,0,0]
[0,32.6875,0,0]
[3,32.6875,0,0]
[7,32.6875,0,0]
[8,32.6875,0,0]
[6,32.75,0,0]
[3,32.75,0,0]
[7,32.75,0,0]
[6,32.8125,0,0]
[6,32.875,0,0]
[3,32.875,0,0]
[7,32.875,0,0]
[6,32.9375,0,0]
[7,32.9375,0,0]
[8,32.9375,0,0]
[3,32.9375,0,0]
[0,32.9375,0,0]
[6,33,0,0]
[3,33,0,0]
[0,33,0,0]
[1,33,0,0]
[7,33,0,0]
[8,33,0,0]
[5,33,0,0]
[8,33.0625,0,0]
[5,33.0625,0,0]
[0,33.0625,0,0]
[1,33.0625,0,0]
[2,33.0625,0,0]
[2,33.125,0,0]
[1,33.125,0,0]
[5,33.125,0,0]
[2,33.1875,0,0]
[2,33.25,0,0]
[2,33.3125,0,0]
[1,33.3125,0,0]
[1,33.375,0,0]
[0,33.375,0,0]
[0,33.4375,0,0]
[0,33.5,0,0]
[0,33.5625,0,0]
[0,33.625,0,0]
[3,33.625,0,0]
[3,33.6875,0,0]
[6,33.6875,0,0]
[6,33.75,0,0]
[6,33.8125,0,0]
[6,33.875,0,0]
[7,33.875,0,0]
[7,33.9375,0,0]
[8,33.9375,0,0]
[8,34,0,0]
[8,34.0625,0,0]
[8,34.125,0,0]
[8,34.1875,0,0]
[5,34.1875,0,0]
[5,34.25,0,0]
[2,34.25,0,0]
[2,34.3125,0,0]
[2,34.375,0,0]
[2,34.4375,0,0]
[2,34.5,0,0]
[2,34.5625,0,0]
[2,34.625,0,0]
[2,34.6875,0,0]
[2,34.75,0,0]
[2,34.8125,0,0]
[2,34.875,0,0]
[2,34.9375,0,0]
[2,35,0,0]
[4,35,0,0]
[4,35.0625,0,0]
[6,35.0625,0,0]
[6,35.125,0,0]
[6,35.1875,0,0]
[6,35.25,0,0]
[6,35.3125,0,0]
[6,35.375,0,0]
[4,35.375,0,0]
[4,35.4375,0,0]
[2,35.4375,0,0]
[2,35.5,0,0]
[2,35.5625,0,0]
[2,35.625,0,0]
[2,35.6875,0,0]
[2,35.75,0,0]
[2,35.8125,0,0]
[2,35.875,0,0]
[1,35.875,0,0]
[1,35.9375,0,0]
[0,35.9375,0,0]
[0,36,0,0]
[0,36.0625,0,0]
[0,36.125,0,0]
[0,36.1875,0,0]
[0,36.25,0,0]
[0,36.3125,0,0]
[0,36.375,0,0]
[4,36.375,0,0]
[8,36.4375,0,0]
[4,36.4375,0,0]
[8,36.5,0,0]
[8,36.5625,0,0]
[8,36.625,0,0]
[8,36.6875,0,0]
[8,36.75,0,0]
[8,36.8125,0,0]
[8,36.875,0,0]
[7,36.875,0,0]
[6,36.9375,0,0]
[7,36.9375,0,0]
[6,37,0,0]
[6,37.0625,0,0]
[6,37.125,0,0]
[6,37.1875,0,0]
[6,37.25,0,0]
[3,37.25,0,0]
[3,37.3125,0,0]
[0,37.3125,0,0]
[0,37.375,0,0]
[0,37.4375,0,0]
[0,37.5,0,0]
[0,37.5625,0,0]
[0,37.625,0,0]
[0,37.6875,0,0]
[3,37.75,0,0]
[4,37.75,0,0]
[1,37.75,0,0]
[6,38.1875,0,0]
[7,38.1875,0,0]
[8,38.1875,0,0]
[5,38.1875,0,0]
[2,38.1875,0,0]
[6,38.625,0,0]
[7,38.625,0,0]
[8,38.625,0,0]
[5,38.625,0,0]
[2,38.625,0,0]
[3,38.625,0,0]
[4,38.625,0,0]
[1,38.625,0,0]
[0,39.5,0,0]
[1,39.5,0,0]
[2,39.5,0,0]
[5,39.5,0,0]
[8,39.5,0,0]
[4,39.5,0,0]
[2,39.9375,0,0]
[4,39.9375,0,0]
[8,39.9375,0,0]
[0,40.375,0,0]
[3,40.375,0,0]
[6,40.375,0,0]
[7,40.375,0,0]
[8,40.375,0,0]
[4,40.375,0,0]
[0,40.8125,0,0]
[4,40.8125,0,0]
[2,40.8125,0,0]
[2,41.25,0,0]
[4,41.25,0,0]
[8,41.25,0,0]
[0,41.6875,0,0]
[4,41.6875,0,0]
[2,41.6875,0,0]
[0,42.125,0,0]
[0,42.1875,0,0]
[1,42.1875,0,0]
[2,42.25,0,0]
[1,42.25,0,0]
[2,42.3125,0,0]
[8,42.625,0,0]
[7,42.6875,0,0]
[8,42.6875,0,0]
[6,42.75,0,0]
[7,42.75,0,0]
[6,42.8125,0,0]
[0,43.125,0,0]
[3,43.1875,0,0]
[0,43.1875,0,0]
[3,43.25,0,0]
[6,43.25,0,0]
[6,43.3125,0,0]
[8,43.625,0,0]
[8,43.6875,0,0]
[5,43.6875,0,0]
[5,43.75,0,0]
[2,43.75,0,0]
[2,43.8125,0,0]
[2,44,0,0]
[2,44.0625,0,0]
[1,44.0625,0,0]
[1,44.125,0,0]
[0,44.125,0,0]
[0,44.1875,0,0]
[3,44.375,0,0]
[3,44.4375,0,0]
[4,44.4375,0,0]
[4,44.5,0,0]
[5,44.5,0,0]
[5,44.5625,0,0]
[8,44.8125,0,0]
[8,44.875,0,0]
[7,44.875,0,0]
[7,44.9375,0,0]
[6,44.9375,0,0]
[6,45,0,0]
[6,45.4375,0,0]
[3,45.4375,0,0]
[0,45.4375,0,0]
[1,45.4375,0,0]
[7,45.8125,0,0]
[8,45.8125,0,0]
[5,45.8125,0,0]
[2,45.8125,0,0]
[4,46.5,0,0]
[6,46.6875,0,0]
[2,46.6875,0,0]
[6,46.75,0,0]
[2,46.75,0,0]
[3,46.8125,0,0]
[5,46.8125,0,0]
[3,46.875,0,0]
[5,46.875,0,0]
[0,46.9375,0,0]
[8,46.9375,0,0]
[0,47,0,0]
[8,47,0,0]
[1,47.0625,0,0]
[7,47.0625,0,0]
[1,47.125,0,0]
[7,47.125,0,0]
[4,47.1875,0,0]
[4,47.25,0,0]
[5,47.3125,0,0]
[3,47.3125,0,0]
[5,47.375,0,0]
[3,47.375,0,0]
[6,47.4375,0,0]
[2,47.4375,0,0]
[2,47.5,0,0]
[6,47.5,0,0]
[1,47.5625,0,0]
[7,47.5625,0,0]
[1,47.625,0,0]
[7,47.625,0,0]
[8,47.6875,0,0]
[0,47.6875,0,0]
[0,47.75,0,0]
[8,47.75,0,0]
[4,47.8125,0,0]
[4,47.875,0,0]
[0,47.9375,0,0]
[8,47.9375,0,0]
[0,48,0,0]
[8,48,0,0]
[5,48.0625,0,0]
[3,48.0625,0,0]
[5,48.125,0,0]
[3,48.125,0,0]
[6,48.1875,0,0]
[2,48.1875,0,0]
[6,48.25,0,0]
[2,48.25,0,0]
[4,48.3125,0,0]
[4,48.375,0,0]
[2,48.4375,0,0]
[6,48.4375,0,0]
[6,48.5,0,0]
[2,48.5,0,0]
[7,48.5625,0,0]
[1,48.5625,0,0]
[7,48.625,0,0]
[1,48.625,0,0]
[5,48.6875,0,0]
[3,48.6875,0,0]
[5,48.75,0,0]
[3,48.75,0,0]
[3,48.8125,0,0]
[6,48.8125,0,0]
[5,48.8125,0,0]
[2,48.8125,0,0]
[0,48.875,0,0]
[1,48.875,0,0]
[2,48.875,0,0]
[5,48.875,0,0]
[3,48.875,0,0]
[6,48.875,0,0]
[7,48.875,0,0]
[8,48.875,0,0]
[1,48.9375,0,0]
[2,48.9375,0,0]
[5,48.9375,0,0]
[8,48.9375,0,0]
[7,48.9375,0,0]
[6,48.9375,0,0]
[3,48.9375,0,0]
[4,48.9375,0,0]
[6,49,0,0]
[7,49,0,0]
[8,49,0,0]
[5,49,0,0]
[2,49,0,0]
[1,49,0,0]
[4,49,0,0]
[7,49.0625,0,0]
[8,49.0625,0,0]
[5,49.0625,0,0]
[2,49.0625,0,0]
[1,49.0625,0,0]
[4,49.0625,0,0]
[8,49.125,0,0]
[5,49.125,0,0]
[2,49.125,0,0]
[1,49.125,0,0]
[4,49.125,0,0]
[5,49.1875,0,0]
[2,49.1875,0,0]
[1,49.1875,0,0]
[4,49.1875,0,0]
[2,49.25,0,0]
[1,49.25,0,0]
[4,49.25,0,0]
[1,49.3125,0,0]
[4,49.3125,0,0]
[4,49.375,0,0]
[4,49.4375,0,0]
[4,49.5,0,0]
[4,49.5625,0,0]
[4,49.625,0,0]
[4,49.6875,0,0]
[4,49.75,0,0]
[4,49.8125,0,0]
[4,49.875,0,0]
[4,49.9375,0,0]
[4,50,0,0]
[4,50.0625,0,0]
[4,50.125,0,0]
[4,50.1875,0,0]
[5,50.25,0,0]
[2,50.3125,0,0]
[1,50.375,0,0]
[0,50.4375,0,0]
[3,50.5,0,0]
[6,50.5625,0,0]
[7,50.625,0,0]
[8,50.6875,0,0]
[5,50.75,0,0]
[2,50.8125,0,0]
[1,50.875,0,0]
[4,50.9375,0,0]
[7,51,0,0]
[6,51.0625,0,0]
[3,51.125,0,0]
[4,51.1875,0,0]
[5,51.25,0,0]
[8,51.3125,0,0]
[7,51.375,0,0]
[4,51.4375,0,0]
[1,51.5,0,0]
[0,51.5625,0,0]
[3,51.625,0,0]
[4,51.6875,0,0]
[5,51.75,0,0]
[2,51.8125,0,0]
[1,51.875,0,0]
[0,51.9375,0,0]
[3,52,0,0]
[4,52.0625,0,0]
[7,52.125,0,0]
[6,52.1875,0,0]
[3,52.25,0,0]
[0,52.3125,0,0]
[1,52.375,0,0]
[4,52.4375,0,0]
[7,52.5,0,0]
[8,52.5625,0,0]
[5,52.625,0,0]
[2,52.6875,0,0]
[1,52.75,0,0]
[4,52.8125,0,0]
[7,52.875,0,0]
[6,52.9375,0,0]
[4,53,0,0]
[2,53.0625,0,0]
[1,53.125,0,0]
[0,53.1875,0,0]
[3,53.25,0,0]
[6,53.3125,0,0]
[7,53.375,0,0]
[8,53.4375,0,0]
[5,53.5,0,0]
[4,53.5625,0,0]
[4,53.625,0,0]
[4,53.6875,0,0]
[4,53.75,0,0]
[4,53.8125,0,0]
[4,53.875,0,0]
[4,53.9375,0,0]
[5,54,0,0]
[5,54.0625,0,0]
[2,54.125,0,0]
[2,54.1875,0,0]
[1,54.25,0,0]
[1,54.3125,0,0]
[0,54.375,0,0]
[0,54.4375,0,0]
[3,54.5,0,0]
[3,54.5625,0,0]
[4,54.625,0,0]
[4,54.6875,0,0]
[5,54.75,0,0]
[5,54.8125,0,0]
[8,54.875,0,0]
[8,54.9375,0,0]
[7,55,0,0]
[7,55.0625,0,0]
[6,55.125,0,0]
[6,55.1875,0,0]
[3,55.25,0,0]
[3,55.3125,0,0]
[0,55.375,0,0]
[0,55.4375,0,0]
[1,55.5,0,0]
[4,55.5625,0,0]
[7,55.625,0,0]
[8,55.6875,0,0]
[5,55.75,0,0]
[2,55.8125,0,0]
[1,55.875,0,0]
[4,55.9375,0,0]
[7,56,0,0]
[6,56.0625,0,0]
[3,56.125,0,0]
[0,56.1875,0,0]
[1,56.25,0,0]
[2,56.3125,0,0]
[5,56.375,0,0]
[4,56.4375,0,0]
[4,56.5,0,0]
[4,56.5625,0,0]
[4,56.625,0,0]
[4,56.6875,0,0]
[4,56.75,0,0]
[4,56.8125,0,0]
[4,56.875,0,0]
[4,56.9375,0,0]
[4,57,0,0]
[5,57,0,0]
[3,57,0,0]
[3,57.0625,0,0]
[6,57.0625,0,0]
[5,57.0625,0,0]
[2,57.0625,0,0]
[6,57.125,0,0]
[7,57.125,0,0]
[2,57.125,0,0]
[1,57.125,0,0]
[1,57.1875,0,0]
[7,57.1875,0,0]
[4,57.1875,0,0]
[4,57.25,0,0]
[3,57.25,0,0]
[5,57.25,0,0]
[5,57.3125,0,0]
[8,57.3125,0,0]
[3,57.3125,0,0]
[0,57.3125,0,0]
[0,57.375,0,0]
[1,57.375,0,0]
[8,57.375,0,0]
[7,57.375,0,0]
[7,57.4375,0,0]
[6,57.4375,0,0]
[1,57.4375,0,0]
[2,57.4375,0,0]
[2,57.5,0,0]
[5,57.5,0,0]
[6,57.5,0,0]
[3,57.5,0,0]
[2,57.5625,0,0]
[1,57.5625,0,0]
[6,57.5625,0,0]
[7,57.5625,0,0]
[7,57.625,0,0]
[8,57.625,0,0]
[1,57.625,0,0]
[0,57.625,0,0]
[0,57.6875,0,0]
[3,57.6875,0,0]
[8,57.6875,0,0]
[5,57.6875,0,0]
[5,57.75,0,0]
[2,57.75,0,0]
[3,57.75,0,0]
[6,57.75,0,0]
[6,57.8125,0,0]
[7,57.8125,0,0]
[2,57.8125,0,0]
[1,57.8125,0,0]
[7,57.875,0,0]
[8,57.875,0,0]
[1,57.875,0,0]
[0,57.875,0,0]
[0,57.9375,0,0]
[3,57.9375,0,0]
[8,57.9375,0,0]
[5,57.9375,0,0]
[5,58,0,0]
[2,58,0,0]
[3,58,0,0]
[6,58,0,0]
[2,58.0625,0,0]
[1,58.0625,0,0]
[6,58.0625,0,0]
[7,58.0625,0,0]
[1,58.125,0,0]
[0,58.125,0,0]
[8,58.125,0,0]
[7,58.125,0,0]
[8,58.1875,0,0]
[5,58.1875,0,0]
[0,58.1875,0,0]
[3,58.1875,0,0]
[0,58.25,0,0]
[1,58.25,0,0]
[8,58.25,0,0]
[7,58.25,0,0]
[7,58.3125,0,0]
[6,58.3125,0,0]
[1,58.3125,0,0]
[2,58.3125,0,0]
[2,58.375,0,0]
[5,58.375,0,0]
[6,58.375,0,0]
[3,58.375,0,0]
[3,58.4375,0,0]
[0,58.4375,0,0]
[5,58.4375,0,0]
[8,58.4375,0,0]
[0,58.5,0,0]
[1,58.5,0,0]
[8,58.5,0,0]
[7,58.5,0,0]
[1,58.5625,0,0]
[2,58.5625,0,0]
[7,58.5625,0,0]
[6,58.5625,0,0]
[6,58.625,0,0]
[3,58.625,0,0]
[2,58.625,0,0]
[5,58.625,0,0]
[3,58.6875,0,0]
[0,58.6875,0,0]
[5,58.6875,0,0]
[8,58.6875,0,0]
[8,58.75,0,0]
[7,58.75,0,0]
[0,58.75,0,0]
[1,58.75,0,0]
[1,58.8125,0,0]
[2,58.8125,0,0]
[7,58.8125,0,0]
[6,58.8125,0,0]
[2,58.875,0,0]
[5,58.875,0,0]
[6,58.875,0,0]
[3,58.875,0,0]
[3,58.9375,0,0]
[0,58.9375,0,0]
[5,58.9375,0,0]
[8,58.9375,0,0]
[0,59,0,0]
[1,59,0,0]
[8,59,0,0]
[7,59,0,0]
[1,59.0625,0,0]
[2,59.0625,0,0]
[7,59.0625,0,0]
[6,59.0625,0,0]
[2,59.125,0,0]
[5,59.125,0,0]
[6,59.125,0,0]
[3,59.125,0,0]
[3,59.1875,0,0]
[0,59.1875,0,0]
[5,59.1875,0,0]
[8,59.1875,0,0]
[6,59.25,0,0]
[2,59.25,0,0]
[7,59.3125,0,0]
[1,59.3125,0,0]
[0,59.375,0,0]
[8,59.375,0,0]
[3,59.4375,0,0]
[5,59.4375,0,0]
[6,59.5,0,0]
[2,59.5,0,0]
[7,59.5625,0,0]
[1,59.5625,0,0]
[0,59.625,0,0]
[8,59.625,0,0]
[3,59.6875,0,0]
[5,59.6875,0,0]
[6,59.75,0,0]
[2,59.75,0,0]
[7,59.8125,0,0]
[1,59.8125,0,0]
[8,59.875,0,0]
[0,59.875,0,0]
[3,59.9375,0,0]
[5,59.9375,0,0]
[6,60,0,0]
[7,60.0625,0,0]
[8,60.125,0,0]
[5,60.1875,0,0]
[2,60.25,0,0]
[1,60.3125,0,0]
[0,60.375,0,0]
[3,60.4375,0,0]
[6,60.5,0,0]
[7,60.5625,0,0]
[8,60.625,0,0]
[5,60.6875,0,0]
[2,60.75,0,0]
[1,60.8125,0,0]
[6,60.875,0,0]
[3,60.875,0,0]
[4,60.875,0,0]
[5,60.875,0,0]
[8,60.875,0,0]
[1,60.875,0,0]
[7,60.875,0,0]
[6,60.9375,0,0]
[3,60.9375,0,0]
[4,60.9375,0,0]
[5,60.9375,0,0]
[8,60.9375,0,0]
[1,60.9375,0,0]
[7,60.9375,0,0]
[6,61,0,0]
[3,61,0,0]
[4,61,0,0]
[5,61,0,0]
[8,61,0,0]
[1,61,0,0]
[7,61,0,0]
[6,61.0625,0,0]
[3,61.0625,0,0]
[4,61.0625,0,0]
[5,61.0625,0,0]
[8,61.0625,0,0]
[1,61.0625,0,0]
[7,61.0625,0,0]
[6,61.125,0,0]
[3,61.125,0,0]
[4,61.125,0,0]
[5,61.125,0,0]
[8,61.125,0,0]
[1,61.125,0,0]
[7,61.125,0,0]
[6,61.1875,0,0]
[3,61.1875,0,0]
[4,61.1875,0,0]
[5,61.1875,0,0]
[8,61.1875,0,0]
[1,61.1875,0,0]
[7,61.1875,0,0]
[6,61.25,0,0]
[3,61.25,0,0]
[4,61.25,0,0]
[5,61.25,0,0]
[8,61.25,0,0]
[1,61.25,0,0]
[7,61.25,0,0]
[6,61.3125,0,0]
[3,61.3125,0,0]
[4,61.3125,0,0]
[5,61.3125,0,0]
[8,61.3125,0,0]
[1,61.3125,0,0]
[7,61.3125,0,0]
[6,61.375,0,0]
[3,61.375,0,0]
[4,61.375,0,0]
[5,61.375,0,0]
[8,61.375,0,0]
[1,61.375,0,0]
[7,61.375,0,0]
[3,61.4375,0,0]
[5,61.4375,0,0]
[1,61.4375,0,0]
[4,61.4375,0,0]
[6,61.4375,0,0]
[8,61.4375,0,0]
[7,61.4375,0,0]
[6,61.5,0,0]
[3,61.5,0,0]
[4,61.5,0,0]
[5,61.5,0,0]
[8,61.5,0,0]
[1,61.5,0,0]
[7,61.5,0,0]
[6,61.5625,0,0]
[3,61.5625,0,0]
[4,61.5625,0,0]
[8,61.5625,0,0]
[1,61.5625,0,0]
[5,61.5625,0,0]
[7,61.5625,0,0]
[6,61.625,0,0]
[3,61.625,0,0]
[4,61.625,0,0]
[5,61.625,0,0]
[8,61.625,0,0]
[1,61.625,0,0]
[7,61.625,0,0]
[0,61.6875,0,0]
[3,61.6875,0,0]
[4,61.6875,0,0]
[5,61.6875,0,0]
[2,61.6875,0,0]
[7,61.6875,0,0]
[1,61.6875,0,0]
[0,61.75,0,0]
[3,61.75,0,0]
[4,61.75,0,0]
[5,61.75,0,0]
[2,61.75,0,0]
[7,61.75,0,0]
[1,61.75,0,0]
[0,61.8125,0,0]
[3,61.8125,0,0]
[4,61.8125,0,0]
[5,61.8125,0,0]
[2,61.8125,0,0]
[7,61.8125,0,0]
[1,61.8125,0,0]
[0,61.875,0,0]
[3,61.875,0,0]
[4,61.875,0,0]
[5,61.875,0,0]
[2,61.875,0,0]
[7,61.875,0,0]
[1,61.875,0,0]
[0,61.9375,0,0]
[3,61.9375,0,0]
[4,61.9375,0,0]
[5,61.9375,0,0]
[2,61.9375,0,0]
[7,61.9375,0,0]
[1,61.9375,0,0]
[0,62,0,0]
[3,62,0,0]
[4,62,0,0]
[5,62,0,0]
[2,62,0,0]
[7,62,0,0]
[1,62,0,0]
[0,62.0625,0,0]
[3,62.0625,0,0]
[4,62.0625,0,0]
[5,62.0625,0,0]
[2,62.0625,0,0]
[7,62.0625,0,0]
[1,62.0625,0,0]
[0,62.125,0,0]
[4,62.125,0,0]
[3,62.125,0,0]
[7,62.125,0,0]
[5,62.125,0,0]
[2,62.125,0,0]
[1,62.125,0,0]
[0,62.1875,0,0]
[3,62.1875,0,0]
[4,62.1875,0,0]
[5,62.1875,0,0]
[2,62.1875,0,0]
[7,62.1875,0,0]
[1,62.1875,0,0]
[0,62.25,0,0]
[3,62.25,0,0]
[4,62.25,0,0]
[2,62.25,0,0]
[7,62.25,0,0]
[5,62.25,0,0]
[1,62.25,0,0]
[0,62.3125,0,0]
[3,62.3125,0,0]
[4,62.3125,0,0]
[5,62.3125,0,0]
[2,62.3125,0,0]
[7,62.3125,0,0]
[1,62.3125,0,0]
[0,62.375,0,0]
[3,62.375,0,0]
[4,62.375,0,0]
[5,62.375,0,0]
[2,62.375,0,0]
[7,62.375,0,0]
[1,62.375,0,0]
[0,62.4375,0,0]
[3,62.4375,0,0]
[4,62.4375,0,0]
[5,62.4375,0,0]
[2,62.4375,0,0]
[7,62.4375,0,0]
[1,62.4375,0,0]
[8,62.5,0,0]
[5,62.5,0,0]
[2,62.5,0,0]
[2,62.5625,0,0]
[1,62.5625,0,0]
[5,62.5625,0,0]
[0,62.625,0,0]
[1,62.625,0,0]
[2,62.625,0,0]
[1,62.6875,0,0]
[0,62.6875,0,0]
[3,62.6875,0,0]
[4,62.6875,0,0]
[0,62.75,0,0]
[3,62.75,0,0]
[6,62.75,0,0]
[4,62.75,0,0]
[3,62.8125,0,0]
[6,62.8125,0,0]
[7,62.8125,0,0]
[4,62.8125,0,0]
[6,62.875,0,0]
[7,62.875,0,0]
[8,62.875,0,0]
[4,62.875,0,0]
[7,62.9375,0,0]
[8,62.9375,0,0]
[5,62.9375,0,0]
[4,62.9375,0,0]
[8,63,0,0]
[5,63,0,0]
[2,63,0,0]
[4,63,0,0]
[5,63.0625,0,0]
[2,63.0625,0,0]
[1,63.0625,0,0]
[4,63.0625,0,0]
[2,63.125,0,0]
[1,63.125,0,0]
[0,63.125,0,0]
[4,63.125,0,0]
[1,63.1875,0,0]
[0,63.1875,0,0]
[3,63.1875,0,0]
[4,63.1875,0,0]
[0,63.25,0,0]
[3,63.25,0,0]
[6,63.25,0,0]
[4,63.25,0,0]
[3,63.3125,0,0]
[6,63.3125,0,0]
[7,63.3125,0,0]
[4,63.3125,0,0]
[6,63.375,0,0]
[7,63.375,0,0]
[8,63.375,0,0]
[4,63.375,0,0]
[7,63.4375,0,0]
[8,63.4375,0,0]
[5,63.4375,0,0]
[4,63.4375,0,0]
[8,63.5,0,0]
[5,63.5,0,0]
[2,63.5,0,0]
[4,63.5,0,0]
[5,63.5625,0,0]
[2,63.5625,0,0]
[1,63.5625,0,0]
[4,63.5625,0,0]
[2,63.625,0,0]
[1,63.625,0,0]
[0,63.625,0,0]
[4,63.625,0,0]
[1,63.6875,0,0]
[0,63.6875,0,0]
[3,63.6875,0,0]
[4,63.6875,0,0]
[0,63.75,0,0]
[3,63.75,0,0]
[6,63.75,0,0]
[4,63.75,0,0]
[3,63.8125,0,0]
[6,63.8125,0,0]
[7,63.8125,0,0]
[4,63.8125,0,0]
[6,63.875,0,0]
[7,63.875,0,0]
[8,63.875,0,0]
[4,63.875,0,0]
[7,63.9375,0,0]
[5,63.9375,0,0]
[8,63.9375,0,0]
[4,63.9375,0,0]
[2,64,0,0]
[5,64,0,0]
[8,64,0,0]
[4,64,0,0]
[5,64.0625,0,0]
[8,64.0625,0,0]
[7,64.0625,0,0]
[4,64.0625,0,0]
[8,64.125,0,0]
[7,64.125,0,0]
[6,64.125,0,0]
[4,64.125,0,0]
[3,64.1875,0,0]
[6,64.1875,0,0]
[7,64.1875,0,0]
[4,64.1875,0,0]
[0,64.25,0,0]
[3,64.25,0,0]
[6,64.25,0,0]
[4,64.25,0,0]
[3,64.3125,0,0]
[1,64.3125,0,0]
[0,64.3125,0,0]
[4,64.3125,0,0]
[0,64.375,0,0]
[1,64.375,0,0]
[2,64.375,0,0]
[4,64.375,0,0]
[1,64.4375,0,0]
[2,64.4375,0,0]
[5,64.4375,0,0]
[4,64.4375,0,0]
[2,64.5,0,0]
[5,64.5,0,0]
[8,64.5,0,0]
[4,64.5,0,0]
[5,64.5625,0,0]
[8,64.5625,0,0]
[7,64.5625,0,0]
[4,64.5625,0,0]
[6,64.625,0,0]
[7,64.625,0,0]
[8,64.625,0,0]
[4,64.625,0,0]
[3,64.6875,0,0]
[6,64.6875,0,0]
[7,64.6875,0,0]
[4,64.6875,0,0]
[0,64.75,0,0]
[3,64.75,0,0]
[6,64.75,0,0]
[4,64.75,0,0]
[3,64.8125,0,0]
[6,64.8125,0,0]
[7,64.8125,0,0]
[4,64.8125,0,0]
[6,64.875,0,0]
[7,64.875,0,0]
[8,64.875,0,0]
[4,64.875,0,0]
[7,64.9375,0,0]
[8,64.9375,0,0]
[5,64.9375,0,0]
[4,64.9375,0,0]
[8,65,0,0]
[5,65,0,0]
[2,65,0,0]
[4,65,0,0]
[2,65.0625,0,0]
[4,65.0625,0,0]
[1,65.125,0,0]
[2,65.125,0,0]
[4,65.125,0,0]
[2,65.1875,0,0]
[1,65.1875,0,0]
[0,65.1875,0,0]
[4,65.1875,0,0]
[2,65.25,0,0]
[1,65.25,0,0]
[0,65.25,0,0]
[3,65.25,0,0]
[4,65.25,0,0]
[4,65.3125,0,0]
[3,65.3125,0,0]
[0,65.3125,0,0]
[1,65.3125,0,0]
[2,65.3125,0,0]
[5,65.375,0,0]
[4,65.375,0,0]
[3,65.375,0,0]
[0,65.375,0,0]
[1,65.375,0,0]
[2,65.375,0,0]
[8,65.4375,0,0]
[5,65.4375,0,0]
[2,65.4375,0,0]
[1,65.4375,0,0]
[4,65.4375,0,0]
[3,65.4375,0,0]
[0,65.4375,0,0]
[7,65.5,0,0]
[1,65.5,0,0]
[3,65.5,0,0]
[5,65.5,0,0]
[8,65.5,0,0]
[4,65.5,0,0]
[2,65.5,0,0]
[0,65.5,0,0]
[6,65.5625,0,0]
[7,65.5625,0,0]
[8,65.5625,0,0]
[5,65.5625,0,0]
[4,65.5625,0,0]
[3,65.5625,0,0]
[0,65.5625,0,0]
[1,65.5625,0,0]
[2,65.5625,0,0]
[0,65.625,0,0]
[3,65.625,0,0]
[6,65.625,0,0]
[4,65.625,0,0]
[1,65.625,0,0]
[2,65.625,0,0]
[5,65.625,0,0]
[8,65.625,0,0]
[7,65.625,0,0]
[3,65.6875,0,0]
[1,65.6875,0,0]
[5,65.6875,0,0]
[7,65.6875,0,0]
[4,65.6875,0,0]
[2,65.6875,0,0]
[0,65.6875,0,0]
[6,65.6875,0,0]
[8,65.6875,0,0]
[0,65.75,0,0]
[3,65.75,0,0]
[6,65.75,0,0]
[7,65.75,0,0]
[4,65.75,0,0]
[1,65.75,0,0]
[2,65.75,0,0]
[5,65.75,0,0]
[8,65.75,0,0]
[0,65.8125,0,0]
[1,65.8125,0,0]
[2,65.8125,0,0]
[5,65.8125,0,0]
[3,65.8125,0,0]
[4,65.8125,0,0]
[6,65.8125,0,0]
[7,65.8125,0,0]
[8,65.8125,0,0]
[0,65.875,0,0]
[4,65.875,0,0]
[5,65.875,0,0]
[2,65.875,0,0]
[1,65.875,0,0]
[3,65.875,0,0]
[6,65.875,0,0]
[7,65.875,0,0]
[8,65.875,0,0]
[0,65.9375,0,0]
[3,65.9375,0,0]
[6,65.9375,0,0]
[7,65.9375,0,0]
[8,65.9375,0,0]
[2,65.9375,0,0]
[1,65.9375,0,0]
[4,65.9375,0,0]
[5,65.9375,0,0]
[3,66.0625,0,0]
[4,66.0625,0,0]
[5,66.0625,0,0]
[1,66.0625,0,0]
[7,66.0625,0,0]
[0,66.0625,0,0]
[3,66.125,0,0]
[4,66.125,0,0]
[5,66.125,0,0]
[1,66.125,0,0]
[7,66.125,0,0]
[0,66.125,0,0]
[3,66.1875,0,0]
[4,66.1875,0,0]
[5,66.1875,0,0]
[1,66.1875,0,0]
[7,66.1875,0,0]
[0,66.1875,0,0]
[3,66.25,0,0]
[4,66.25,0,0]
[5,66.25,0,0]
[1,66.25,0,0]
[7,66.25,0,0]
[0,66.25,0,0]
[3,66.3125,0,0]
[4,66.3125,0,0]
[5,66.3125,0,0]
[1,66.3125,0,0]
[7,66.3125,0,0]
[0,66.3125,0,0]
[3,66.375,0,0]
[4,66.375,0,0]
[1,66.375,0,0]
[5,66.375,0,0]
[7,66.375,0,0]
[0,66.375,0,0]
[3,66.4375,0,0]
[4,66.4375,0,0]
[5,66.4375,0,0]
[1,66.4375,0,0]
[7,66.4375,0,0]
[0,66.4375,0,0]
[3,66.5,0,0]
[4,66.5,0,0]
[5,66.5,0,0]
[1,66.5,0,0]
[7,66.5,0,0]
[0,66.5,0,0]
[3,66.5625,0,0]
[4,66.5625,0,0]
[5,66.5625,0,0]
[1,66.5625,0,0]
[7,66.5625,0,0]
[0,66.5625,0,0]
[3,66.625,0,0]
[4,66.625,0,0]
[5,66.625,0,0]
[1,66.625,0,0]
[7,66.625,0,0]
[0,66.625,0,0]
[3,66.6875,0,0]
[1,66.6875,0,0]
[5,66.6875,0,0]
[4,66.6875,0,0]
[7,66.6875,0,0]
[0,66.6875,0,0]
[3,66.75,0,0]
[4,66.75,0,0]
[5,66.75,0,0]
[1,66.75,0,0]
[7,66.75,0,0]
[0,66.75,0,0]
[3,66.8125,0,0]
[1,66.8125,0,0]
[5,66.8125,0,0]
[4,66.8125,0,0]
[7,66.8125,0,0]
[0,66.8125,0,0]
[3,66.875,0,0]
[4,66.875,0,0]
[5,66.875,0,0]
[1,66.875,0,0]
[7,66.875,0,0]
[0,66.875,0,0]
[3,66.9375,0,0]
[4,66.9375,0,0]
[5,66.9375,0,0]
[1,66.9375,0,0]
[7,66.9375,0,0]
[0,66.9375,0,0]
[3,67,0,0]
[4,67,0,0]
[5,67,0,0]
[1,67,0,0]
[7,67,0,0]
[8,67,0,0]
[3,67.0625,0,0]
[4,67.0625,0,0]
[5,67.0625,0,0]
[1,67.0625,0,0]
[7,67.0625,0,0]
[8,67.0625,0,0]
[3,67.125,0,0]
[4,67.125,0,0]
[5,67.125,0,0]
[1,67.125,0,0]
[7,67.125,0,0]
[8,67.125,0,0]
[3,67.1875,0,0]
[4,67.1875,0,0]
[5,67.1875,0,0]
[1,67.1875,0,0]
[7,67.1875,0,0]
[8,67.1875,0,0]
[3,67.25,0,0]
[4,67.25,0,0]
[5,67.25,0,0]
[1,67.25,0,0]
[7,67.25,0,0]
[8,67.25,0,0]
[3,67.3125,0,0]
[4,67.3125,0,0]
[5,67.3125,0,0]
[1,67.3125,0,0]
[7,67.3125,0,0]
[8,67.3125,0,0]
[3,67.375,0,0]
[1,67.375,0,0]
[4,67.375,0,0]
[5,67.375,0,0]
[7,67.375,0,0]
[8,67.375,0,0]
[3,67.4375,0,0]
[4,67.4375,0,0]
[5,67.4375,0,0]
[1,67.4375,0,0]
[7,67.4375,0,0]
[8,67.4375,0,0]
[3,67.5,0,0]
[4,67.5,0,0]
[5,67.5,0,0]
[1,67.5,0,0]
[7,67.5,0,0]
[8,67.5,0,0]
[3,67.5625,0,0]
[4,67.5625,0,0]
[5,67.5625,0,0]
[1,67.5625,0,0]
[7,67.5625,0,0]
[8,67.5625,0,0]
[3,67.625,0,0]
[4,67.625,0,0]
[5,67.625,0,0]
[1,67.625,0,0]
[7,67.625,0,0]
[8,67.625,0,0]
[3,67.6875,0,0]
[4,67.6875,0,0]
[5,67.6875,0,0]
[1,67.6875,0,0]
[7,67.6875,0,0]
[8,67.6875,0,0]
[3,67.75,0,0]
[4,67.75,0,0]
[5,67.75,0,0]
[1,67.75,0,0]
[7,67.75,0,0]
[8,67.75,0,0]
[3,67.8125,0,0]
[4,67.8125,0,0]
[5,67.8125,0,0]
[1,67.8125,0,0]
[7,67.8125,0,0]
[8,67.8125,0,0]
[3,67.875,0,0]
[4,67.875,0,0]
[5,67.875,0,0]
[1,67.875,0,0]
[7,67.875,0,0]
[8,67.875,0,0]
[3,67.9375,0,0]
[1,67.9375,0,0]
[5,67.9375,0,0]
[7,67.9375,0,0]
[4,67.9375,0,0]
[8,67.9375,0,0]
[3,68,0,0]
[4,68,0,0]
[5,68,0,0]
[1,68,0,0]
[7,68,0,0]
[8,68,0,0]
[0,68.0625,0,0]
[4,68.0625,0,0]
[8,68.0625,0,0]
[2,68.0625,0,0]
[6,68.0625,0,0]
[3,68.0625,0,0]
[5,68.0625,0,0]
[2,68.125,0,0]
[4,68.125,0,0]
[6,68.125,0,0]
[0,68.125,0,0]
[8,68.125,0,0]
[3,68.125,0,0]
[5,68.125,0,0]
[0,68.1875,0,0]
[4,68.1875,0,0]
[2,68.1875,0,0]
[8,68.1875,0,0]
[6,68.1875,0,0]
[3,68.1875,0,0]
[5,68.1875,0,0]
[0,68.25,0,0]
[4,68.25,0,0]
[2,68.25,0,0]
[8,68.25,0,0]
[6,68.25,0,0]
[3,68.25,0,0]
[5,68.25,0,0]
[0,68.3125,0,0]
[4,68.3125,0,0]
[2,68.3125,0,0]
[8,68.3125,0,0]
[6,68.3125,0,0]
[3,68.3125,0,0]
[5,68.3125,0,0]
[0,68.375,0,0]
[4,68.375,0,0]
[2,68.375,0,0]
[8,68.375,0,0]
[6,68.375,0,0]
[3,68.375,0,0]
[5,68.375,0,0]
[0,68.4375,0,0]
[2,68.4375,0,0]
[4,68.4375,0,0]
[8,68.4375,0,0]
[6,68.4375,0,0]
[3,68.4375,0,0]
[5,68.4375,0,0]
[4,68.5,0,0]
[2,68.5,0,0]
[8,68.5,0,0]
[6,68.5,0,0]
[0,68.5,0,0]
[3,68.5,0,0]
[5,68.5,0,0]
[0,68.5625,0,0]
[4,68.5625,0,0]
[2,68.5625,0,0]
[6,68.5625,0,0]
[8,68.5625,0,0]
[3,68.5625,0,0]
[5,68.5625,0,0]
[6,68.625,0,0]
[4,68.625,0,0]
[0,68.625,0,0]
[2,68.625,0,0]
[8,68.625,0,0]
[5,68.625,0,0]
[3,68.625,0,0]
[6,68.6875,0,0]
[4,68.6875,0,0]
[2,68.6875,0,0]
[8,68.6875,0,0]
[0,68.6875,0,0]
[3,68.6875,0,0]
[5,68.6875,0,0]
[6,68.75,0,0]
[4,68.75,0,0]
[2,68.75,0,0]
[8,68.75,0,0]
[0,68.75,0,0]
[1,68.75,0,0]
[7,68.75,0,0]
[0,68.8125,0,0]
[4,68.8125,0,0]
[2,68.8125,0,0]
[8,68.8125,0,0]
[6,68.8125,0,0]
[7,68.8125,0,0]
[1,68.8125,0,0]
[0,68.875,0,0]
[4,68.875,0,0]
[2,68.875,0,0]
[8,68.875,0,0]
[6,68.875,0,0]
[1,68.875,0,0]
[7,68.875,0,0]
[2,68.9375,0,0]
[8,68.9375,0,0]
[6,68.9375,0,0]
[0,68.9375,0,0]
[4,68.9375,0,0]
[1,68.9375,0,0]
[7,68.9375,0,0]
[0,69,0,0]
[4,69,0,0]
[2,69,0,0]
[8,69,0,0]
[6,69,0,0]
[1,69,0,0]
[7,69,0,0]
[0,69.0625,0,0]
[4,69.0625,0,0]
[2,69.0625,0,0]
[8,69.0625,0,0]
[6,69.0625,0,0]
[1,69.0625,0,0]
[7,69.0625,0,0]
[0,69.125,0,0]
[4,69.125,0,0]
[8,69.125,0,0]
[6,69.125,0,0]
[2,69.125,0,0]
[7,69.125,0,0]
[1,69.125,0,0]
[0,69.1875,0,0]
[4,69.1875,0,0]
[6,69.1875,0,0]
[8,69.1875,0,0]
[2,69.1875,0,0]
[7,69.1875,0,0]
[1,69.1875,0,0]
[0,69.25,0,0]
[4,69.25,0,0]
[2,69.25,0,0]
[8,69.25,0,0]
[6,69.25,0,0]
[1,69.25,0,0]
[7,69.25,0,0]
[0,69.3125,0,0]
[4,69.3125,0,0]
[2,69.3125,0,0]
[8,69.3125,0,0]
[6,69.3125,0,0]
[1,69.3125,0,0]
[7,69.3125,0,0]
[0,69.375,0,0]
[4,69.375,0,0]
[2,69.375,0,0]
[8,69.375,0,0]
[6,69.375,0,0]
[1,69.375,0,0]
[7,69.375,0,0]
[0,69.4375,0,0]
[4,69.4375,0,0]
[2,69.4375,0,0]
[8,69.4375,0,0]
[6,69.4375,0,0]
[1,69.4375,0,0]
[7,69.4375,0,0]
[0,69.5,0,0]
[4,69.5,0,0]
[2,69.5,0,0]
[8,69.5,0,0]
[6,69.5,0,0]
[7,69.5,0,0]
[1,69.5,0,0]
[0,69.5625,0,0]
[4,69.5625,0,0]
[2,69.5625,0,0]
[8,69.5625,0,0]
[6,69.5625,0,0]
[7,69.5625,0,0]
[1,69.5625,0,0]
[0,69.625,0,0]
[4,69.625,0,0]
[2,69.625,0,0]
[8,69.625,0,0]
[6,69.625,0,0]
[1,69.625,0,0]
[7,69.625,0,0]
[0,69.6875,0,0]
[4,69.6875,0,0]
[2,69.6875,0,0]
[8,69.6875,0,0]
[6,69.6875,0,0]
[7,69.6875,0,0]
[1,69.6875,0,0]
[0,69.75,0,0]
[2,69.75,0,0]
[1,69.75,0,0]
[8,69.75,0,0]
[7,69.75,0,0]
[6,69.75,0,0]
[3,69.75,0,0]
[0,69.8125,0,0]
[1,69.8125,0,0]
[2,69.8125,0,0]
[8,69.8125,0,0]
[7,69.8125,0,0]
[6,69.8125,0,0]
[3,69.8125,0,0]
[0,69.875,0,0]
[1,69.875,0,0]
[2,69.875,0,0]
[7,69.875,0,0]
[6,69.875,0,0]
[8,69.875,0,0]
[4,69.875,0,0]
[0,69.9375,0,0]
[1,69.9375,0,0]
[2,69.9375,0,0]
[8,69.9375,0,0]
[7,69.9375,0,0]
[6,69.9375,0,0]
[4,69.9375,0,0]
[0,70,0,0]
[1,70,0,0]
[2,70,0,0]
[8,70,0,0]
[7,70,0,0]
[6,70,0,0]
[5,70,0,0]
[0,70.0625,0,0]
[1,70.0625,0,0]
[2,70.0625,0,0]
[8,70.0625,0,0]
[7,70.0625,0,0]
[6,70.0625,0,0]
[5,70.0625,0,0]
[0,70.125,0,0]
[1,70.125,0,0]
[2,70.125,0,0]
[8,70.125,0,0]
[7,70.125,0,0]
[6,70.125,0,0]
[3,70.125,0,0]
[0,70.1875,0,0]
[1,70.1875,0,0]
[2,70.1875,0,0]
[8,70.1875,0,0]
[6,70.1875,0,0]
[7,70.1875,0,0]
[3,70.1875,0,0]
[0,70.25,0,0]
[1,70.25,0,0]
[2,70.25,0,0]
[7,70.25,0,0]
[8,70.25,0,0]
[6,70.25,0,0]
[4,70.25,0,0]
[0,70.3125,0,0]
[1,70.3125,0,0]
[2,70.3125,0,0]
[8,70.3125,0,0]
[7,70.3125,0,0]
[6,70.3125,0,0]
[4,70.3125,0,0]
[0,70.375,0,0]
[1,70.375,0,0]
[2,70.375,0,0]
[7,70.375,0,0]
[6,70.375,0,0]
[8,70.375,0,0]
[5,70.375,0,0]
[0,70.4375,0,0]
[1,70.4375,0,0]
[2,70.4375,0,0]
[6,70.4375,0,0]
[7,70.4375,0,0]
[8,70.4375,0,0]
[5,70.4375,0,0]
[0,70.5,0,0]
[1,70.5,0,0]
[2,70.5,0,0]
[6,70.5,0,0]
[7,70.5,0,0]
[8,70.5,0,0]
[5,70.5,0,0]
[0,70.5625,0,0]
[1,70.5625,0,0]
[2,70.5625,0,0]
[7,70.5625,0,0]
[8,70.5625,0,0]
[6,70.5625,0,0]
[5,70.5625,0,0]
[0,70.625,0,0]
[2,70.625,0,0]
[1,70.625,0,0]
[7,70.625,0,0]
[8,70.625,0,0]
[6,70.625,0,0]
[4,70.625,0,0]
[0,70.6875,0,0]
[8,70.6875,0,0]
[2,70.6875,0,0]
[6,70.6875,0,0]
[7,70.6875,0,0]
[1,70.6875,0,0]
[4,70.6875,0,0]
[0,70.75,0,0]
[1,70.75,0,0]
[2,70.75,0,0]
[8,70.75,0,0]
[7,70.75,0,0]
[6,70.75,0,0]
[3,70.75,0,0]
[0,70.8125,0,0]
[1,70.8125,0,0]
[2,70.8125,0,0]
[8,70.8125,0,0]
[7,70.8125,0,0]
[6,70.8125,0,0]
[3,70.8125,0,0]
[0,70.875,0,0]
[8,70.875,0,0]
[2,70.875,0,0]
[6,70.875,0,0]
[7,70.875,0,0]
[1,70.875,0,0]
[5,70.875,0,0]
[0,70.9375,0,0]
[1,70.9375,0,0]
[2,70.9375,0,0]
[8,70.9375,0,0]
[7,70.9375,0,0]
[6,70.9375,0,0]
[5,70.9375,0,0]
[0,71,0,0]
[1,71,0,0]
[2,71,0,0]
[8,71,0,0]
[7,71,0,0]
[6,71,0,0]
[4,71,0,0]
[0,71.0625,0,0]
[1,71.0625,0,0]
[2,71.0625,0,0]
[8,71.0625,0,0]
[7,71.0625,0,0]
[6,71.0625,0,0]
[4,71.0625,0,0]
[0,71.125,0,0]
[1,71.125,0,0]
[2,71.125,0,0]
[8,71.125,0,0]
[7,71.125,0,0]
[6,71.125,0,0]
[3,71.125,0,0]
[0,71.1875,0,0]
[1,71.1875,0,0]
[2,71.1875,0,0]
[8,71.1875,0,0]
[7,71.1875,0,0]
[6,71.1875,0,0]
[3,71.1875,0,0]
[0,71.25,0,0]
[7,71.25,0,0]
[1,71.25,0,0]
[6,71.25,0,0]
[2,71.25,0,0]
[8,71.25,0,0]
[5,71.25,0,0]
[0,71.3125,0,0]
[7,71.3125,0,0]
[2,71.3125,0,0]
[8,71.3125,0,0]
[1,71.3125,0,0]
[6,71.3125,0,0]
[5,71.3125,0,0]
[0,71.375,0,0]
[6,71.375,0,0]
[1,71.375,0,0]
[7,71.375,0,0]
[8,71.375,0,0]
[2,71.375,0,0]
[4,71.375,0,0]
[0,71.4375,0,0]
[6,71.4375,0,0]
[1,71.4375,0,0]
[2,71.4375,0,0]
[8,71.4375,0,0]
[7,71.4375,0,0]
[4,71.4375,0,0]
[6,71.5,0,0]
[0,71.5,0,0]
[2,71.5,0,0]
[8,71.5,0,0]
[5,71.5,0,0]
[3,71.5,0,0]
[7,71.5,0,0]
[0,71.5625,0,0]
[3,71.5625,0,0]
[6,71.5625,0,0]
[8,71.5625,0,0]
[2,71.5625,0,0]
[5,71.5625,0,0]
[4,71.5625,0,0]
[2,71.625,0,0]
[3,71.625,0,0]
[5,71.625,0,0]
[6,71.625,0,0]
[8,71.625,0,0]
[0,71.625,0,0]
[1,71.625,0,0]
[0,71.6875,0,0]
[2,71.6875,0,0]
[3,71.6875,0,0]
[5,71.6875,0,0]
[8,71.6875,0,0]
[6,71.6875,0,0]
[7,71.6875,0,0]
[0,71.75,0,0]
[2,71.75,0,0]
[3,71.75,0,0]
[5,71.75,0,0]
[6,71.75,0,0]
[8,71.75,0,0]
[4,71.75,0,0]
[0,71.8125,0,0]
[2,71.8125,0,0]
[5,71.8125,0,0]
[6,71.8125,0,0]
[8,71.8125,0,0]
[3,71.8125,0,0]
[1,71.8125,0,0]
[0,71.875,0,0]
[3,71.875,0,0]
[6,71.875,0,0]
[8,71.875,0,0]
[5,71.875,0,0]
[2,71.875,0,0]
[7,71.875,0,0]
[0,71.9375,0,0]
[3,71.9375,0,0]
[6,71.9375,0,0]
[8,71.9375,0,0]
[5,71.9375,0,0]
[2,71.9375,0,0]
[4,71.9375,0,0]
[0,72,0,0]
[3,72,0,0]
[6,72,0,0]
[5,72,0,0]
[2,72,0,0]
[8,72,0,0]
[1,72,0,0]
[0,72.0625,0,0]
[2,72.0625,0,0]
[3,72.0625,0,0]
[5,72.0625,0,0]
[6,72.0625,0,0]
[8,72.0625,0,0]
[7,72.0625,0,0]
[0,72.125,0,0]
[3,72.125,0,0]
[6,72.125,0,0]
[8,72.125,0,0]
[2,72.125,0,0]
[5,72.125,0,0]
[4,72.125,0,0]
[0,72.1875,0,0]
[3,72.1875,0,0]
[5,72.1875,0,0]
[2,72.1875,0,0]
[8,72.1875,0,0]
[6,72.1875,0,0]
[1,72.1875,0,0]
[0,72.25,0,0]
[2,72.25,0,0]
[3,72.25,0,0]
[5,72.25,0,0]
[6,72.25,0,0]
[8,72.25,0,0]
[7,72.25,0,0]
[0,72.3125,0,0]
[3,72.3125,0,0]
[6,72.3125,0,0]
[8,72.3125,0,0]
[5,72.3125,0,0]
[2,72.3125,0,0]
[4,72.3125,0,0]
[0,72.375,0,0]
[3,72.375,0,0]
[6,72.375,0,0]
[8,72.375,0,0]
[5,72.375,0,0]
[2,72.375,0,0]
[1,72.375,0,0]
[0,72.4375,0,0]
[3,72.4375,0,0]
[6,72.4375,0,0]
[8,72.4375,0,0]
[5,72.4375,0,0]
[2,72.4375,0,0]
[7,72.4375,0,0]
[0,72.5,0,0]
[3,72.5,0,0]
[6,72.5,0,0]
[8,72.5,0,0]
[5,72.5,0,0]
[2,72.5,0,0]
[4,72.5,0,0]
[0,72.5625,0,0]
[2,72.5625,0,0]
[3,72.5625,0,0]
[5,72.5625,0,0]
[6,72.5625,0,0]
[8,72.5625,0,0]
[1,72.5625,0,0]
[0,72.625,0,0]
[3,72.625,0,0]
[6,72.625,0,0]
[8,72.625,0,0]
[5,72.625,0,0]
[2,72.625,0,0]
[7,72.625,0,0]
[0,72.6875,0,0]
[3,72.6875,0,0]
[6,72.6875,0,0]
[8,72.6875,0,0]
[5,72.6875,0,0]
[2,72.6875,0,0]
[4,72.6875,0,0]
[0,72.75,0,0]
[2,72.75,0,0]
[3,72.75,0,0]
[5,72.75,0,0]
[6,72.75,0,0]
[8,72.75,0,0]
[1,72.75,0,0]
[0,72.8125,0,0]
[2,72.8125,0,0]
[3,72.8125,0,0]
[5,72.8125,0,0]
[6,72.8125,0,0]
[8,72.8125,0,0]
[7,72.8125,0,0]
[0,72.875,0,0]
[2,72.875,0,0]
[3,72.875,0,0]
[5,72.875,0,0]
[6,72.875,0,0]
[8,72.875,0,0]
[4,72.875,0,0]
[2,72.9375,0,0]
[3,72.9375,0,0]
[5,72.9375,0,0]
[6,72.9375,0,0]
[8,72.9375,0,0]
[0,72.9375,0,0]
[1,72.9375,0,0]
[0,73,0,0]
[2,73,0,0]
[3,73,0,0]
[5,73,0,0]
[6,73,0,0]
[8,73,0,0]
[7,73,0,0]
[0,73.0625,0,0]
[3,73.0625,0,0]
[6,73.0625,0,0]
[8,73.0625,0,0]
[5,73.0625,0,0]
[2,73.0625,0,0]
[4,73.0625,0,0]
[0,73.125,0,0]
[3,73.125,0,0]
[6,73.125,0,0]
[8,73.125,0,0]
[5,73.125,0,0]
[2,73.125,0,0]
[1,73.125,0,0]
[0,73.1875,0,0]
[2,73.1875,0,0]
[5,73.1875,0,0]
[3,73.1875,0,0]
[6,73.1875,0,0]
[8,73.1875,0,0]
[7,73.1875,0,0]
[0,73.25,0,0]
[0,73.3125,0,0]
[1,73.375,0,0]
[1,73.4375,0,0]
[2,73.5,0,0]
[2,73.5625,0,0]
[5,73.625,0,0]
[5,73.6875,0,0]
[8,73.75,0,0]
[8,73.8125,0,0]
[7,73.875,0,0]
[7,73.9375,0,0]
[6,74,0,0]
[6,74.0625,0,0]
[3,74.125,0,0]
[3,74.1875,0,0]
[0,74.25,0,0]
[0,74.3125,0,0]
[1,74.375,0,0]
[1,74.4375,0,0]
[2,74.5,0,0]
[2,74.5625,0,0]
[5,74.625,0,0]
[5,74.6875,0,0]
[8,74.75,0,0]
[8,74.8125,0,0]
[7,74.875,0,0]
[7,74.9375,0,0]
[6,75,0,0]
[3,75.0625,0,0]
[0,75.125,0,0]
[1,75.1875,0,0]
[2,75.25,0,0]
[5,75.3125,0,0]
[8,75.375,0,0]
[7,75.4375,0,0]
[6,75.5,0,0]
[3,75.5625,0,0]
[0,75.625,0,0]
[1,75.6875,0,0]
[2,75.75,0,0]
[5,75.8125,0,0]
[8,75.875,0,0]
[7,75.9375,0,0]
[6,76,0,0]
[3,76.0625,0,0]
[0,76.125,0,0]
[1,76.1875,0,0]
[2,76.25,0,0]
[0,76.8125,0,0]
[1,76.8125,0,0]
[2,76.8125,0,0]
[3,76.8125,0,0]
[6,76.8125,0,0]
[7,76.8125,0,0]
[8,76.8125,0,0]
[5,76.8125,0,0]
[0,76.875,0,0]
[3,76.875,0,0]
[6,76.875,0,0]
[7,76.875,0,0]
[8,76.875,0,0]
[5,76.875,0,0]
[2,76.875,0,0]
[1,76.875,0,0]
[0,76.9375,0,0]
[3,76.9375,0,0]
[6,76.9375,0,0]
[7,76.9375,0,0]
[8,76.9375,0,0]
[5,76.9375,0,0]
[2,76.9375,0,0]
[1,76.9375,0,0]
[8,77,0,0]
[2,77,0,0]
[6,77,0,0]
[5,77,0,0]
[7,77,0,0]
[3,77,0,0]
[1,77,0,0]
[0,77,0,0]
[0,77.0625,0,0]
[1,77.0625,0,0]
[2,77.0625,0,0]
[5,77.0625,0,0]
[3,77.0625,0,0]
[6,77.0625,0,0]
[8,77.0625,0,0]
[7,77.0625,0,0]
[1,77.125,0,0]
[3,77.125,0,0]
[0,77.125,0,0]
[2,77.125,0,0]
[5,77.125,0,0]
[8,77.125,0,0]
[6,77.125,0,0]
[7,77.125,0,0]
[0,77.1875,0,0]
[8,77.1875,0,0]
[5,77.1875,0,0]
[2,77.1875,0,0]
[1,77.1875,0,0]
[7,77.1875,0,0]
[6,77.1875,0,0]
[3,77.1875,0,0]
[0,77.25,0,0]
[8,77.25,0,0]
[5,77.25,0,0]
[2,77.25,0,0]
[1,77.25,0,0]
[7,77.25,0,0]
[6,77.25,0,0]
[3,77.25,0,0]
[0,77.3125,0,0]
[1,77.3125,0,0]
[2,77.3125,0,0]
[5,77.3125,0,0]
[8,77.3125,0,0]
[6,77.3125,0,0]
[7,77.3125,0,0]
[3,77.3125,0,0]
[0,77.375,0,0]
[1,77.375,0,0]
[2,77.375,0,0]
[5,77.375,0,0]
[8,77.375,0,0]
[6,77.375,0,0]
[3,77.375,0,0]
[7,77.375,0,0]
[0,77.4375,0,0]
[8,77.4375,0,0]
[5,77.4375,0,0]
[2,77.4375,0,0]
[1,77.4375,0,0]
[3,77.4375,0,0]
[6,77.4375,0,0]
[7,77.4375,0,0]
[0,77.5,0,0]
[1,77.5,0,0]
[2,77.5,0,0]
[5,77.5,0,0]
[8,77.5,0,0]
[7,77.5,0,0]
[6,77.5,0,0]
[3,77.5,0,0]
[0,77.5625,0,0]
[1,77.5625,0,0]
[2,77.5625,0,0]
[5,77.5625,0,0]
[3,77.5625,0,0]
[6,77.5625,0,0]
[7,77.5625,0,0]
[8,77.5625,0,0]
[0,77.625,0,0]
[1,77.625,0,0]
[2,77.625,0,0]
[5,77.625,0,0]
[8,77.625,0,0]
[7,77.625,0,0]
[6,77.625,0,0]
[3,77.625,0,0]
[0,77.6875,0,0]
[1,77.6875,0,0]
[2,77.6875,0,0]
[5,77.6875,0,0]
[3,77.6875,0,0]
[6,77.6875,0,0]
[7,77.6875,0,0]
[8,77.6875,0,0]
[0,77.75,0,0]
[1,77.75,0,0]
[2,77.75,0,0]
[5,77.75,0,0]
[8,77.75,0,0]
[6,77.75,0,0]
[3,77.75,0,0]
[7,77.75,0,0]
[0,77.8125,0,0]
[1,77.8125,0,0]
[2,77.8125,0,0]
[5,77.8125,0,0]
[8,77.8125,0,0]
[7,77.8125,0,0]
[6,77.8125,0,0]
[3,77.8125,0,0]
[0,77.875,0,0]
[1,77.875,0,0]
[2,77.875,0,0]
[5,77.875,0,0]
[8,77.875,0,0]
[7,77.875,0,0]
[6,77.875,0,0]
[3,77.875,0,0]
[0,77.9375,0,0]
[1,77.9375,0,0]
[2,77.9375,0,0]
[5,77.9375,0,0]
[8,77.9375,0,0]
[7,77.9375,0,0]
[6,77.9375,0,0]
[3,77.9375,0,0]
[0,78,0,0]
[1,78,0,0]
[2,78,0,0]
[3,78,0,0]
[5,78,0,0]
[6,78,0,0]
[7,78,0,0]
[8,78,0,0]
[0,78.0625,0,0]
[1,78.0625,0,0]
[2,78.0625,0,0]
[5,78.0625,0,0]
[8,78.0625,0,0]
[7,78.0625,0,0]
[6,78.0625,0,0]
[3,78.0625,0,0]
[0,78.125,0,0]
[1,78.125,0,0]
[2,78.125,0,0]
[5,78.125,0,0]
[3,78.125,0,0]
[6,78.125,0,0]
[7,78.125,0,0]
[8,78.125,0,0]
[0,78.1875,0,0]
[8,78.1875,0,0]
[7,78.1875,0,0]
[6,78.1875,0,0]
[3,78.1875,0,0]
[2,78.1875,0,0]
[1,78.1875,0,0]
[5,78.1875,0,0]
[0,78.25,0,0]
[1,78.25,0,0]
[2,78.25,0,0]
[5,78.25,0,0]
[8,78.25,0,0]
[7,78.25,0,0]
[6,78.25,0,0]
[3,78.25,0,0]
[0,78.3125,0,0]
[1,78.3125,0,0]
[2,78.3125,0,0]
[5,78.3125,0,0]
[8,78.3125,0,0]
[7,78.3125,0,0]
[6,78.3125,0,0]
[3,78.3125,0,0]
[3,78.375,0,0]
[5,78.375,0,0]
[2,78.375,0,0]
[1,78.375,0,0]
[7,78.375,0,0]
[8,78.375,0,0]
[0,78.375,0,0]
[6,78.375,0,0]
[0,78.4375,0,0]
[3,78.4375,0,0]
[1,78.4375,0,0]
[2,78.4375,0,0]
[5,78.4375,0,0]
[8,78.4375,0,0]
[7,78.4375,0,0]
[6,78.4375,0,0]
[0,78.5,0,0]
[1,78.5,0,0]
[2,78.5,0,0]
[5,78.5,0,0]
[8,78.5,0,0]
[7,78.5,0,0]
[6,78.5,0,0]
[3,78.5,0,0]
[2,78.5625,0,0]
[1,78.5625,0,0]
[0,78.5625,0,0]
[3,78.5625,0,0]
[5,78.5625,0,0]
[8,78.5625,0,0]
[7,78.5625,0,0]
[6,78.5625,0,0]
[0,78.625,0,0]
[1,78.625,0,0]
[2,78.625,0,0]
[5,78.625,0,0]
[3,78.625,0,0]
[6,78.625,0,0]
[7,78.625,0,0]
[8,78.625,0,0]
[0,78.6875,0,0]
[1,78.6875,0,0]
[2,78.6875,0,0]
[5,78.6875,0,0]
[8,78.6875,0,0]
[7,78.6875,0,0]
[6,78.6875,0,0]
[3,78.6875,0,0]
[0,78.75,0,0]
[5,78.75,0,0]
[6,78.75,0,0]
[0,78.8125,0,0]
[5,78.8125,0,0]
[6,78.8125,0,0]
[1,78.875,0,0]
[4,78.875,0,0]
[7,78.875,0,0]
[1,78.9375,0,0]
[4,78.9375,0,0]
[7,78.9375,0,0]
[3,79,0,0]
[8,79,0,0]
[2,79,0,0]
[2,79.0625,0,0]
[8,79.0625,0,0]
[3,79.0625,0,0]
[2,79.125,0,0]
[3,79.125,0,0]
[8,79.125,0,0]
[0,79.1875,0,0]
[6,79.1875,0,0]
[5,79.1875,0,0]
[0,79.25,0,0]
[5,79.25,0,0]
[6,79.25,0,0]
[0,79.3125,0,0]
[5,79.3125,0,0]
[6,79.3125,0,0]
[1,79.375,0,0]
[4,79.375,0,0]
[7,79.375,0,0]
[3,79.4375,0,0]
[2,79.4375,0,0]
[8,79.4375,0,0]
[3,79.5,0,0]
[2,79.5,0,0]
[8,79.5,0,0]
[2,79.5625,0,0]
[3,79.5625,0,0]
[8,79.5625,0,0]
[3,79.625,0,0]
[2,79.625,0,0]
[8,79.625,0,0]
[3,79.6875,0,0]
[8,79.6875,0,0]
[2,79.6875,0,0]
[3,79.75,0,0]
[2,79.75,0,0]
[8,79.75,0,0]
[2,79.8125,0,0]
[3,79.8125,0,0]
[8,79.8125,0,0]
[3,79.875,0,0]
[2,79.875,0,0]
[8,79.875,0,0]
[3,79.9375,0,0]
[2,79.9375,0,0]
[8,79.9375,0,0]
[6,80,0,0]
[1,80,0,0]
[5,80,0,0]
[0,80.0625,0,0]
[2,80.0625,0,0]
[7,80.0625,0,0]
[7,80.125,0,0]
[0,80.125,0,0]
[2,80.125,0,0]
[0,80.1875,0,0]
[7,80.1875,0,0]
[2,80.1875,0,0]
[0,80.25,0,0]
[7,80.25,0,0]
[2,80.25,0,0]
[0,80.3125,0,0]
[7,80.3125,0,0]
[2,80.3125,0,0]
[0,80.375,0,0]
[2,80.375,0,0]
[7,80.375,0,0]
[0,80.4375,0,0]
[7,80.4375,0,0]
[2,80.4375,0,0]
[6,80.5,0,0]
[2,80.5,0,0]
[2,80.5625,0,0]
[6,80.5625,0,0]
[3,80.625,0,0]
[5,80.625,0,0]
[3,80.6875,0,0]
[5,80.6875,0,0]
[0,80.75,0,0]
[8,80.75,0,0]
[0,80.8125,0,0]
[8,80.8125,0,0]
[1,80.875,0,0]
[7,80.875,0,0]
[1,80.9375,0,0]
[7,80.9375,0,0]
[6,81,0,0]
[2,81,0,0]
[2,81.0625,0,0]
[6,81.0625,0,0]
[3,81.125,0,0]
[5,81.125,0,0]
[5,81.1875,0,0]
[3,81.1875,0,0]
[0,81.25,0,0]
[8,81.25,0,0]
[0,81.3125,0,0]
[8,81.3125,0,0]
[1,81.375,0,0]
[7,81.375,0,0]
[1,81.4375,0,0]
[7,81.4375,0,0]
[2,81.5,0,0]
[6,81.5,0,0]
[2,81.5625,0,0]
[6,81.5625,0,0]
[3,81.625,0,0]
[5,81.625,0,0]
[5,81.6875,0,0]
[3,81.6875,0,0]
[0,81.75,0,0]
[8,81.75,0,0]
[0,81.8125,0,0]
[8,81.8125,0,0]
[1,81.875,0,0]
[7,81.875,0,0]
[1,81.9375,0,0]
[7,81.9375,0,0]
[4,82,0,0]
[5,82.0625,0,0]
[3,82.0625,0,0]
[6,82.125,0,0]
[2,82.125,0,0]
[7,82.1875,0,0]
[1,82.1875,0,0]
[0,82.25,0,0]
[8,82.25,0,0]
[4,82.3125,0,0]
[2,82.375,0,0]
[6,82.375,0,0]
[3,82.4375,0,0]
[5,82.4375,0,0]
[0,82.5,0,0]
[8,82.5,0,0]
[7,82.5625,0,0]
[1,82.5625,0,0]
[6,82.625,0,0]
[2,82.625,0,0]
[3,82.6875,0,0]
[5,82.6875,0,0]
[0,82.75,0,0]
[8,82.75,0,0]
[3,82.8125,0,0]
[5,82.8125,0,0]
[6,82.875,0,0]
[2,82.875,0,0]
[3,82.9375,0,0]
[5,82.9375,0,0]
[0,83,0,0]
[8,83,0,0]
[3,83.0625,0,0]
[0,83.125,0,0]
[1,83.1875,0,0]
[2,83.25,0,0]
[5,83.3125,0,0]
[8,83.375,0,0]
[7,83.4375,0,0]
[4,83.5,0,0]
[4,83.5625,0,0]
[4,83.625,0,0]
[4,83.6875,0,0]
[4,83.75,0,0]
[4,83.8125,0,0]
[4,83.875,0,0]
[4,83.9375,0,0]
[4,84,0,0]
[7,84,0,0]
[8,84,0,0]
[5,84,0,0]
[4,84.0625,0,0]
[5,84.0625,0,0]
[7,84.0625,0,0]
[8,84.0625,0,0]
[4,84.125,0,0]
[7,84.125,0,0]
[8,84.125,0,0]
[5,84.125,0,0]
[4,84.1875,0,0]
[5,84.1875,0,0]
[8,84.1875,0,0]
[7,84.1875,0,0]
[4,84.25,0,0]
[5,84.25,0,0]
[8,84.25,0,0]
[7,84.25,0,0]
[4,84.3125,0,0]
[5,84.3125,0,0]
[8,84.3125,0,0]
[7,84.3125,0,0]
[0,84.375,0,0]
[1,84.375,0,0]
[4,84.375,0,0]
[3,84.375,0,0]
[4,84.4375,0,0]
[3,84.4375,0,0]
[0,84.4375,0,0]
[1,84.4375,0,0]
[4,84.5,0,0]
[1,84.5,0,0]
[0,84.5,0,0]
[3,84.5,0,0]
[4,84.5625,0,0]
[1,84.5625,0,0]
[0,84.5625,0,0]
[3,84.5625,0,0]
[1,84.625,0,0]
[3,84.625,0,0]
[4,84.625,0,0]
[0,84.625,0,0]
[4,84.6875,0,0]
[0,84.6875,0,0]
[3,84.6875,0,0]
[1,84.6875,0,0]
[0,84.75,0,0]
[1,84.75,0,0]
[3,84.75,0,0]
[4,84.75,0,0]
[2,84.8125,0,0]
[6,84.8125,0,0]
[6,84.875,0,0]
[2,84.875,0,0]
[2,84.9375,0,0]
[6,84.9375,0,0]
[6,85,0,0]
[2,85,0,0]
[6,85.0625,0,0]
[2,85.0625,0,0]
[6,85.125,0,0]
[2,85.125,0,0]
[6,85.1875,0,0]
[2,85.1875,0,0]
[6,85.25,0,0]
[2,85.25,0,0]
[3,85.3125,0,0]
[6,85.3125,0,0]
[2,85.3125,0,0]
[5,85.3125,0,0]
[3,85.375,0,0]
[6,85.375,0,0]
[5,85.375,0,0]
[2,85.375,0,0]
[3,85.4375,0,0]
[6,85.4375,0,0]
[5,85.4375,0,0]
[2,85.4375,0,0]
[3,85.5,0,0]
[6,85.5,0,0]
[5,85.5,0,0]
[2,85.5,0,0]
[0,85.5,0,0]
[8,85.5,0,0]
[3,85.5625,0,0]
[6,85.5625,0,0]
[2,85.5625,0,0]
[5,85.5625,0,0]
[8,85.5625,0,0]
[0,85.5625,0,0]
[0,85.625,0,0]
[3,85.625,0,0]
[6,85.625,0,0]
[8,85.625,0,0]
[5,85.625,0,0]
[2,85.625,0,0]
[1,85.6875,0,0]
[2,85.6875,0,0]
[0,85.6875,0,0]
[3,85.6875,0,0]
[5,85.6875,0,0]
[6,85.6875,0,0]
[8,85.6875,0,0]
[7,85.6875,0,0]
[0,85.75,0,0]
[3,85.75,0,0]
[6,85.75,0,0]
[7,85.75,0,0]
[8,85.75,0,0]
[5,85.75,0,0]
[1,85.75,0,0]
[2,85.75,0,0]
[0,85.8125,0,0]
[2,85.8125,0,0]
[1,85.8125,0,0]
[5,85.8125,0,0]
[3,85.8125,0,0]
[6,85.8125,0,0]
[7,85.8125,0,0]
[8,85.8125,0,0]
[3,85.875,0,0]
[0,85.875,0,0]
[1,85.875,0,0]
[4,85.875,0,0]
[7,85.875,0,0]
[8,85.875,0,0]
[5,85.875,0,0]
[3,85.9375,0,0]
[0,85.9375,0,0]
[1,85.9375,0,0]
[4,85.9375,0,0]
[5,85.9375,0,0]
[7,85.9375,0,0]
[8,85.9375,0,0]
[4,86,0,0]
[5,86,0,0]
[8,86,0,0]
[7,86,0,0]
[3,86,0,0]
[0,86,0,0]
[1,86,0,0]
[0,86.0625,0,0]
[1,86.0625,0,0]
[4,86.0625,0,0]
[7,86.0625,0,0]
[8,86.0625,0,0]
[5,86.0625,0,0]
[3,86.0625,0,0]
[1,86.125,0,0]
[4,86.125,0,0]
[7,86.125,0,0]
[7,86.1875,0,0]
[4,86.1875,0,0]
[1,86.1875,0,0]
[4,86.25,0,0]
[4,86.3125,0,0]
[4,86.375,0,0]
[4,86.4375,0,0]
[4,86.5,0,0]
[4,86.5625,0,0]
[4,86.625,0,0]
[4,86.6875,0,0]
[4,86.75,0,0]
[4,86.8125,0,0]
[4,86.875,0,0]
[4,86.9375,0,0]
[3,87,0,0]
[4,87,0,0]
[5,87,0,0]
[3,87.0625,0,0]
[4,87.0625,0,0]
[5,87.0625,0,0]
[3,87.125,0,0]
[5,87.125,0,0]
[4,87.125,0,0]
[3,87.1875,0,0]
[4,87.1875,0,0]
[5,87.1875,0,0]
[3,87.25,0,0]
[5,87.25,0,0]
[4,87.25,0,0]
[3,87.3125,0,0]
[4,87.3125,0,0]
[5,87.3125,0,0]
[3,87.375,0,0]
[4,87.375,0,0]
[5,87.375,0,0]
[3,87.4375,0,0]
[4,87.4375,0,0]
[5,87.4375,0,0]
[3,87.5,0,0]
[4,87.5,0,0]
[5,87.5,0,0]
[0,87.5625,0,0]
[3,87.5625,0,0]
[4,87.5625,0,0]
[5,87.5625,0,0]
[0,87.625,0,0]
[3,87.625,0,0]
[4,87.625,0,0]
[5,87.625,0,0]
[0,87.6875,0,0]
[3,87.6875,0,0]
[5,87.6875,0,0]
[4,87.6875,0,0]
[0,87.75,0,0]
[3,87.75,0,0]
[4,87.75,0,0]
[5,87.75,0,0]
[0,87.8125,0,0]
[5,87.8125,0,0]
[4,87.8125,0,0]
[3,87.8125,0,0]
[0,87.875,0,0]
[3,87.875,0,0]
[4,87.875,0,0]
[5,87.875,0,0]
[0,87.9375,0,0]
[3,87.9375,0,0]
[5,87.9375,0,0]
[4,87.9375,0,0]
[0,88,0,0]
[8,88,0,0]
[5,88,0,0]
[4,88,0,0]
[3,88,0,0]
[0,88.0625,0,0]
[4,88.0625,0,0]
[5,88.0625,0,0]
[8,88.0625,0,0]
[3,88.0625,0,0]
[0,88.125,0,0]
[3,88.125,0,0]
[8,88.125,0,0]
[4,88.125,0,0]
[5,88.125,0,0]
[0,88.1875,0,0]
[8,88.1875,0,0]
[3,88.1875,0,0]
[5,88.1875,0,0]
[4,88.1875,0,0]
[0,88.25,0,0]
[8,88.25,0,0]
[5,88.25,0,0]
[3,88.25,0,0]
[4,88.25,0,0]
[0,88.3125,0,0]
[3,88.3125,0,0]
[4,88.3125,0,0]
[5,88.3125,0,0]
[8,88.3125,0,0]
[0,88.375,0,0]
[3,88.375,0,0]
[4,88.375,0,0]
[5,88.375,0,0]
[8,88.375,0,0]
[6,88.4375,0,0]
[4,88.4375,0,0]
[5,88.4375,0,0]
[8,88.4375,0,0]
[3,88.4375,0,0]
[0,88.4375,0,0]
[2,88.4375,0,0]
[0,88.5,0,0]
[4,88.5,0,0]
[2,88.5,0,0]
[8,88.5,0,0]
[6,88.5,0,0]
[3,88.5,0,0]
[5,88.5,0,0]
[0,88.5625,0,0]
[4,88.5625,0,0]
[8,88.5625,0,0]
[5,88.5625,0,0]
[2,88.5625,0,0]
[3,88.5625,0,0]
[6,88.5625,0,0]
[0,88.625,0,0]
[4,88.625,0,0]
[2,88.625,0,0]
[8,88.625,0,0]
[6,88.625,0,0]
[3,88.625,0,0]
[5,88.625,0,0]
[0,88.6875,0,0]
[4,88.6875,0,0]
[3,88.6875,0,0]
[6,88.6875,0,0]
[8,88.6875,0,0]
[5,88.6875,0,0]
[2,88.6875,0,0]
[0,88.75,0,0]
[4,88.75,0,0]
[3,88.75,0,0]
[6,88.75,0,0]
[2,88.75,0,0]
[8,88.75,0,0]
[5,88.75,0,0]
[0,88.8125,0,0]
[2,88.8125,0,0]
[3,88.8125,0,0]
[5,88.8125,0,0]
[8,88.8125,0,0]
[6,88.8125,0,0]
[4,88.8125,0,0]
[0,88.875,0,0]
[2,88.875,0,0]
[3,88.875,0,0]
[5,88.875,0,0]
[4,88.875,0,0]
[6,88.875,0,0]
[8,88.875,0,0]
[0,88.9375,0,0]
[2,88.9375,0,0]
[3,88.9375,0,0]
[4,88.9375,0,0]
[5,88.9375,0,0]
[8,88.9375,0,0]
[6,88.9375,0,0]
[0,89,0,0]
[1,89,0,0]
[2,89,0,0]
[5,89,0,0]
[4,89,0,0]
[3,89,0,0]
[6,89,0,0]
[7,89,0,0]
[8,89,0,0]
[0,89.0625,0,0]
[2,89.0625,0,0]
[5,89.0625,0,0]
[1,89.0625,0,0]
[4,89.0625,0,0]
[3,89.0625,0,0]
[6,89.0625,0,0]
[7,89.0625,0,0]
[8,89.0625,0,0]
[0,89.125,0,0]
[1,89.125,0,0]
[5,89.125,0,0]
[4,89.125,0,0]
[2,89.125,0,0]
[6,89.125,0,0]
[3,89.125,0,0]
[7,89.125,0,0]
[8,89.125,0,0]
[0,89.1875,0,0]
[1,89.1875,0,0]
[2,89.1875,0,0]
[5,89.1875,0,0]
[4,89.1875,0,0]
[3,89.1875,0,0]
[6,89.1875,0,0]
[7,89.1875,0,0]
[8,89.1875,0,0]
[0,89.25,0,0]
[1,89.25,0,0]
[2,89.25,0,0]
[5,89.25,0,0]
[4,89.25,0,0]
[3,89.25,0,0]
[6,89.25,0,0]
[7,89.25,0,0]
[8,89.25,0,0]
[0,89.3125,0,0]
[1,89.3125,0,0]
[2,89.3125,0,0]
[5,89.3125,0,0]
[4,89.3125,0,0]
[3,89.3125,0,0]
[6,89.3125,0,0]
[7,89.3125,0,0]
[8,89.3125,0,0]
[0,89.375,0,0]
[2,89.375,0,0]
[1,89.375,0,0]
[4,89.375,0,0]
[5,89.375,0,0]
[3,89.375,0,0]
[6,89.375,0,0]
[7,89.375,0,0]
[8,89.375,0,0]
[0,89.4375,0,0]
[1,89.4375,0,0]
[2,89.4375,0,0]
[5,89.4375,0,0]
[4,89.4375,0,0]
[3,89.4375,0,0]
[6,89.4375,0,0]
[7,89.4375,0,0]
[8,89.4375,0,0]
[0,89.5,0,0]
[4,89.5,0,0]
[1,89.5,0,0]
[5,89.5,0,0]
[2,89.5,0,0]
[3,89.5,0,0]
[7,89.5,0,0]
[8,89.5,0,0]
[6,89.5,0,0]
[0,89.5625,0,0]
[1,89.5625,0,0]
[4,89.5625,0,0]
[5,89.5625,0,0]
[7,89.5625,0,0]
[6,89.5625,0,0]
[3,89.5625,0,0]
[8,89.5625,0,0]
[2,89.5625,0,0]
[0,89.625,0,0]
[1,89.625,0,0]
[2,89.625,0,0]
[5,89.625,0,0]
[4,89.625,0,0]
[3,89.625,0,0]
[6,89.625,0,0]
[7,89.625,0,0]
[8,89.625,0,0]
[0,89.6875,0,0]
[1,89.6875,0,0]
[2,89.6875,0,0]
[5,89.6875,0,0]
[4,89.6875,0,0]
[3,89.6875,0,0]
[6,89.6875,0,0]
[7,89.6875,0,0]
[8,89.6875,0,0]
[0,89.75,0,0]
[1,89.75,0,0]
[2,89.75,0,0]
[5,89.75,0,0]
[4,89.75,0,0]
[3,89.75,0,0]
[6,89.75,0,0]
[7,89.75,0,0]
[8,89.75,0,0]
[0,89.8125,0,0]
[1,89.8125,0,0]
[2,89.8125,0,0]
[5,89.8125,0,0]
[4,89.8125,0,0]
[3,89.8125,0,0]
[6,89.8125,0,0]
[7,89.8125,0,0]
[8,89.8125,0,0]
[0,89.875,0,0]
[1,89.875,0,0]
[2,89.875,0,0]
[5,89.875,0,0]
[4,89.875,0,0]
[3,89.875,0,0]
[6,89.875,0,0]
[7,89.875,0,0]
[8,89.875,0,0]
[0,89.9375,0,0]
[1,89.9375,0,0]
[2,89.9375,0,0]
[5,89.9375,0,0]
[3,89.9375,0,0]
[4,89.9375,0,0]
[6,89.9375,0,0]
[7,89.9375,0,0]
[8,89.9375,0,0]
[0,90,0,0]
[2,90,0,0]
[1,90,0,0]
[4,90,0,0]
[5,90,0,0]
[3,90,0,0]
[6,90,0,0]
[7,90,0,0]
[8,90,0,0]
[0,90.0625,0,0]
[3,90.0625,0,0]
[6,90.0625,0,0]
[4,90.0625,0,0]
[1,90.0625,0,0]
[2,90.0625,0,0]
[5,90.0625,0,0]
[8,90.0625,0,0]
[7,90.0625,0,0]
[0,90.125,0,0]
[1,90.125,0,0]
[5,90.125,0,0]
[4,90.125,0,0]
[3,90.125,0,0]
[6,90.125,0,0]
[7,90.125,0,0]
[8,90.125,0,0]
[2,90.125,0,0]
[0,90.1875,0,0]
[2,90.1875,0,0]
[4,90.1875,0,0]
[1,90.1875,0,0]
[5,90.1875,0,0]
[3,90.1875,0,0]
[6,90.1875,0,0]
[7,90.1875,0,0]
[8,90.1875,0,0]
[0,90.25,0,0]
[2,90.25,0,0]
[1,90.25,0,0]
[4,90.25,0,0]
[5,90.25,0,0]
[3,90.25,0,0]
[6,90.25,0,0]
[7,90.25,0,0]
[8,90.25,0,0]
[0,90.3125,0,0]
[1,90.3125,0,0]
[2,90.3125,0,0]
[5,90.3125,0,0]
[4,90.3125,0,0]
[3,90.3125,0,0]
[6,90.3125,0,0]
[7,90.3125,0,0]
[8,90.3125,0,0]
[0,90.375,0,0]
[1,90.375,0,0]
[2,90.375,0,0]
[5,90.375,0,0]
[4,90.375,0,0]
[3,90.375,0,0]
[6,90.375,0,0]
[7,90.375,0,0]
[8,90.375,0,0]
[6,90.4375,0,0]
[5,90.4375,0,0]
[4,90.4375,0,0]
[3,90.4375,0,0]
[2,90.4375,0,0]
[6,91.125,0,0]
[6,91.1875,0,0]
[3,91.25,0,0]
[3,91.3125,0,0]
[0,91.375,0,0]
[0,91.4375,0,0]
[1,91.5,0,0]
[1,91.5625,0,0]
[2,91.625,0,0]
[2,91.6875,0,0]
[5,91.75,0,0]
[5,91.8125,0,0]
[8,91.875,0,0]
[8,91.9375,0,0]
[0,92,0,0]
[8,92,0,0]
[1,92,0,0]
[2,92,0,0]
[7,92,0,0]
[6,92,0,0]
[4,92.1875,0,0]
[0,92.375,0,0]
[8,92.375,0,0]
[1,92.375,0,0]
[2,92.375,0,0]
[7,92.375,0,0]
[6,92.375,0,0]
[4,92.5625,0,0]
[7,92.625,0,0]
[7,92.6875,0,0]
[6,92.75,0,0]
[6,92.8125,0,0]
[3,92.875,0,0]
[3,92.9375,0,0]
[0,93,0,0]
[0,93.0625,0,0]
[1,93.125,0,0]
[1,93.1875,0,0]
[2,93.25,0,0]
[2,93.3125,0,0]
[5,93.375,0,0]
[5,93.4375,0,0]
[8,93.5,0,0]
[7,93.5625,0,0]
[6,93.625,0,0]
[3,93.6875,0,0]
[0,93.75,0,0]
[1,93.75,0,0]
[5,93.75,0,0]
[2,93.75,0,0]
[7,93.75,0,0]
[8,93.75,0,0]
[3,93.75,0,0]
[6,93.75,0,0]
[7,94,0,0]
[8,94,0,0]
[5,94,0,0]
[2,94,0,0]
[1,94,0,0]
[0,94,0,0]
[3,94,0,0]
[6,94,0,0]
[7,94.25,0,0]
[8,94.25,0,0]
[6,94.25,0,0]
[3,94.25,0,0]
[0,94.25,0,0]
[1,94.25,0,0]
[5,94.25,0,0]
[2,94.25,0,0]
[4,94.3125,0,0]
[5,94.375,0,0]
[2,94.375,0,0]
[2,94.4375,0,0]
[1,94.4375,0,0]
[1,94.5,0,0]
[0,94.5,0,0]
[0,94.5625,0,0]
[3,94.5625,0,0]
[3,94.625,0,0]
[6,94.625,0,0]
[6,94.6875,0,0]
[7,94.6875,0,0]
[7,94.75,0,0]
[8,94.75,0,0]
[8,94.8125,0,0]
[5,94.8125,0,0]
[5,94.875,0,0]
[2,94.875,0,0]
[2,94.9375,0,0]
[1,94.9375,0,0]
[1,95,0,0]
[0,95,0,0]
[0,95.0625,0,0]
[3,95.0625,0,0]
[3,95.125,0,0]
[6,95.125,0,0]
[6,95.1875,0,0]
[7,95.1875,0,0]
[7,95.25,0,0]
[8,95.25,0,0]
[8,95.3125,0,0]
[5,95.3125,0,0]
[5,95.375,0,0]
[2,95.375,0,0]
[2,95.4375,0,0]
[1,95.4375,0,0]
[1,95.5,0,0]
[0,95.5,0,0]
[6,95.5625,0,0]
[1,95.75,0,0]
[8,95.9375,0,0]
[3,96.1875,0,0]
[5,96.1875,0,0]
[0,96.3125,0,0]
[1,96.3125,0,0]
[2,96.3125,0,0]
[5,96.3125,0,0]
[3,96.3125,0,0]
[6,96.3125,0,0]
[7,96.3125,0,0]
[8,96.3125,0,0]
[7,96.375,0,0]
[8,96.375,0,0]
[5,96.375,0,0]
[6,96.375,0,0]
[2,96.375,0,0]
[1,96.375,0,0]
[0,96.375,0,0]
[3,96.375,0,0]
[7,96.4375,0,0]
[8,96.4375,0,0]
[5,96.4375,0,0]
[2,96.4375,0,0]
[1,96.4375,0,0]
[0,96.4375,0,0]
[3,96.4375,0,0]
[6,96.4375,0,0]
[8,96.5,0,0]
[5,96.5,0,0]
[2,96.5,0,0]
[1,96.5,0,0]
[0,96.5,0,0]
[3,96.5,0,0]
[6,96.5,0,0]
[7,96.5,0,0]
[5,96.5625,0,0]
[2,96.5625,0,0]
[1,96.5625,0,0]
[0,96.5625,0,0]
[3,96.5625,0,0]
[6,96.5625,0,0]
[7,96.5625,0,0]
[8,96.5625,0,0]
[2,96.625,0,0]
[1,96.625,0,0]
[0,96.625,0,0]
[3,96.625,0,0]
[6,96.625,0,0]
[7,96.625,0,0]
[8,96.625,0,0]
[5,96.625,0,0]
[1,96.6875,0,0]
[0,96.6875,0,0]
[3,96.6875,0,0]
[6,96.6875,0,0]
[7,96.6875,0,0]
[8,96.6875,0,0]
[5,96.6875,0,0]
[2,96.6875,0,0]
[0,96.75,0,0]
[3,96.75,0,0]
[6,96.75,0,0]
[7,96.75,0,0]
[8,96.75,0,0]
[5,96.75,0,0]
[2,96.75,0,0]
[1,96.75,0,0]
[3,96.8125,0,0]
[6,96.8125,0,0]
[7,96.8125,0,0]
[8,96.8125,0,0]
[5,96.8125,0,0]
[2,96.8125,0,0]
[1,96.8125,0,0]
[0,96.8125,0,0]
[6,96.875,0,0]
[7,96.875,0,0]
[5,96.875,0,0]
[8,96.875,0,0]
[2,96.875,0,0]
[1,96.875,0,0]
[0,96.875,0,0]
[3,96.875,0,0]
[7,96.9375,0,0]
[8,96.9375,0,0]
[5,96.9375,0,0]
[2,96.9375,0,0]
[1,96.9375,0,0]
[0,96.9375,0,0]
[3,96.9375,0,0]
[6,96.9375,0,0]
[8,97,0,0]
[5,97,0,0]
[2,97,0,0]
[1,97,0,0]
[0,97,0,0]
[3,97,0,0]
[6,97,0,0]
[7,97,0,0]
[5,97.0625,0,0]
[2,97.0625,0,0]
[1,97.0625,0,0]
[0,97.0625,0,0]
[3,97.0625,0,0]
[6,97.0625,0,0]
[7,97.0625,0,0]
[8,97.0625,0,0]
[2,97.125,0,0]
[1,97.125,0,0]
[0,97.125,0,0]
[3,97.125,0,0]
[6,97.125,0,0]
[7,97.125,0,0]
[5,97.125,0,0]
[8,97.125,0,0]
[1,97.1875,0,0]
[0,97.1875,0,0]
[3,97.1875,0,0]
[6,97.1875,0,0]
[7,97.1875,0,0]
[8,97.1875,0,0]
[5,97.1875,0,0]
[2,97.1875,0,0]
[0,97.25,0,0]
[3,97.25,0,0]
[6,97.25,0,0]
[7,97.25,0,0]
[1,97.25,0,0]
[2,97.25,0,0]
[5,97.25,0,0]
[8,97.25,0,0]
[0,97.3125,0,0]
[4,97.3125,0,0]
[8,97.3125,0,0]
[2,97.3125,0,0]
[6,97.3125,0,0]
[3,97.5625,0,0]
[6,97.5625,0,0]
[2,97.5625,0,0]
[7,97.5625,0,0]
[5,97.5625,0,0]
[1,97.5625,0,0]
[0,97.75,0,0]
[3,97.75,0,0]
[8,97.75,0,0]
[5,97.75,0,0]
[4,97.75,0,0]
[0,97.8125,0,0]
[3,97.8125,0,0]
[4,97.8125,0,0]
[5,97.8125,0,0]
[8,97.8125,0,0]
[0,97.875,0,0]
[3,97.875,0,0]
[4,97.875,0,0]
[5,97.875,0,0]
[8,97.875,0,0]
[0,97.9375,0,0]
[3,97.9375,0,0]
[4,97.9375,0,0]
[5,97.9375,0,0]
[8,97.9375,0,0]
[0,98,0,0]
[3,98,0,0]
[4,98,0,0]
[5,98,0,0]
[8,98,0,0]
[5,98.0625,0,0]
[8,98.0625,0,0]
[4,98.0625,0,0]
[3,98.0625,0,0]
[0,98.0625,0,0]
[0,98.125,0,0]
[3,98.125,0,0]
[4,98.125,0,0]
[5,98.125,0,0]
[8,98.125,0,0]
[5,98.1875,0,0]
[4,98.1875,0,0]
[3,98.1875,0,0]
[0,98.1875,0,0]
[8,98.1875,0,0]
[4,98.25,0,0]
[0,98.25,0,0]
[8,98.25,0,0]
[1,98.3125,0,0]
[2,98.3125,0,0]
[4,98.3125,0,0]
[7,98.3125,0,0]
[6,98.3125,0,0]
[6,98.375,0,0]
[4,98.375,0,0]
[2,98.375,0,0]
[3,98.4375,0,0]
[0,98.4375,0,0]
[4,98.4375,0,0]
[5,98.4375,0,0]
[8,98.4375,0,0]
[0,98.5,0,0]
[4,98.5,0,0]
[8,98.5,0,0]
[6,98.5625,0,0]
[7,98.5625,0,0]
[4,98.5625,0,0]
[1,98.5625,0,0]
[2,98.5625,0,0]
[6,98.625,0,0]
[4,98.625,0,0]
[2,98.625,0,0]
[0,98.6875,0,0]
[3,98.6875,0,0]
[4,98.6875,0,0]
[5,98.6875,0,0]
[8,98.6875,0,0]
[0,98.75,0,0]
[4,98.75,0,0]
[8,98.75,0,0]
[6,98.8125,0,0]
[7,98.8125,0,0]
[4,98.8125,0,0]
[1,98.8125,0,0]
[2,98.8125,0,0]
[6,98.875,0,0]
[4,98.875,0,0]
[2,98.875,0,0]
[0,98.9375,0,0]
[3,98.9375,0,0]
[4,98.9375,0,0]
[5,98.9375,0,0]
[8,98.9375,0,0]
[0,99,0,0]
[4,99,0,0]
[8,99,0,0]
[6,99.0625,0,0]
[7,99.0625,0,0]
[4,99.0625,0,0]
[1,99.0625,0,0]
[2,99.0625,0,0]
[6,99.125,0,0]
[7,99.125,0,0]
[4,99.125,0,0]
[1,99.125,0,0]
[2,99.125,0,0]
[6,99.3125,0,0]
[4,99.3125,0,0]
[2,99.3125,0,0]
[0,99.5,0,0]
[3,99.5,0,0]
[4,99.5,0,0]
[5,99.5,0,0]
[8,99.5,0,0]
[0,99.75,0,0]
[4,99.75,0,0]
[8,99.75,0,0]
[3,99.8125,0,0]
[4,99.8125,0,0]
[5,99.8125,0,0]
[6,99.875,0,0]
[4,99.875,0,0]
[2,99.875,0,0]
[7,99.9375,0,0]
[4,99.9375,0,0]
[1,99.9375,0,0]
[8,100,0,0]
[4,100,0,0]
[0,100,0,0]
[3,100.0625,0,0]
[4,100.0625,0,0]
[5,100.0625,0,0]
[6,100.125,0,0]
[4,100.125,0,0]
[2,100.125,0,0]
[7,100.1875,0,0]
[4,100.1875,0,0]
[1,100.1875,0,0]
[0,100.25,0,0]
[4,100.25,0,0]
[8,100.25,0,0]
[3,100.3125,0,0]
[4,100.3125,0,0]
[5,100.3125,0,0]
[6,100.375,0,0]
[4,100.375,0,0]
[2,100.375,0,0]
[7,100.4375,0,0]
[4,100.4375,0,0]
[1,100.4375,0,0]
[0,100.5,0,0]
[4,100.5,0,0]
[8,100.5,0,0]
[3,100.5625,0,0]
[4,100.5625,0,0]
[5,100.5625,0,0]
[6,100.625,0,0]
[4,100.625,0,0]
[2,100.625,0,0]
[1,100.6875,0,0]
[4,100.6875,0,0]
[7,100.6875,0,0]
[0,100.75,0,0]
[4,100.75,0,0]
[8,100.75,0,0]
[3,100.8125,0,0]
[4,100.8125,0,0]
[5,100.8125,0,0]
[0,101,0,0]
[1,101,0,0]
[2,101,0,0]
[4,101,0,0]
[7,101,0,0]
[3,101.1875,0,0]
[6,101.1875,0,0]
[5,101.1875,0,0]
[8,101.1875,0,0]
[3,101.75,0,0]
[4,101.75,0,0]
[5,101.75,0,0]
[7,101.75,0,0]
[1,101.75,0,0]
[5,102.125,0,0]
[4,102.125,0,0]
[3,102.125,0,0]
[0,102.5625,0,0]
[4,102.5625,0,0]
[6,102.5625,0,0]
[8,102.5625,0,0]
[2,102.5625,0,0]
[1,102.9375,0,0]
[7,102.9375,0,0]
[4,102.9375,0,0]
[3,102.9375,0,0]
[5,102.9375,0,0]
[4,103.25,0,0]
[4,103.3125,0,0]
[4,103.375,0,0]
[4,103.4375,0,0]
[4,103.5,0,0]
[4,103.5625,0,0]
[4,103.625,0,0]
[4,103.6875,0,0]
[4,103.75,0,0]
[4,103.8125,0,0]
[4,103.875,0,0]
[4,103.9375,0,0]
[4,104,0,0]
[4,104.0625,0,0]
[4,104.125,0,0]
[4,104.1875,0,0]
[4,104.25,0,0]
[4,104.3125,0,0]
[4,104.375,0,0]
[4,104.4375,0,0]
[4,104.5,0,0]
[4,104.5625,0,0]
[4,104.625,0,0]
[4,104.6875,0,0]
[4,104.75,0,0]
[0,105.25,0,0]
[0,105.3125,0,0]
[1,105.375,0,0]
[1,105.4375,0,0]
[2,105.5,0,0]
[2,105.5625,0,0]
[4,105.625,0,0]
[4,105.6875,0,0]
[6,105.75,0,0]
[6,105.8125,0,0]
[7,105.875,0,0]
[7,105.9375,0,0]
[8,106,0,0]
[8,106.0625,0,0]
[5,106.125,0,0]
[5,106.1875,0,0]
[4,106.25,0,0]
[4,106.3125,0,0]
[3,106.375,0,0]
[3,106.4375,0,0]
[0,106.5,0,0]
[0,106.5625,0,0]
[1,106.625,0,0]
[1,106.6875,0,0]
[4,106.75,0,0]
[4,106.8125,0,0]
[7,106.875,0,0]
[7,106.9375,0,0]
[6,107,0,0]
[6,107.0625,0,0]
[3,107.125,0,0]
[3,107.1875,0,0]
[0,107.25,0,0]
[0,107.3125,0,0]
[0,107.375,0,0]
[0,107.4375,0,0]
[0,107.5,0,0]
[1,107.5625,0,0]
[1,107.625,0,0]
[2,107.6875,0,0]
[2,107.75,0,0]
[2,107.8125,0,0]
[2,107.875,0,0]
[2,107.9375,0,0]
[5,108,0,0]
[5,108.0625,0,0]
[8,108.125,0,0]
[8,108.1875,0,0]
[8,108.25,0,0]
[8,108.3125,0,0]
[8,108.375,0,0]
[7,108.4375,0,0]
[7,108.5,0,0]
[6,108.5625,0,0]
[6,108.625,0,0]
[6,108.6875,0,0]
[6,108.75,0,0]
[3,108.8125,0,0]
[3,108.875,0,0]
[0,108.9375,0,0]
[0,109,0,0]
[0,109.0625,0,0]
[0,109.125,0,0]
[0,109.1875,0,0]
[4,109.25,0,0]
[4,109.3125,0,0]
[8,109.375,0,0]
[8,109.4375,0,0]
[8,109.5,0,0]
[8,109.5625,0,0]
[8,109.625,0,0]
[8,109.6875,0,0]
[5,109.75,0,0]
[5,109.8125,0,0]
[2,109.875,0,0]
[2,109.9375,0,0]
[2,110,0,0]
[2,110.0625,0,0]
[2,110.125,0,0]
[1,110.125,0,0]
[5,110.125,0,0]
[1,110.1875,0,0]
[2,110.1875,0,0]
[5,110.1875,0,0]
[0,110.25,0,0]
[8,110.25,0,0]
[2,110.25,0,0]
[0,110.3125,0,0]
[2,110.3125,0,0]
[8,110.3125,0,0]
[0,110.375,0,0]
[2,110.375,0,0]
[8,110.375,0,0]
[0,110.4375,0,0]
[2,110.4375,0,0]
[8,110.4375,0,0]
[0,110.5,0,0]
[2,110.5,0,0]
[8,110.5,0,0]
[0,110.5625,0,0]
[2,110.5625,0,0]
[8,110.5625,0,0]
[0,110.625,0,0]
[2,110.625,0,0]
[8,110.625,0,0]
[3,110.6875,0,0]
[4,110.6875,0,0]
[7,110.6875,0,0]
[6,110.75,0,0]
[6,110.8125,0,0]
[6,110.875,0,0]
[6,110.9375,0,0]
[6,111,0,0]
[3,111.0625,0,0]
[6,111.0625,0,0]
[7,111.0625,0,0]
[4,111.0625,0,0]
[3,111.125,0,0]
[4,111.125,0,0]
[7,111.125,0,0]
[6,111.125,0,0]
[3,111.1875,0,0]
[4,111.1875,0,0]
[7,111.1875,0,0]
[6,111.1875,0,0]
[3,111.25,0,0]
[4,111.25,0,0]
[7,111.25,0,0]
[6,111.25,0,0]
[3,111.3125,0,0]
[4,111.3125,0,0]
[7,111.3125,0,0]
[6,111.3125,0,0]
[3,111.375,0,0]
[4,111.375,0,0]
[7,111.375,0,0]
[6,111.375,0,0]
[3,111.4375,0,0]
[4,111.4375,0,0]
[7,111.4375,0,0]
[6,111.4375,0,0]
[0,111.5,0,0]
[1,111.5,0,0]
[2,111.5,0,0]
[5,111.5,0,0]
[4,111.5,0,0]
[3,111.5,0,0]
[6,111.5,0,0]
[7,111.5,0,0]
[8,111.5,0,0]
[0,111.5625,0,0]
[1,111.5625,0,0]
[2,111.5625,0,0]
[5,111.5625,0,0]
[4,111.5625,0,0]
[3,111.5625,0,0]
[6,111.5625,0,0]
[7,111.5625,0,0]
[8,111.5625,0,0]
[0,111.625,0,0]
[1,111.625,0,0]
[2,111.625,0,0]
[5,111.625,0,0]
[4,111.625,0,0]
[3,111.625,0,0]
[6,111.625,0,0]
[8,111.625,0,0]
[7,111.625,0,0]
[0,111.6875,0,0]
[1,111.6875,0,0]
[2,111.6875,0,0]
[5,111.6875,0,0]
[4,111.6875,0,0]
[3,111.6875,0,0]
[6,111.6875,0,0]
[7,111.6875,0,0]
[8,111.6875,0,0]
[0,111.75,0,0]
[1,111.75,0,0]
[2,111.75,0,0]
[5,111.75,0,0]
[4,111.75,0,0]
[3,111.75,0,0]
[6,111.75,0,0]
[7,111.75,0,0]
[8,111.75,0,0]
[0,111.8125,0,0]
[1,111.8125,0,0]
[2,111.8125,0,0]
[5,111.8125,0,0]
[4,111.8125,0,0]
[3,111.8125,0,0]
[6,111.8125,0,0]
[7,111.8125,0,0]
[8,111.8125,0,0]
[0,111.875,0,0]
[1,111.875,0,0]
[2,111.875,0,0]
[5,111.875,0,0]
[4,111.875,0,0]
[3,111.875,0,0]
[7,111.875,0,0]
[8,111.875,0,0]
[6,111.875,0,0]
[3,112.5,0,0]
[1,112.5,0,0]
[5,112.5,0,0]
[7,112.5,0,0]
[3,112.5625,0,0]
[1,112.5625,0,0]
[5,112.5625,0,0]
[7,112.5625,0,0]
[1,112.625,0,0]
[3,112.625,0,0]
[7,112.625,0,0]
[5,112.625,0,0]
[2,112.875,0,0]
[4,112.875,0,0]
[8,112.875,0,0]
[2,112.9375,0,0]
[4,112.9375,0,0]
[8,112.9375,0,0]
[4,113,0,0]
[8,113,0,0]
[2,113,0,0]
[0,113.25,0,0]
[4,113.25,0,0]
[6,113.25,0,0]
[0,113.3125,0,0]
[4,113.3125,0,0]
[6,113.3125,0,0]
[0,113.375,0,0]
[4,113.375,0,0]
[6,113.375,0,0]
[2,113.75,0,0]
[4,113.75,0,0]
[0,113.75,0,0]
[2,113.8125,0,0]
[4,113.8125,0,0]
[0,113.8125,0,0]
[0,113.875,0,0]
[4,113.875,0,0]
[2,113.875,0,0]
[4,114.125,0,0]
[8,114.125,0,0]
[6,114.125,0,0]
[8,114.1875,0,0]
[4,114.1875,0,0]
[6,114.1875,0,0]
[8,114.25,0,0]
[4,114.25,0,0]
[6,114.25,0,0]
[4,114.5,0,0]
[0,114.5,0,0]
[8,114.5,0,0]
[2,114.5,0,0]
[6,114.5,0,0]
[8,114.5625,0,0]
[4,114.5625,0,0]
[0,114.5625,0,0]
[2,114.5625,0,0]
[6,114.5625,0,0]
[4,114.625,0,0]
[6,114.625,0,0]
[8,114.625,0,0]
[2,114.625,0,0]
[0,114.625,0,0]
[3,115,0,0]
[6,115,0,0]
[1,115,0,0]
[5,115,0,0]
[8,115,0,0]
[3,115.0625,0,0]
[6,115.0625,0,0]
[1,115.0625,0,0]
[5,115.0625,0,0]
[8,115.0625,0,0]
[0,115.5,0,0]
[6,115.5,0,0]
[4,115.5,0,0]
[5,115.5,0,0]
[0,115.5625,0,0]
[6,115.5625,0,0]
[4,115.5625,0,0]
[5,115.5625,0,0]
[0,116,0,0]
[1,116,0,0]
[2,116,0,0]
[5,116,0,0]
[1,116.0625,0,0]
[2,116.0625,0,0]
[5,116.0625,0,0]
[8,116.0625,0,0]
[2,116.125,0,0]
[5,116.125,0,0]
[8,116.125,0,0]
[7,116.125,0,0]
[8,116.1875,0,0]
[5,116.1875,0,0]
[7,116.1875,0,0]
[6,116.1875,0,0]
[8,116.25,0,0]
[7,116.25,0,0]
[6,116.25,0,0]
[3,116.25,0,0]
[7,116.3125,0,0]
[6,116.3125,0,0]
[3,116.3125,0,0]
[0,116.3125,0,0]
[1,116.375,0,0]
[0,116.375,0,0]
[3,116.375,0,0]
[6,116.375,0,0]
[3,116.4375,0,0]
[0,116.4375,0,0]
[1,116.4375,0,0]
[2,116.4375,0,0]
[0,116.5,0,0]
[1,116.5,0,0]
[2,116.5,0,0]
[5,116.5,0,0]
[1,116.5625,0,0]
[2,116.5625,0,0]
[5,116.5625,0,0]
[8,116.5625,0,0]
[2,116.625,0,0]
[5,116.625,0,0]
[8,116.625,0,0]
[7,116.625,0,0]
[5,116.6875,0,0]
[8,116.6875,0,0]
[7,116.6875,0,0]
[6,116.6875,0,0]
[8,116.75,0,0]
[7,116.75,0,0]
[6,116.75,0,0]
[3,116.75,0,0]
[7,116.8125,0,0]
[6,116.8125,0,0]
[3,116.8125,0,0]
[0,116.8125,0,0]
[0,116.875,0,0]
[3,116.875,0,0]
[6,116.875,0,0]
[1,116.875,0,0]
[3,116.9375,0,0]
[1,116.9375,0,0]
[0,116.9375,0,0]
[2,116.9375,0,0]
[0,117,0,0]
[1,117,0,0]
[2,117,0,0]
[5,117,0,0]
[1,117.0625,0,0]
[2,117.0625,0,0]
[5,117.0625,0,0]
[8,117.0625,0,0]
[2,117.125,0,0]
[5,117.125,0,0]
[8,117.125,0,0]
[7,117.125,0,0]
[8,117.1875,0,0]
[7,117.1875,0,0]
[6,117.1875,0,0]
[5,117.1875,0,0]
[8,117.25,0,0]
[7,117.25,0,0]
[6,117.25,0,0]
[3,117.25,0,0]
[0,117.3125,0,0]
[7,117.3125,0,0]
[6,117.3125,0,0]
[3,117.3125,0,0]
[6,117.375,0,0]
[3,117.375,0,0]
[0,117.375,0,0]
[1,117.375,0,0]
[3,117.4375,0,0]
[0,117.4375,0,0]
[1,117.4375,0,0]
[2,117.4375,0,0]
[0,117.5,0,0]
[1,117.5,0,0]
[2,117.5,0,0]
[5,117.5,0,0]
[1,117.5625,0,0]
[2,117.5625,0,0]
[5,117.5625,0,0]
[8,117.5625,0,0]
[2,117.625,0,0]
[5,117.625,0,0]
[8,117.625,0,0]
[7,117.625,0,0]
[5,117.6875,0,0]
[8,117.6875,0,0]
[7,117.6875,0,0]
[6,117.6875,0,0]
[8,117.75,0,0]
[7,117.75,0,0]
[6,117.75,0,0]
[3,117.75,0,0]
[7,117.8125,0,0]
[6,117.8125,0,0]
[3,117.8125,0,0]
[0,117.8125,0,0]
[6,117.875,0,0]
[3,117.875,0,0]
[0,117.875,0,0]
[1,117.875,0,0]
[3,117.9375,0,0]
[0,117.9375,0,0]
[1,117.9375,0,0]
[2,117.9375,0,0]
[0,118,0,0]
[1,118,0,0]
[2,118,0,0]
[5,118,0,0]
[1,118.0625,0,0]
[2,118.0625,0,0]
[5,118.0625,0,0]
[8,118.0625,0,0]
[2,118.125,0,0]
[5,118.125,0,0]
[8,118.125,0,0]
[7,118.125,0,0]
[5,118.1875,0,0]
[8,118.1875,0,0]
[7,118.1875,0,0]
[6,118.1875,0,0]
[8,118.25,0,0]
[7,118.25,0,0]
[6,118.25,0,0]
[3,118.25,0,0]
[7,118.3125,0,0]
[6,118.3125,0,0]
[3,118.3125,0,0]
[0,118.3125,0,0]
[6,118.375,0,0]
[3,118.375,0,0]
[1,118.375,0,0]
[0,118.375,0,0]
[2,118.4375,0,0]
[1,118.4375,0,0]
[5,118.5,0,0]
[8,118.5625,0,0]
[7,118.625,0,0]
[6,118.6875,0,0]
[3,118.75,0,0]
[0,118.8125,0,0]
[1,118.875,0,0]
[2,118.9375,0,0]
[5,119,0,0]
[6,119.5,0,0]
[1,119.875,0,0]
[8,120.375,0,0]
[3,120.8125,0,0]
[5,121,0,0]
[0,121.375,0,0]
[7,121.75,0,0]
[2,122.25,0,0]
[4,122.5625,0,0]
[6,122.9375,0,0]
[8,123.5625,0,0]
[0,124,0,0]
[2,124.5,0,0]
[8,125,0,0]
[7,125.3125,0,0]
[4,125.3125,0,0]
[5,125.3125,0,0]
[2,125.6875,0,0]
[1,125.6875,0,0]
[0,125.6875,0,0]
[3,125.6875,0,0]
[6,125.6875,0,0]