[0,0,1,0.6818181818181818]
[5,0.6818181818181818,1,0.9090909090909091]
[6,1.5909090909090908,1,2.0454545454545454]
[8,3.6363636363636362,1,0.6818181818181818]
[3,4.3181818181818175,1,0.9090909090909091]
[2,5.227272727272727,1,2.0454545454545454]
[6,7.2727272727272725,1,0.6818181818181818]
[4,7.954545454545454,1,0.9090909090909091]
[8,8.863636363636363,1,2.0454545454545454]
[0,10.909090909090908,1,0.6818181818181818]
[4,11.59090909090909,1,0.9090909090909091]
[2,12.499999999999998,1,1.3636363636363635]
[1,13.863636363636363,0,0.9090909090909091]
[6,14.09090909090909,0,0.9090909090909091]
[7,14.204545454545453,0,0.9090909090909091]
[8,14.318181818181817,0,0.9090909090909091]
[4,14.545454545454545,0,0.9090909090909091]
[3,14.545454545454545,0,0.9090909090909091]
[5,14.772727272727272,0,0.9090909090909091]
[0,14.999999999999998,0,0.9090909090909091]
[2,15.227272727272727,0,0.6818181818181818]
[6,15.378787878787877,0,0.6818181818181818]
[7,15.378787878787877,0,0.6818181818181818]
[4,15.606060606060606,0,0.6818181818181818]
[5,15.606060606060606,0,0.6818181818181818]
[1,15.909090909090908,0,0.9090909090909091]
[0,15.909090909090908,0,0.6818181818181818]
[7,16.363636363636363,0,0.9090909090909091]
[8,16.363636363636363,0,0.6818181818181818]
[3,16.59090909090909,0,0.6818181818181818]
[2,16.818181818181817,0,0.6818181818181818]
[0,17.045454545454543,0,0.6818181818181818]
[7,17.196969696969695,0,0.6818181818181818]
[8,17.196969696969695,0,0.6818181818181818]
[3,17.424242424242422,0,0.6818181818181818]
[4,17.424242424242422,0,0.6818181818181818]
[1,17.727272727272727,0,0.9090909090909091]
[2,17.727272727272727,0,0.6818181818181818]
[7,18.18181818181818,0,0.9090909090909091]
[6,18.18181818181818,0,0.6818181818181818]
[5,18.409090909090907,0,0.6818181818181818]
[0,18.636363636363633,0,0.6818181818181818]
[2,18.863636363636363,0,0.6818181818181818]
[6,19.015151515151512,0,0.6818181818181818]
[7,19.015151515151512,0,0.6818181818181818]
[4,19.242424242424242,0,0.6818181818181818]
[5,19.242424242424242,0,0.6818181818181818]
[1,19.545454545454543,0,0.9090909090909091]
[0,19.545454545454543,0,0.6818181818181818]
[7,20,0,0.9090909090909091]
[8,20,0,0.6818181818181818]
[3,20.227272727272727,0,0.6818181818181818]
[4,20.454545454545453,0,0.9090909090909091]
[1,20.68181818181818,0,0.9090909090909091]
[2,20.68181818181818,0,0.6818181818181818]
[6,20.909090909090907,0,0.6818181818181818]
[7,21.02272727272727,0,0.6818181818181818]
[8,21.136363636363633,0,0.6818181818181818]
[3,21.363636363636363,0,0.6818181818181818]
[4,21.477272727272727,0,0.6818181818181818]
[1,21.818181818181817,0,0.9090909090909091]
[2,21.818181818181817,0,0.6818181818181818]
[3,22.045454545454543,0,0.6818181818181818]
[5,22.27272727272727,0,0.6818181818181818]
[6,22.499999999999996,0,0.6818181818181818]
[1,22.65151515151515,0,0.6818181818181818]
[2,22.65151515151515,0,0.6818181818181818]
[4,22.878787878787875,0,0.6818181818181818]
[3,22.878787878787875,0,0.6818181818181818]
[7,23.18181818181818,0,0.9090909090909091]
[8,23.18181818181818,0,0.6818181818181818]
[1,23.636363636363633,0,0.9090909090909091]
[0,23.636363636363633,0,0.6818181818181818]
[5,23.863636363636363,0,0.6818181818181818]
[3,24.09090909090909,0,0.6818181818181818]
[8,24.318181818181817,0,0.6818181818181818]
[1,24.46969696969697,0,0.6818181818181818]
[0,24.46969696969697,0,0.6818181818181818]
[4,24.696969696969695,0,0.6818181818181818]
[5,24.696969696969695,0,0.6818181818181818]
[7,24.999999999999996,0,0.9090909090909091]
[6,24.999999999999996,0,0.6818181818181818]
[1,25.454545454545453,0,0.9090909090909091]
[2,25.454545454545453,0,0.6818181818181818]
[3,25.68181818181818,0,0.6818181818181818]
[5,25.909090909090907,0,0.6818181818181818]
[6,26.136363636363633,0,0.6818181818181818]
[1,26.287878787878785,0,0.6818181818181818]
[2,26.287878787878785,0,0.6818181818181818]
[4,26.515151515151512,0,0.6818181818181818]
[3,26.515151515151512,0,0.6818181818181818]
[7,26.818181818181817,0,0.9090909090909091]
[8,26.818181818181817,0,0.6818181818181818]
[1,27.27272727272727,0,0.9090909090909091]
[0,27.27272727272727,0,0.6818181818181818]
[5,27.499999999999996,0,0.6818181818181818]
[4,27.727272727272727,0,0.6818181818181818]
[7,27.954545454545453,0,0.9090909090909091]
[6,27.954545454545453,0,0.6818181818181818]
[2,28.18181818181818,0,0.6818181818181818]
[1,28.295454545454543,0,0.6818181818181818]
[0,28.409090909090907,0,0.6818181818181818]
[5,28.636363636363633,0,0.6818181818181818]
[4,28.749999999999996,0,0.6818181818181818]
[6,29.09090909090909,0,0.9090909090909091]
[7,29.09090909090909,0,0.9090909090909091]
[5,30.909090909090907,1,0.6818181818181818]
[4,31.59090909090909,1,0.6818181818181818]
[3,32.27272727272727,1,0.45454545454545453]
[2,32.72727272727273,0,0.45454545454545453]
[1,32.95454545454545,0,0.45454545454545453]
[0,33.18181818181818,0,0.45454545454545453]
[8,33.40909090909091,0,0.45454545454545453]
[7,33.52272727272727,0,0.45454545454545453]
[3,33.63636363636363,0,0.45454545454545453]
[4,33.75,0,0.45454545454545453]
[5,33.86363636363636,0,0.45454545454545453]
[0,34.090909090909086,0,0.45454545454545453]
[1,34.31818181818181,0,0.45454545454545453]
[8,34.54545454545454,0,0.45454545454545453]
[7,34.77272727272727,0,0.45454545454545453]
[6,35,0,0.45454545454545453]
[2,35.22727272727273,0,0.45454545454545453]
[1,35.340909090909086,0,0.45454545454545453]
[3,35.56818181818181,0,0.45454545454545453]
[4,35.68181818181818,0,0.45454545454545453]
[8,35.90909090909091,0,0.45454545454545453]
[7,36.022727272727266,0,0.45454545454545453]
[0,36.36363636363636,0,0.45454545454545453]
[1,36.590909090909086,0,0.45454545454545453]
[2,36.81818181818181,0,0.45454545454545453]
[6,37.04545454545454,0,0.45454545454545453]
[7,37.15909090909091,0,0.45454545454545453]
[5,37.272727272727266,0,0.45454545454545453]
[4,37.38636363636363,0,0.45454545454545453]
[3,37.5,0,0.45454545454545453]
[8,37.72727272727273,0,0.45454545454545453]
[6,37.95454545454545,0,0.45454545454545453]
[2,38.18181818181818,0,0.45454545454545453]
[1,38.40909090909091,0,0.45454545454545453]
[3,38.63636363636363,0,0.45454545454545453]
[8,38.86363636363636,0,0.45454545454545453]
[7,38.97727272727273,0,0.45454545454545453]
[0,39.20454545454545,0,0.45454545454545453]
[1,39.31818181818181,0,0.45454545454545453]
[5,39.54545454545454,0,0.45454545454545453]
[3,39.772727272727266,0,0.45454545454545453]
[4,40,0,0.45454545454545453]
[8,40.22727272727273,0,0.45454545454545453]
[6,40.45454545454545,0,0.45454545454545453]
[2,40.68181818181818,0,0.45454545454545453]
[1,40.79545454545454,0,0.45454545454545453]
[3,40.90909090909091,0,0.45454545454545453]
[4,41.022727272727266,0,0.45454545454545453]
[5,41.13636363636363,0,0.45454545454545453]
[0,41.36363636363636,0,0.45454545454545453]
[8,41.590909090909086,0,0.45454545454545453]
[7,41.81818181818181,0,0.45454545454545453]
[6,42.04545454545454,0,0.45454545454545453]
[5,42.272727272727266,0,0.45454545454545453]
[0,42.5,0,0.45454545454545453]
[1,42.61363636363636,0,0.45454545454545453]
[8,42.840909090909086,0,0.45454545454545453]
[7,42.95454545454545,0,0.45454545454545453]
[3,43.18181818181818,0,0.45454545454545453]
[4,43.40909090909091,0,0.45454545454545453]
[2,43.63636363636363,1,0.22727272727272727]
[1,43.86363636363636,1,0.22727272727272727]
[3,44.090909090909086,1,0.22727272727272727]
[4,44.31818181818181,1,0.22727272727272727]
[8,44.54545454545454,1,0.22727272727272727]
[7,44.772727272727266,1,0.22727272727272727]
[0,44.99999999999999,1,0.22727272727272727]
[1,45.22727272727273,1,0.22727272727272727]
[5,45.45454545454545,1,0.22727272727272727]
[4,45.68181818181818,1,0.22727272727272727]
[6,45.90909090909091,1,0.22727272727272727]
[7,46.13636363636363,1,0.45454545454545453]
[2,46.590909090909086,1,0.22727272727272727]
[1,46.81818181818181,0,0.22727272727272727]
[0,47.04545454545454,0,0.45454545454545453]
[8,47.272727272727266,0,0.45454545454545453]
[7,47.49999999999999,0,0.45454545454545453]
[6,47.72727272727273,0,0.45454545454545453]
[2,47.95454545454545,0,0.45454545454545453]
[1,48.06818181818181,0,0.45454545454545453]
[3,48.18181818181818,0,0.45454545454545453]
[4,48.29545454545454,0,0.45454545454545453]
[5,48.40909090909091,0,0.45454545454545453]
[0,48.63636363636363,0,0.45454545454545453]
[8,48.86363636363636,0,0.45454545454545453]
[3,49.090909090909086,0,0.45454545454545453]
[4,49.31818181818181,0,0.45454545454545453]
[2,49.54545454545454,0,0.45454545454545453]
[6,49.772727272727266,0,0.45454545454545453]
[7,49.88636363636363,0,0.45454545454545453]
[5,50.11363636363636,0,0.45454545454545453]
[4,50.22727272727273,0,0.45454545454545453]
[0,50.45454545454545,0,0.45454545454545453]
[1,50.56818181818181,0,0.22727272727272727]
[8,50.90909090909091,1,0.22727272727272727]
[7,51.13636363636363,1,0.22727272727272727]
[3,51.36363636363636,0,0.11363636363636363]
[4,51.47727272727273,0,0.11363636363636363]
[2,51.70454545454545,1,0.3409090909090909]
[1,52.04545454545454,1,0.22727272727272727]
[6,52.272727272727266,1,0.22727272727272727]
[7,52.49999999999999,1,0.22727272727272727]
[5,52.72727272727272,1,0.22727272727272727]
[4,52.95454545454545,1,0.22727272727272727]
[0,53.18181818181818,1,0.22727272727272727]
[1,53.40909090909091,1,0.45454545454545453]
[8,53.86363636363636,1,0.22727272727272727]
[7,54.090909090909086,0,0.22727272727272727]
[0,54.54545454545454,0,0.22727272727272727]
[1,54.772727272727266,0,0.22727272727272727]
[2,54.99999999999999,0,0.22727272727272727]
[6,55.22727272727272,0,0.22727272727272727]
[7,55.340909090909086,0,0.22727272727272727]
[5,55.45454545454545,0,0.22727272727272727]
[4,55.56818181818181,0,0.22727272727272727]
[3,55.68181818181818,0,0.22727272727272727]
[8,55.90909090909091,0,0.22727272727272727]
[0,56.13636363636363,0,0.22727272727272727]
[2,56.36363636363636,0,0.22727272727272727]
[1,56.590909090909086,0,0.22727272727272727]
[3,56.81818181818181,0,0.22727272727272727]
[8,57.04545454545454,0,0.22727272727272727]
[7,57.15909090909091,0,0.22727272727272727]
[0,57.38636363636363,0,0.22727272727272727]
[1,57.49999999999999,0,0.22727272727272727]
[5,57.72727272727272,0,0.22727272727272727]
[4,57.95454545454545,0,0.22727272727272727]
[6,58.18181818181818,1,0.22727272727272727]
[7,58.40909090909091,1,0.22727272727272727]
[8,58.63636363636363,0,0.22727272727272727]
[0,59.31818181818181,1,0.22727272727272727]
[5,59.54545454545454,0,0.22727272727272727]
[4,59.65909090909091,0,0.22727272727272727]
[3,59.88636363636363,1,0.5681818181818181]
[2,60.454545454545446,1,0.3409090909090909]
[1,60.79545454545454,1,0.3409090909090909]
[6,61.13636363636363,1,0.22727272727272727]
[7,61.36363636363636,1,0.22727272727272727]
[5,61.590909090909086,1,0.22727272727272727]
[0,61.81818181818181,0,0.22727272727272727]
[1,61.93181818181818,0,0.22727272727272727]
[2,62.15909090909091,0,0.5681818181818181]
[3,63.40909090909091,1,0.22727272727272727]
[8,63.63636363636363,0,0.22727272727272727]
[7,63.74999999999999,0,0.22727272727272727]
[6,63.97727272727272,0,0.22727272727272727]
[2,65.45454545454545,1,0.22727272727272727]
[1,65.68181818181817,1,0.22727272727272727]
[0,65.9090909090909,0,0.22727272727272727]
[8,66.59090909090908,1,0.22727272727272727]
[3,66.81818181818181,0,0.22727272727272727]
[4,66.93181818181817,0,0.45454545454545453]
[5,67.1590909090909,1,0.5681818181818181]
[6,67.72727272727272,1,0.3409090909090909]
[7,68.06818181818181,1,0.3409090909090909]
[2,68.4090909090909,1,0.22727272727272727]
[1,68.63636363636363,1,0.22727272727272727]
[3,68.86363636363636,1,0.22727272727272727]
[8,69.09090909090908,0,0.22727272727272727]
[7,69.20454545454545,0,0.22727272727272727]
[6,69.43181818181817,0,0.22727272727272727]
[5,70.68181818181817,1,0.22727272727272727]
[0,70.9090909090909,0,0.22727272727272727]
[1,71.02272727272727,0,0.22727272727272727]
[2,71.25,0,0.22727272727272727]
[5,72.72727272727272,1,0.45454545454545453]
[4,73.18181818181817,1,0.45454545454545453]
[3,73.63636363636363,1,0.45454545454545453]
[8,74.09090909090908,1,0.22727272727272727]
[7,74.31818181818181,1,0.22727272727272727]
[0,74.54545454545453,1,0.22727272727272727]
[1,74.77272727272727,1,0.22727272727272727]
[5,75,1,0.22727272727272727]
[4,75.22727272727272,1,0.22727272727272727]
[6,75.45454545454545,1,0.22727272727272727]
[7,75.68181818181817,1,0.22727272727272727]
[2,75.9090909090909,1,0.22727272727272727]
[1,76.13636363636363,1,0.22727272727272727]
[3,76.36363636363636,1,0.3409090909090909]
[4,76.36363636363636,1,0.3409090909090909]
[7,76.70454545454545,1,0.3409090909090909]
[8,76.70454545454545,1,0.3409090909090909]
[0,77.72727272727272,1,0.22727272727272727]
[1,77.95454545454545,1,0.6818181818181818]
[5,78.63636363636363,0,0.6818181818181818]
[4,79.09090909090908,0,0.6818181818181818]
[3,79.54545454545453,0,0.6818181818181818]
[8,80,1,0.45454545454545453]
[7,80.45454545454545,1,0.45454545454545453]
[6,80.9090909090909,1,0.45454545454545453]
[2,81.36363636363636,1,0.45454545454545453]
[1,81.81818181818181,1,0.45454545454545453]
[3,82.27272727272727,1,0.45454545454545453]
[4,82.72727272727272,1,0.22727272727272727]
[8,82.95454545454545,1,0.22727272727272727]
[7,83.18181818181817,1,0.45454545454545453]
[0,84.09090909090908,1,0.3409090909090909]
[1,84.43181818181817,1,0.5681818181818181]
[2,85,0,0.5681818181818181]
[3,85.45454545454545,0,0.5681818181818181]
[4,85.56818181818181,0,0.5681818181818181]
[5,85.79545454545453,0,0.5681818181818181]
[8,86.59090909090908,0,0.5681818181818181]
[7,86.74242424242424,0,0.5681818181818181]
[6,86.81818181818181,0,0.5681818181818181]
[1,87.27272727272727,0,0.3409090909090909]
[2,87.27272727272727,0,0.3409090909090909]
[3,87.5,0,0.3409090909090909]
[5,87.72727272727272,0,0.3409090909090909]
[6,87.95454545454545,0,0.3409090909090909]
[1,88.1060606060606,0,0.6818181818181818]
[2,88.1060606060606,0,0.6818181818181818]
[3,88.33333333333333,0,0.6818181818181818]
[4,88.33333333333333,0,0.6818181818181818]
[7,88.63636363636363,0,0.3409090909090909]
[8,88.63636363636363,0,0.3409090909090909]
[0,89.09090909090908,0,0.3409090909090909]
[1,89.09090909090908,0,0.3409090909090909]
[5,89.31818181818181,0,0.3409090909090909]
[3,89.54545454545453,0,0.3409090909090909]
[8,89.77272727272727,0,0.3409090909090909]
[0,89.92424242424242,0,0.6818181818181818]
[1,89.92424242424242,0,0.6818181818181818]
[4,90.15151515151514,0,0.6818181818181818]
[5,90.15151515151514,0,0.6818181818181818]
[6,90.45454545454545,0,0.3409090909090909]
[7,90.45454545454545,0,0.3409090909090909]
[1,90.9090909090909,0,0.3409090909090909]
[2,90.9090909090909,0,0.3409090909090909]
[3,91.13636363636363,0,0.3409090909090909]
[5,91.36363636363636,0,0.3409090909090909]
[6,91.59090909090908,0,0.3409090909090909]
[1,91.74242424242424,0,0.6818181818181818]
[2,91.74242424242424,0,0.6818181818181818]
[3,91.96969696969697,0,0.6818181818181818]
[4,91.96969696969697,0,0.6818181818181818]
[7,92.27272727272727,0,0.3409090909090909]
[8,92.27272727272727,0,0.3409090909090909]
[0,92.72727272727272,0,0.3409090909090909]
[1,92.72727272727272,0,0.3409090909090909]
[5,92.95454545454545,0,0.3409090909090909]
[4,93.18181818181817,0,0.3409090909090909]
[6,93.4090909090909,0,0.3409090909090909]
[7,93.4090909090909,0,0.3409090909090909]
[5,93.63636363636363,0,0.3409090909090909]
[4,93.74999999999999,0,0.3409090909090909]
[3,93.86363636363636,0,0.3409090909090909]
[2,94.09090909090908,0,0.3409090909090909]
[1,94.20454545454545,0,0.3409090909090909]
[6,94.54545454545453,0,0.3409090909090909]
[7,94.54545454545453,0,0.3409090909090909]
[5,94.77272727272727,0,0.3409090909090909]
[3,94.99999999999999,0,0.3409090909090909]
[2,95.22727272727272,0,0.3409090909090909]
[6,95.37878787878788,0,0.6818181818181818]
[7,95.37878787878788,0,0.6818181818181818]
[4,95.6060606060606,0,0.6818181818181818]
[5,95.6060606060606,0,0.6818181818181818]
[0,95.9090909090909,0,0.3409090909090909]
[1,95.9090909090909,0,0.3409090909090909]
[7,96.36363636363636,0,0.3409090909090909]
[8,96.36363636363636,0,0.3409090909090909]
[3,96.59090909090908,0,0.3409090909090909]
[5,96.81818181818181,0,0.3409090909090909]
[0,97.04545454545453,0,0.6818181818181818]
[7,97.19696969696969,0,0.6818181818181818]
[8,97.19696969696969,0,0.6818181818181818]
[3,97.42424242424242,0,0.6818181818181818]
[4,97.42424242424242,0,0.6818181818181818]
[1,97.72727272727272,0,0.3409090909090909]
[2,97.72727272727272,0,0.3409090909090909]
[6,98.18181818181817,0,0.3409090909090909]
[7,98.18181818181817,0,0.3409090909090909]
[5,98.4090909090909,0,0.3409090909090909]
[3,98.63636363636363,0,0.3409090909090909]
[2,98.86363636363636,0,0.3409090909090909]
[6,99.0151515151515,0,0.6818181818181818]
[7,99.0151515151515,0,0.6818181818181818]
[4,99.24242424242424,0,0.6818181818181818]
[5,99.24242424242424,0,0.6818181818181818]
[0,99.54545454545453,0,0.3409090909090909]
[1,99.54545454545453,0,0.3409090909090909]
[7,99.99999999999999,0,0.3409090909090909]
[8,99.99999999999999,0,0.3409090909090909]
[3,100.22727272727272,0,0.3409090909090909]
[4,100.45454545454545,0,0.3409090909090909]
[1,100.68181818181817,0,0.3409090909090909]
[2,100.68181818181817,0,0.3409090909090909]
[3,100.9090909090909,0,0.3409090909090909]
[4,101.02272727272727,0,0.3409090909090909]
[5,101.13636363636363,0,0.3409090909090909]
[6,101.36363636363636,0,0.3409090909090909]
[7,101.59090909090908,0,0.3409090909090909]
[1,101.81818181818181,0,0.3409090909090909]
[2,101.81818181818181,0,0.3409090909090909]
[3,102.04545454545453,0,0.3409090909090909]
[4,102.1590909090909,0,0.3409090909090909]
[5,102.27272727272727,0,0.3409090909090909]
[6,102.49999999999999,0,0.3409090909090909]
[1,102.65151515151514,0,0.6818181818181818]
[2,102.65151515151514,0,0.6818181818181818]
[3,102.87878787878788,0,0.6818181818181818]
[4,102.87878787878788,0,0.6818181818181818]
[8,102.95454545454545,0,0.3409090909090909]
[7,103.18181818181817,0,0.3409090909090909]
[6,103.18181818181817,0,0.3409090909090909]
[2,103.4090909090909,0,0.3409090909090909]
[1,103.63636363636363,0,0.3409090909090909]
[0,103.63636363636363,0,0.3409090909090909]
[5,103.86363636363636,0,0.3409090909090909]
[4,103.97727272727272,0,0.3409090909090909]
[3,104.09090909090908,0,0.3409090909090909]
[8,104.31818181818181,0,0.3409090909090909]
[0,104.46969696969695,0,0.6818181818181818]
[1,104.46969696969695,0,0.6818181818181818]
[4,104.69696969696969,0,0.6818181818181818]
[5,104.69696969696969,0,0.6818181818181818]
[6,104.77272727272727,0,0.3409090909090909]
[7,104.99999999999999,0,0.3409090909090909]
[8,104.99999999999999,0,0.3409090909090909]
[0,105.22727272727272,0,0.3409090909090909]
[1,105.45454545454544,0,0.3409090909090909]
[2,105.45454545454544,0,0.3409090909090909]
[3,105.68181818181817,0,0.3409090909090909]
[4,105.79545454545453,0,0.3409090909090909]
[5,105.9090909090909,0,0.3409090909090909]
[6,106.13636363636363,0,0.3409090909090909]
[1,106.28787878787878,0,0.6818181818181818]
[2,106.28787878787878,0,0.6818181818181818]
[3,106.5151515151515,0,0.6818181818181818]
[4,106.5151515151515,0,0.6818181818181818]
[8,106.59090909090908,0,0.3409090909090909]
[6,106.81818181818181,0,0.3409090909090909]
[7,106.81818181818181,0,0.3409090909090909]
[2,107.04545454545453,0,0.3409090909090909]
[0,107.27272727272727,0,0.3409090909090909]
[1,107.27272727272727,0,0.3409090909090909]
[5,107.49999999999999,0,0.3409090909090909]
[4,107.61363636363636,0,0.3409090909090909]
[3,107.72727272727272,0,0.3409090909090909]
[7,107.95454545454544,0,0.3409090909090909]
[8,107.95454545454544,0,0.3409090909090909]
[0,108.06818181818181,0,0.3409090909090909]
[1,108.18181818181817,0,0.3409090909090909]
[2,108.29545454545453,0,0.3409090909090909]
[3,108.4090909090909,0,0.3409090909090909]
[4,108.4090909090909,0,0.3409090909090909]
[5,108.63636363636363,0,0.3409090909090909]
[6,108.86363636363636,0,0.3409090909090909]
[7,109.09090909090908,0,0.3409090909090909]
[8,109.09090909090908,0,0.3409090909090909]
[3,109.31818181818181,0,0.3409090909090909]
[4,109.43181818181817,0,0.3409090909090909]
[5,109.54545454545453,0,0.3409090909090909]
[0,109.77272727272727,0,0.3409090909090909]
[7,109.92424242424242,0,0.6818181818181818]
[8,109.92424242424242,0,0.6818181818181818]
[3,110.15151515151514,0,0.6818181818181818]
[4,110.15151515151514,0,0.6818181818181818]
[2,110.22727272727272,0,0.3409090909090909]
[0,110.45454545454544,0,0.3409090909090909]
[1,110.45454545454544,0,0.3409090909090909]
[8,110.68181818181817,0,0.3409090909090909]
[7,110.9090909090909,0,0.3409090909090909]
[6,110.9090909090909,0,0.3409090909090909]
[5,111.13636363636363,0,0.3409090909090909]
[4,111.24999999999999,0,0.3409090909090909]
[3,111.36363636363636,0,0.3409090909090909]
[2,111.59090909090908,0,0.3409090909090909]
[6,111.74242424242424,0,0.6818181818181818]
[7,111.74242424242424,0,0.6818181818181818]
[4,111.96969696969695,0,0.6818181818181818]
[5,111.96969696969695,0,0.6818181818181818]
[0,112.04545454545453,0,0.3409090909090909]
[1,112.27272727272727,0,0.3409090909090909]
[2,112.27272727272727,0,0.3409090909090909]
[6,112.49999999999999,0,0.3409090909090909]
[7,112.72727272727272,0,0.3409090909090909]
[8,112.72727272727272,0,0.3409090909090909]
[3,112.95454545454544,0,0.3409090909090909]
[4,113.06818181818181,0,0.3409090909090909]
[5,113.18181818181817,0,0.3409090909090909]
[0,113.4090909090909,0,0.3409090909090909]
[7,113.56060606060605,0,0.6818181818181818]
[8,113.56060606060605,0,0.6818181818181818]
[3,113.78787878787878,0,0.6818181818181818]
[4,113.78787878787878,0,0.6818181818181818]
[2,113.86363636363636,0,0.3409090909090909]
[1,114.09090909090908,0,0.3409090909090909]
[0,114.09090909090908,0,0.3409090909090909]
[8,114.31818181818181,0,0.3409090909090909]
[7,114.54545454545453,0,0.3409090909090909]
[6,114.54545454545453,0,0.3409090909090909]
[5,114.77272727272727,0,0.3409090909090909]
[4,114.88636363636363,0,0.3409090909090909]
[3,114.99999999999999,0,0.3409090909090909]
[2,115.22727272727272,0,0.3409090909090909]
[1,115.22727272727272,0,0.3409090909090909]
[6,115.45454545454544,0,0.3409090909090909]
[7,115.56818181818181,0,0.3409090909090909]
[8,115.68181818181817,0,0.3409090909090909]
[0,115.9090909090909,1,0.45454545454545453]
[4,116.36363636363636,1,0.6818181818181818]
