[6,0,0,0]
[5,0.34090909090909094,0,0]
[4,0.5113636363636364,0,0]
[0,0.8522727272727273,0,0]
[8,1.3636363636363638,0,0]
[3,1.7045454545454546,0,0]
[4,1.8750000000000002,0,0]
[2,2.2159090909090913,0,0]
[7,2.7272727272727275,0,0]
[3,3.0681818181818183,0,0]
[5,3.2386363636363638,0,0]
[1,3.5795454545454546,0,0]
[0,4.090909090909091,0,0]
[2,4.4318181818181825,0,0]
[1,4.517045454545455,0,0]
[3,4.6022727272727275,0,0]
[8,4.943181818181818,0,0]
[5,5.454545454545455,0,0]
[6,5.795454545454546,0,0]
[7,5.965909090909092,0,0]
[1,6.3068181818181825,0,0]
[3,6.818181818181818,0,0]
[8,7.159090909090909,0,0]
[7,7.329545454545455,0,0]
[1,7.670454545454546,0,0]
[0,8.181818181818182,0,0]
[6,8.522727272727273,0,0]
[8,8.693181818181818,0,0]
[2,9.03409090909091,0,0]
[1,9.545454545454547,0,0]
[3,9.886363636363637,0,0]
[4,9.97159090909091,0,0]
[5,10.056818181818182,0,0]
[7,10.397727272727273,0,0]
[1,10.90909090909091,0,0]
[2,10.90909090909091,0,0]
[5,11.25,0,0]
[6,11.420454545454547,0,0]
[7,11.761363636363637,0,0]
[8,11.761363636363637,0,0]
[0,12.272727272727273,0,0]
[1,12.272727272727273,0,0]
[5,12.613636363636365,0,0]
[6,12.78409090909091,0,0]
[7,13.125000000000002,0,0]
[8,13.125000000000002,0,0]
[0,13.636363636363637,0,0]
[2,13.636363636363637,0,0]
[1,13.977272727272728,0,0]
[3,14.147727272727273,0,0]
[4,14.488636363636365,0,0]
[5,14.488636363636365,0,0]
[1,15.000000000000002,0,0]
[2,15.000000000000002,0,0]
[3,15.340909090909092,0,0]
[4,15.426136363636365,0,0]
[5,15.511363636363637,0,0]
[7,15.852272727272728,0,0]
[8,15.852272727272728,0,0]
[6,16.363636363636363,0,0]
[7,16.363636363636363,0,0]
[8,16.704545454545457,0,0]
[4,16.875,0,0]
[0,17.215909090909093,0,0]
[2,17.215909090909093,0,0]
[7,17.72727272727273,0,0]
[8,17.72727272727273,0,0]
[6,18.06818181818182,0,0]
[5,18.238636363636363,0,0]
[0,18.579545454545457,0,0]
[1,18.579545454545457,0,0]
[0,19.090909090909093,0,0]
[1,19.090909090909093,0,0]
[2,19.431818181818183,0,0]
[4,19.60227272727273,0,0]
[6,19.94318181818182,0,0]
[8,19.94318181818182,0,0]
[4,20.454545454545457,0,0]
[5,20.454545454545457,0,0]
[2,20.795454545454547,0,0]
[1,20.88068181818182,0,0]
[0,20.965909090909093,0,0]
[7,21.306818181818183,0,0]
[6,21.306818181818183,0,0]
[2,21.81818181818182,0,0]
[1,21.81818181818182,0,0]
[5,22.15909090909091,0,0]
[3,22.329545454545457,0,0]
[6,22.670454545454547,0,0]
[7,22.670454545454547,0,0]
[7,23.181818181818183,0,0]
[8,23.181818181818183,0,0]
[3,23.522727272727273,0,0]
[1,23.607954545454547,0,0]
[2,23.69318181818182,0,0]
[5,24.03409090909091,0,0]
[4,24.03409090909091,0,0]
[1,24.545454545454547,0,0]
[2,24.545454545454547,0,0]
[0,24.886363636363637,0,0]
[5,25.056818181818183,0,0]
[3,25.397727272727273,0,0]
[4,25.397727272727273,0,0]
[3,25.90909090909091,0,0]
[4,25.90909090909091,0,0]
[5,26.250000000000004,0,0]
[6,26.420454545454547,0,0]
[7,26.761363636363637,0,0]
[8,26.761363636363637,0,0]
[6,27.272727272727273,0,0]
[7,27.272727272727273,0,0]
[4,27.613636363636367,0,0]
[5,27.78409090909091,0,0]
[1,28.125000000000004,0,0]
[0,28.125000000000004,0,0]
[7,28.636363636363637,0,0]
[8,28.636363636363637,0,0]
[3,28.97727272727273,0,0]
[1,29.062500000000004,0,0]
[5,29.147727272727273,0,0]
[2,29.488636363636367,0,0]
[0,29.488636363636367,0,0]
[0,30.000000000000004,0,0]
[1,30.000000000000004,0,0]
[3,30.340909090909093,0,0]
[4,30.51136363636364,0,0]
[6,30.85227272727273,0,0]
[7,30.85227272727273,0,0]
[2,31.363636363636367,0,0]
[1,31.363636363636367,0,0]
[5,31.704545454545457,0,0]
[4,31.875000000000004,0,0]
[7,32.21590909090909,0,0]
[8,32.21590909090909,0,0]
[3,32.72727272727273,0,0]
[5,32.72727272727273,0,0]
[2,33.06818181818182,0,0]
[1,33.23863636363637,0,0]
[7,33.57954545454546,0,0]
[8,33.57954545454546,0,0]
[7,34.09090909090909,0,0]
[8,34.09090909090909,0,0]
[2,34.43181818181819,0,0]
[1,34.51704545454546,0,0]
[3,34.60227272727273,0,0]
[8,34.94318181818182,0,0]
[6,34.94318181818182,0,0]
[0,35.45454545454546,0,0]
[1,35.45454545454546,0,0]
[4,35.79545454545455,0,0]
[3,35.79545454545455,0,0]
[5,35.96590909090909,0,0]
[7,36.30681818181819,0,0]
[6,36.30681818181819,0,0]
[8,36.47727272727273,0,0]
[7,36.81818181818182,0,0]
[8,36.81818181818182,0,0]
[4,37.159090909090914,0,0]
[5,37.159090909090914,0,0]
[3,37.32954545454546,0,0]
[1,37.67045454545455,0,0]
[2,37.67045454545455,0,0]
[0,37.84090909090909,0,0]
[1,38.18181818181819,0,0]
[2,38.18181818181819,0,0]
[5,38.52272727272727,0,0]
[4,38.52272727272727,0,0]
[6,38.69318181818182,0,0]
[7,39.034090909090914,0,0]
[8,39.034090909090914,0,0]
[3,39.20454545454546,0,0]
[1,39.54545454545455,0,0]
[2,39.54545454545455,0,0]
[5,39.88636363636364,0,0]
[4,39.971590909090914,0,0]
[6,40.05681818181819,0,0]
[3,40.39772727272727,0,0]
[4,40.39772727272727,0,0]
[2,40.56818181818182,0,0]
[0,40.909090909090914,0,0]
[1,40.909090909090914,0,0]
[5,41.25,0,0]
[4,41.25,0,0]
[6,41.42045454545455,0,0]
[7,41.76136363636364,0,0]
[8,41.76136363636364,0,0]
[3,41.93181818181819,0,0]
[2,42.27272727272727,0,0]
[3,42.61363636363637,0,0]
[5,42.784090909090914,0,0]
[6,43.125,0,0]
[1,43.46590909090909,0,0]
[2,43.46590909090909,0,0]
[3,43.977272727272734,0,0]
[4,43.977272727272734,0,0]
[4,44.14772727272727,0,0]
[3,44.14772727272727,0,0]
[8,44.659090909090914,0,0]
[6,44.659090909090914,0,0]
[8,44.82954545454546,0,0]
[6,44.82954545454546,0,0]
[2,45.34090909090909,0,0]
[0,45.34090909090909,0,0]
[2,45.51136363636364,0,0]
[0,45.51136363636364,0,0]
[4,46.02272727272727,0,0]
[4,46.19318181818182,0,0]
[2,49.09090909090909,0,0]
[1,49.43181818181819,0,0]
[3,49.77272727272727,0,0]
[4,50.11363636363637,0,0]
[5,50.45454545454546,0,0]
[7,50.62500000000001,0,0]
[6,50.79545454545455,0,0]
[8,54.54545454545455,0,0]
[7,54.88636363636364,0,0]
[3,55.227272727272734,0,0]
[5,55.56818181818182,0,0]
[4,55.909090909090914,0,0]
[0,56.07954545454546,0,0]
[1,56.25000000000001,0,0]
[1,60.00000000000001,1,1.0227272727272727]
[2,60.00000000000001,1,1.0227272727272727]
[3,61.02272727272728,0,0]
[4,61.36363636363637,0,0]
[5,61.36363636363637,0,0]
[6,61.70454545454546,0,0]
[7,62.04545454545455,0,0]
[8,62.04545454545455,0,0]
[3,62.38636363636364,0,0]
[4,62.727272727272734,0,0]
[2,62.89772727272728,0,0]
[1,62.98295454545455,0,0]
[0,63.06818181818182,0,0]
[4,63.23863636363637,0,0]
[6,63.57954545454546,0,0]
[5,63.75000000000001,0,0]
[8,64.0909090909091,0,0]
[7,64.26136363636364,0,0]
[8,64.60227272727273,0,0]
[3,64.94318181818183,0,0]
[2,65.11363636363637,0,0]
[1,65.45454545454545,1,1.0227272727272727]
[0,65.45454545454545,1,1.0227272727272727]
[5,66.47727272727273,0,0]
[4,66.81818181818183,0,0]
[3,66.81818181818183,0,0]
[8,67.15909090909092,0,0]
[6,67.5,0,0]
[7,67.5,0,0]
[3,67.8409090909091,0,0]
[4,67.8409090909091,0,0]
[0,68.18181818181819,0,0]
[2,68.18181818181819,0,0]
[1,68.52272727272728,0,0]
[5,68.69318181818183,0,0]
[8,69.03409090909092,0,0]
[8,69.375,0,0]
[4,69.54545454545455,0,0]
[3,69.7159090909091,0,0]
[1,69.88636363636364,0,0]
[2,70.05681818181819,0,0]
[6,70.39772727272728,0,0]
[7,70.56818181818183,0,0]
[6,70.73863636363637,0,0]
[4,70.90909090909092,0,0]
[5,70.90909090909092,0,0]
[0,71.25,0,0]
[1,71.25,0,0]
[2,71.5909090909091,0,0]
[1,71.5909090909091,0,0]
[3,71.93181818181819,0,0]
[4,71.93181818181819,0,0]
[7,72.27272727272728,0,0]
[8,72.27272727272728,0,0]
[6,72.61363636363637,0,0]
[7,72.61363636363637,0,0]
[8,72.95454545454545,0,0]
[4,73.29545454545455,0,0]
[6,73.63636363636364,0,0]
[7,73.97727272727273,0,0]
[5,74.14772727272728,0,0]
[2,74.48863636363637,0,0]
[1,74.65909090909092,0,0]
[3,75,0,0]
[4,75.17045454545455,0,0]
[8,75.85227272727273,0,0]
[7,76.02272727272728,0,0]
[6,76.19318181818183,0,0]
[0,76.53409090909092,0,0]
[1,76.70454545454545,0,0]
[2,76.875,0,0]
[0,77.2159090909091,0,0]
[4,77.55681818181819,0,0]
[6,77.89772727272728,0,0]
[7,78.06818181818183,0,0]
[8,78.23863636363637,0,0]
[5,78.75,0,0]
[1,78.92045454545455,0,0]
[3,79.43181818181819,0,0]
[7,79.60227272727273,0,0]
[6,80.11363636363637,0,0]
[8,80.28409090909092,0,0]
[2,80.45454545454545,0,0]
[1,80.79545454545455,0,0]
[3,80.9659090909091,0,0]
[5,81.30681818181819,0,0]
[4,81.47727272727273,0,0]
[6,81.64772727272728,0,0]
[7,81.81818181818183,0,0]
[1,83.18181818181822,0,0]
[2,83.18181818181822,0,0]
[0,83.52272727272731,0,0]
[5,83.69318181818186,0,0]
[4,84.03409090909093,0,0]
[3,84.03409090909093,0,0]
[3,84.54545454545458,0,0]
[4,84.54545454545458,0,0]
[5,84.88636363636367,0,0]
[6,85.05681818181822,0,0]
[8,85.39772727272731,0,0]
[7,85.39772727272731,0,0]
[6,85.90909090909093,0,0]
[7,85.90909090909093,0,0]
[4,86.25000000000003,0,0]
[5,86.42045454545458,0,0]
[0,86.76136363636367,0,0]
[1,86.76136363636367,0,0]
[7,87.27272727272731,0,0]
[8,87.27272727272731,0,0]
[3,87.6136363636364,0,0]
[1,87.69886363636367,0,0]
[5,87.78409090909093,0,0]
[0,88.12500000000003,0,0]
[2,88.12500000000003,0,0]
[0,88.63636363636367,0,0]
[1,88.63636363636367,0,0]
[3,88.97727272727276,0,0]
[4,89.14772727272731,0,0]
[6,89.4886363636364,0,0]
[7,89.4886363636364,0,0]
[1,90.00000000000003,0,0]
[2,90.00000000000003,0,0]
[5,90.34090909090912,0,0]
[4,90.51136363636367,0,0]
[8,90.85227272727276,0,0]
[7,90.85227272727276,0,0]
[3,91.3636363636364,0,0]
[4,91.3636363636364,0,0]
[2,91.7045454545455,0,0]
[1,91.87500000000003,0,0]
[8,92.21590909090912,0,0]
[7,92.21590909090912,0,0]
[7,92.72727272727276,0,0]
[8,92.72727272727276,0,0]
[2,93.06818181818186,0,0]
[1,93.15340909090912,0,0]
[3,93.2386363636364,0,0]
[4,93.5795454545455,0,0]
[5,93.5795454545455,0,0]
[0,94.09090909090911,0,0]
[1,94.09090909090911,0,0]
[4,94.43181818181819,0,0]
[5,94.43181818181819,0,0]
[3,94.60227272727275,0,0]
[7,94.94318181818184,0,0]
[8,94.94318181818184,0,0]
[6,95.11363636363637,0,0]
[7,95.45454545454547,0,0]
[8,95.45454545454547,0,0]
[5,95.79545454545456,0,0]
[4,95.96590909090911,0,0]
[1,96.30681818181819,0,0]
[0,96.30681818181819,0,0]
[2,96.47727272727275,0,0]
[0,96.81818181818184,0,0]
[1,96.81818181818184,0,0]
[4,97.15909090909092,0,0]
[5,97.15909090909092,0,0]
[6,97.32954545454547,0,0]
[8,97.67045454545456,0,0]
[7,97.67045454545456,0,0]
[3,97.84090909090911,0,0]
[0,98.18181818181819,0,0]
[1,98.18181818181819,0,0]
[4,98.52272727272728,0,0]
[5,98.52272727272728,0,0]
[6,98.60795454545456,0,0]
[7,98.69318181818184,0,0]
[4,99.03409090909092,0,0]
[3,99.03409090909092,0,0]
[2,99.20454545454547,0,0]
[0,99.54545454545456,0,0]
[1,99.54545454545456,0,0]
[4,99.88636363636365,0,0]
[5,99.88636363636365,0,0]
[6,100.05681818181819,0,0]
[8,100.39772727272728,0,0]
[7,100.39772727272728,0,0]
[3,100.56818181818184,0,0]
[2,100.90909090909092,0,0]
[3,101.25000000000001,0,0]
[5,101.42045454545456,0,0]
[6,101.76136363636365,0,0]
[1,102.10227272727275,0,0]
[2,102.10227272727275,0,0]
[3,102.61363636363637,0,0]
[4,102.61363636363637,0,0]
[3,102.78409090909092,0,0]
[4,102.78409090909092,0,0]
[6,103.29545454545456,0,0]
[8,103.29545454545456,0,0]
[8,103.46590909090911,0,0]
[6,103.46590909090911,0,0]
[0,103.97727272727275,0,0]
[2,103.97727272727275,0,0]
[0,104.14772727272728,0,0]
[2,104.14772727272728,0,0]
[4,104.65909090909092,0,0]
[4,104.82954545454547,0,0]
[2,107.72727272727275,0,0]
[1,108.06818181818184,0,0]
[3,108.40909090909093,0,0]
[4,108.75000000000003,0,0]
[5,109.09090909090912,0,0]
[7,109.26136363636365,0,0]
[6,109.4318181818182,0,0]
[8,113.1818181818182,0,0]
[7,113.5227272727273,0,0]
[3,113.86363636363639,0,0]
[5,114.20454545454547,0,0]
[4,114.54545454545456,0,0]
[0,114.71590909090912,0,0]
[1,114.88636363636365,0,0]
[1,118.63636363636365,1,1.0227272727272727]
[2,118.63636363636365,1,1.0227272727272727]
[3,119.65909090909093,0,0]
[4,120.00000000000003,0,0]
[5,120.00000000000003,0,0]
[6,120.34090909090912,0,0]
[7,120.6818181818182,0,0]
[8,120.6818181818182,0,0]
[3,121.0227272727273,0,0]
[4,121.36363636363639,0,0]
[2,121.53409090909093,0,0]
[1,121.6193181818182,0,0]
[0,121.70454545454547,0,0]
[4,121.87500000000003,0,0]
[6,122.21590909090912,0,0]
[5,122.38636363636365,0,0]
[8,122.72727272727275,0,0]
[7,122.8977272727273,0,0]
[8,123.23863636363639,0,0]
[3,123.57954545454548,0,0]
[2,123.75000000000003,0,0]
[0,124.09090909090911,1,1.0227272727272727]
[1,124.09090909090911,1,1.0227272727272727]
[5,125.11363636363639,0,0]
[3,125.45454545454548,0,0]
[4,125.45454545454548,0,0]
[8,125.79545454545458,0,0]
[6,126.13636363636365,0,0]
[7,126.13636363636365,0,0]
[3,126.47727272727275,0,0]
[4,126.47727272727275,0,0]
[0,126.81818181818184,0,0]
[2,126.81818181818184,0,0]
[1,127.15909090909093,0,0]
[5,127.32954545454548,0,0]
[8,127.67045454545458,0,0]
[8,128.01136363636365,0,0]
[4,128.1818181818182,0,0]
[3,128.35227272727275,0,0]
[1,128.5227272727273,0,0]
[2,128.69318181818184,0,0]
[1,129.54545454545456,0,0]
[2,129.54545454545456,0,0]
[3,129.88636363636365,0,0]
[4,129.88636363636365,0,0]
[5,130.22727272727275,0,0]
[0,130.39772727272728,0,0]
[1,130.39772727272728,0,0]
[2,130.56818181818184,0,0]
[4,130.73863636363637,0,0]
[3,130.73863636363637,0,0]
[6,131.07954545454547,0,0]
[7,131.07954545454547,0,0]
[5,131.25,0,0]
[4,131.42045454545456,0,0]
[2,131.5909090909091,0,0]
[0,132.27272727272728,0,0]
[1,132.27272727272728,0,0]
[4,132.61363636363637,0,0]
[5,132.61363636363637,0,0]
[6,132.7840909090909,0,0]
[8,133.125,0,0]
[3,133.29545454545456,0,0]
[2,133.4659090909091,0,0]
[0,133.8068181818182,0,0]
[5,133.97727272727275,0,0]
[3,134.14772727272728,0,0]
[8,134.31818181818184,0,0]
[1,135,0,0]
[2,135,0,0]
[3,135.3409090909091,0,0]
[5,135.51136363636365,1,0.34090909090909094]
[6,135.85227272727275,0,0]
[7,135.85227272727275,0,0]
[8,136.36363636363637,0,0]
[7,136.36363636363637,0,0]
[3,136.70454545454547,0,0]
[2,136.875,1,0.34090909090909094]
[0,137.2159090909091,0,0]
[1,137.2159090909091,0,0]
[6,137.72727272727275,1,0.6818181818181819]
[5,138.4090909090909,1,0.6818181818181819]
[3,139.0909090909091,1,0.6818181818181819]
[2,139.77272727272728,1,0.6818181818181819]
[4,141.81818181818184,0,0]
[3,141.81818181818184,0,0]
[4,143.01136363636365,0,0]
[5,143.01136363636365,0,0]
[3,144.54545454545456,0,0]
[5,144.54545454545456,0,0]
[1,145.73863636363637,0,0]
[2,145.73863636363637,0,0]
[8,147.27272727272728,0,0]
[6,147.27272727272728,0,0]
[4,148.4659090909091,0,0]
[5,148.4659090909091,0,0]
[3,150,0,0]
[5,150,0,0]
[0,151.19318181818184,0,0]
[1,151.19318181818184,0,0]
[4,152.04545454545456,0,0]
[4,152.38636363636365,0,0]
[5,152.72727272727275,0,0]
[1,152.89772727272728,0,0]
[0,152.98295454545456,0,0]
[4,153.1534090909091,0,0]
[3,153.23863636363637,0,0]
[6,153.4090909090909,0,0]
[4,153.57954545454547,0,0]
[5,153.66477272727275,0,0]
[8,153.92045454545456,0,0]
[3,154.0909090909091,0,0]
[5,154.26136363636365,0,0]
[4,154.3465909090909,0,0]
[2,154.51704545454547,0,0]
[1,154.60227272727275,0,0]
[0,154.77272727272728,0,0]
[3,154.94318181818184,0,0]
[4,155.0284090909091,0,0]
[2,155.2840909090909,0,0]
[1,155.3693181818182,0,0]
[0,155.45454545454547,0,0]
[3,155.625,0,0]
[8,155.79545454545456,0,0]
[6,155.9659090909091,0,0]
[7,156.05113636363637,0,0]
[5,156.3068181818182,0,0]
[4,156.39204545454547,0,0]
[2,156.64772727272728,1,0.08522727272727273]
[1,156.81818181818184,1,0.08522727272727273]
[3,156.98863636363637,1,0.08522727272727273]
[4,157.1590909090909,1,0.08522727272727273]
[2,157.32954545454547,1,0.08522727272727273]
[1,157.5,0,0]
[3,157.67045454545456,0,0]
[4,157.75568181818184,0,0]
[6,157.92613636363637,0,0]
[7,158.01136363636365,0,0]
[8,158.1818181818182,0,0]
[2,158.35227272727275,0,0]
[1,158.4375,0,0]
[0,158.52272727272728,0,0]
[5,158.69318181818184,0,0]
[4,158.7784090909091,0,0]
[3,158.86363636363637,0,0]
[8,159.0340909090909,0,0]
[7,159.1193181818182,0,0]
[6,159.20454545454547,0,0]
[5,159.375,0,0]
[0,159.54545454545456,0,0]
[6,159.7159090909091,0,0]
[7,159.80113636363637,0,0]
[8,159.88636363636365,0,0]
[3,160.0568181818182,0,0]
[4,160.14204545454547,0,0]
[5,160.22727272727275,0,0]
[0,160.39772727272728,0,0]
[1,160.48295454545456,0,0]
[2,160.56818181818184,0,0]
[3,160.73863636363637,0,0]
[8,160.9090909090909,0,0]
[7,160.9943181818182,0,0]
[6,161.07954545454547,0,0]
[7,161.16477272727275,0,0]
[8,161.25,0,0]
[3,161.42045454545456,0,0]
[2,161.5909090909091,0,0]
[1,161.67613636363637,0,0]
[0,161.76136363636365,0,0]
[1,161.8465909090909,0,0]
[2,161.9318181818182,0,0]
[3,162.10227272727275,0,0]
[6,162.27272727272728,0,0]
[5,162.44318181818184,0,0]
[3,162.61363636363637,0,0]
[2,162.7840909090909,0,0]
[0,162.95454545454547,0,0]
[1,163.125,0,0]
[5,163.29545454545456,0,0]
[7,163.4659090909091,0,0]
[3,163.63636363636365,0,0]
[2,163.97727272727275,0,0]
[1,164.14772727272728,0,0]
[5,164.48863636363637,0,0]
[6,165,1,0.34090909090909094]
[5,165.3409090909091,1,0.17045454545454547]
[4,165.51136363636365,1,0.34090909090909094]
[8,165.85227272727275,0,0]
[1,166.36363636363637,1,1.0227272727272727]
[2,166.36363636363637,1,1.0227272727272727]
[3,167.38636363636365,0,0]
[4,167.72727272727275,0,0]
[5,167.72727272727275,0,0]
[6,168.06818181818184,0,0]
[7,168.40909090909093,0,0]
[8,168.40909090909093,0,0]
[3,168.75,0,0]
[4,169.09090909090912,0,0]
[2,169.26136363636365,0,0]
[1,169.34659090909093,0,0]
[0,169.4318181818182,0,0]
[4,169.60227272727275,0,0]
[6,169.94318181818184,0,0]
[5,170.11363636363637,0,0]
[8,170.45454545454547,0,0]
[7,170.625,0,0]
[8,170.96590909090912,0,0]
[3,171.3068181818182,0,0]
[2,171.47727272727275,0,0]
[0,171.8181818181818,1,1.0227272727272727]
[1,171.8181818181818,1,1.0227272727272727]
[5,172.84090909090912,0,0]
[3,173.1818181818182,0,0]
[4,173.1818181818182,0,0]
[8,173.5227272727273,0,0]
[6,173.86363636363637,0,0]
[7,173.86363636363637,0,0]
[3,174.20454545454547,0,0]
[4,174.20454545454547,0,0]
[0,174.54545454545456,0,0]
[2,174.54545454545456,0,0]
[1,174.88636363636365,0,0]
[5,175.0568181818182,1,0.5113636363636364]
[7,175.56818181818184,1,0.17045454545454547]
[3,175.73863636363637,1,0.6818181818181819]
[6,176.76136363636365,0,0]
[7,176.9318181818182,0,0]
[6,177.10227272727275,0,0]
[4,177.2727272727273,0,0]
[5,177.2727272727273,0,0]
[0,177.61363636363637,0,0]
[1,177.61363636363637,0,0]
[1,177.95454545454547,0,0]
[2,177.95454545454547,0,0]
[3,178.29545454545456,0,0]
[4,178.29545454545456,0,0]
[7,178.63636363636365,0,0]
[8,178.63636363636365,0,0]
[6,178.97727272727275,0,0]
[7,178.97727272727275,0,0]
[8,179.3181818181818,0,0]
[4,179.65909090909093,0,0]
[6,180,0,0]
[7,180.34090909090912,0,0]
[5,180.51136363636365,0,0]
[2,180.85227272727275,0,0]
[1,181.0227272727273,0,0]
[3,181.36363636363637,0,0]
[4,181.53409090909093,0,0]
[8,182.21590909090912,0,0]
[7,182.38636363636365,0,0]
[6,182.5568181818182,0,0]
[0,182.8977272727273,0,0]
[1,183.0681818181818,0,0]
[2,183.23863636363637,0,0]
[0,183.57954545454547,0,0]
[4,183.92045454545456,0,0]
[6,184.26136363636365,0,0]
[7,184.4318181818182,0,0]
[8,184.60227272727275,0,0]
[5,185.11363636363637,0,0]
[1,185.28409090909093,0,0]
[3,185.79545454545456,0,0]
[7,185.96590909090912,0,0]
[6,186.47727272727275,0,0]
[8,186.64772727272728,1,1.5340909090909092]
[1,189.54545454545456,0,0]
[2,189.54545454545456,0,0]
[4,189.88636363636365,0,0]
[3,189.88636363636365,0,0]
[5,190.22727272727275,0,0]
[0,190.39772727272728,0,0]
[1,190.39772727272728,0,0]
[2,190.56818181818184,0,0]
[4,190.73863636363637,0,0]
[3,190.73863636363637,0,0]
[6,191.07954545454547,0,0]
[7,191.07954545454547,0,0]
[5,191.25,0,0]
[4,191.42045454545456,0,0]
[2,191.5909090909091,0,0]
[1,192.27272727272728,0,0]
[0,192.27272727272728,0,0]
[4,192.61363636363637,0,0]
[5,192.61363636363637,0,0]
[6,192.7840909090909,0,0]
[8,193.125,0,0]
[3,193.29545454545456,0,0]
[2,193.4659090909091,0,0]
[0,193.8068181818182,0,0]
[5,193.97727272727275,0,0]
[3,194.14772727272728,0,0]
[8,194.31818181818184,0,0]
[2,195,0,0]
[1,195,0,0]
[3,195.3409090909091,0,0]
[5,195.51136363636365,1,0.34090909090909094]
[7,195.85227272727275,0,0]
[6,195.85227272727275,0,0]
[8,196.36363636363637,0,0]
[7,196.36363636363637,0,0]
[3,196.70454545454547,0,0]
[2,196.875,1,0.34090909090909094]
[1,197.2159090909091,0,0]
[0,197.2159090909091,0,0]
[6,197.72727272727275,1,0.6818181818181819]
[5,198.4090909090909,1,0.6818181818181819]
[3,199.0909090909091,1,0.6818181818181819]
[2,199.77272727272728,1,0.6818181818181819]
[0,200.45454545454547,1,0.6818181818181819]
[5,201.13636363636365,1,0.6818181818181819]
[3,201.81818181818184,1,0.6818181818181819]
[8,202.50000000000003,1,0.6818181818181819]
[2,206.25000000000003,0,0]
[3,206.9318181818182,0,0]
[4,207.35795454545456,0,0]
[8,208.12500000000003,0,0]