[4,0.9556603773584905,0,0.22641509433962262]
[1,1.2952830188679245,0,0.22641509433962262]
[0,1.4084905660377358,0,0.22641509433962262]
[1,1.6349056603773584,0,0.22641509433962262]
[0,1.7481132075471697,0,0.22641509433962262]
[4,2.200943396226415,0,0.22641509433962262]
[5,2.314150943396226,0,0.22641509433962262]
[4,2.5405660377358488,0,0.22641509433962262]
[5,2.65377358490566,0,0.22641509433962262]
[1,3.1066037735849052,0,0.22641509433962262]
[0,3.2198113207547165,0,0.22641509433962262]
[1,3.446226415094339,0,0.22641509433962262]
[0,3.5594339622641504,0,0.22641509433962262]
[4,4.012264150943396,0,0.22641509433962262]
[5,4.125471698113207,0,0.22641509433962262]
[4,4.35188679245283,0,0.22641509433962262]
[5,4.465094339622641,0,0.22641509433962262]
[6,4.5783018867924525,0,0.22641509433962262]
[1,4.917924528301886,0,0.22641509433962262]
[0,5.031132075471698,0,0.22641509433962262]
[1,5.25754716981132,0,0.22641509433962262]
[0,5.370754716981131,0,0.22641509433962262]
[6,5.483962264150943,0,0.22641509433962262]
[4,5.823584905660377,0,0.22641509433962262]
[5,5.936792452830188,0,0.22641509433962262]
[4,6.163207547169811,0,0.22641509433962262]
[5,6.276415094339622,0,0.22641509433962262]
[6,6.389622641509433,0,0.22641509433962262]
[1,6.729245283018867,0,0.22641509433962262]
[0,6.8424528301886784,0,0.22641509433962262]
[1,7.068867924528301,0,0.22641509433962262]
[0,7.182075471698112,0,0.22641509433962262]
[6,7.295283018867924,0,0.22641509433962262]
[4,7.634905660377358,0,0.22641509433962262]
[5,7.748113207547169,0,0.22641509433962262]
[4,7.974528301886791,0,0.22641509433962262]
[5,8.087735849056603,0,0.22641509433962262]
[0,8.200943396226416,0,0.22641509433962262]
[1,8.314150943396227,0,0.22641509433962262]
[5,8.427358490566037,0,0.22641509433962262]
[4,8.540566037735848,0,0.22641509433962262]
[2,8.653773584905661,0,0.22641509433962262]
[1,8.766981132075472,0,0.22641509433962262]
[3,8.880188679245283,0,0.22641509433962262]
[4,8.993396226415095,0,0.22641509433962262]
[6,9.106603773584906,0,0.22641509433962262]
[7,9.219811320754717,0,0.22641509433962262]
[5,9.333018867924528,0,0.22641509433962262]
[4,9.44622641509434,0,0.22641509433962262]
[8,9.559433962264151,0,0.22641509433962262]
[7,9.672641509433962,0,0.22641509433962262]
[3,9.785849056603773,0,0.22641509433962262]
[4,9.899056603773586,0,0.22641509433962262]
[2,10.012264150943397,0,0.22641509433962262]
[3,10.125471698113207,0,0.22641509433962262]
[5,10.238679245283018,0,0.22641509433962262]
[6,10.35188679245283,0,0.22641509433962262]
[8,10.465094339622642,0,0.22641509433962262]
[3,10.578301886792453,0,0.22641509433962262]
[5,10.691509433962263,0,0.22641509433962262]
[0,10.804716981132076,0,0.22641509433962262]
[7,10.917924528301887,0,0.22641509433962262]
[2,11.031132075471698,0,0.22641509433962262]
[3,11.144339622641509,0,0.22641509433962262]
[8,11.257547169811321,0,0.22641509433962262]
[6,11.370754716981132,0,0.22641509433962262]
[5,11.483962264150943,0,0.22641509433962262]
[0,11.597169811320756,0,0.22641509433962262]
[1,11.710377358490566,0,0.22641509433962262]
[5,11.823584905660377,0,0.22641509433962262]
[4,11.936792452830188,0,0.22641509433962262]
[3,12.05,0,0.22641509433962262]
[4,12.163207547169812,0,0.22641509433962262]
[5,12.276415094339622,0,0.22641509433962262]
[7,12.389622641509433,0,0.22641509433962262]
[6,12.502830188679246,0,0.22641509433962262]
[3,12.616037735849057,0,0.22641509433962262]
[1,12.729245283018868,0,0.22641509433962262]
[8,12.842452830188678,0,0.22641509433962262]
[3,12.955660377358491,0,0.22641509433962262]
[2,13.068867924528302,0,0.22641509433962262]
[7,13.182075471698113,0,0.22641509433962262]
[0,13.295283018867924,0,0.22641509433962262]
[5,13.408490566037736,0,0.22641509433962262]
[6,13.521698113207547,0,0.22641509433962262]
[7,13.634905660377358,0,0.22641509433962262]
[5,13.748113207547169,0,0.22641509433962262]
[4,13.861320754716981,0,0.22641509433962262]
[3,13.974528301886792,0,0.22641509433962262]
[1,14.087735849056603,0,0.22641509433962262]
[2,14.200943396226414,0,0.22641509433962262]
[0,14.314150943396227,0,0.22641509433962262]
[1,14.427358490566037,0,0.22641509433962262]
[5,14.540566037735848,0,0.22641509433962262]
[4,14.597169811320754,0,0.22641509433962262]
[3,14.653773584905661,0,0.22641509433962262]
[0,14.710377358490566,0,0.22641509433962262]
[1,14.766981132075472,0,0.22641509433962262]
[2,14.823584905660377,0,0.22641509433962262]
[3,14.880188679245283,0,0.22641509433962262]
[4,14.936792452830188,0,0.22641509433962262]
[5,14.993396226415094,0,0.22641509433962262]
[7,15.049999999999999,0,0.22641509433962262]
[6,15.106603773584906,0,0.22641509433962262]
[4,15.163207547169812,0,0.22641509433962262]
[5,15.219811320754717,0,0.22641509433962262]
[1,15.276415094339622,0,0.22641509433962262]
[0,15.333018867924528,0,0.22641509433962262]
[2,15.446226415094339,1,0.22641509433962262]
[3,15.672641509433962,0,0.22641509433962262]
[4,15.672641509433962,0,0.45283018867924524]
[5,15.785849056603773,0,0.22641509433962262]
[6,15.899056603773584,0,0.22641509433962262]
[7,15.899056603773584,0,0.45283018867924524]
[1,16.012264150943395,0,0.22641509433962262]
[8,16.125471698113206,0,0.22641509433962262]
[0,16.23867924528302,1,0.22641509433962262]
[2,16.46509433962264,0,0.22641509433962262]
[1,16.46509433962264,0,0.45283018867924524]
[3,16.578301886792453,0,0.22641509433962262]
[5,16.691509433962263,0,0.22641509433962262]
[6,16.804716981132074,0,0.22641509433962262]
[7,16.804716981132074,0,0.22641509433962262]
[2,17.031132075471696,0,0.22641509433962262]
[1,17.031132075471696,0,0.22641509433962262]
[4,17.25754716981132,0,0.22641509433962262]
[3,17.25754716981132,0,0.22641509433962262]
[8,17.483962264150943,0,0.22641509433962262]
[4,17.483962264150943,0,0.45283018867924524]
[6,17.597169811320754,0,0.22641509433962262]
[5,17.710377358490565,0,0.22641509433962262]
[0,17.823584905660375,0,0.22641509433962262]
[2,17.93679245283019,0,0.22641509433962262]
[3,18.05,1,0.22641509433962262]
[8,18.276415094339622,0,0.22641509433962262]
[7,18.276415094339622,0,0.45283018867924524]
[6,18.389622641509433,0,0.22641509433962262]
[1,18.502830188679244,0,0.22641509433962262]
[4,18.616037735849055,0,0.22641509433962262]
[5,18.616037735849055,0,0.22641509433962262]
[0,18.84245283018868,0,0.22641509433962262]
[1,18.84245283018868,0,0.22641509433962262]
[8,19.068867924528302,0,0.22641509433962262]
[8,19.182075471698113,0,0.22641509433962262]
[3,19.295283018867924,0,0.22641509433962262]
[1,19.35188679245283,0,0.22641509433962262]
[5,19.408490566037734,0,0.22641509433962262]
[6,19.521698113207545,0,0.22641509433962262]
[5,19.634905660377356,0,0.22641509433962262]
[7,19.74811320754717,0,0.22641509433962262]
[0,19.861320754716985,1,0.22641509433962262]
[2,20.087735849056603,0,0.22641509433962262]
[5,20.087735849056603,0,0.22641509433962262]
[3,20.200943396226418,0,0.22641509433962262]
[8,20.31415094339623,0,0.22641509433962262]
[6,20.42735849056604,0,0.22641509433962262]
[7,20.42735849056604,0,0.22641509433962262]
[2,20.65377358490566,0,0.22641509433962262]
[5,20.65377358490566,0,0.22641509433962262]
[0,20.880188679245283,0,0.22641509433962262]
[1,20.880188679245283,0,0.22641509433962262]
[8,20.993396226415094,0,0.45283018867924524]
[6,21.106603773584904,0,0.22641509433962262]
[2,21.219811320754715,0,0.22641509433962262]
[1,21.219811320754715,0,0.22641509433962262]
[5,21.333018867924526,0,0.5660377358490566]
[3,21.44622641509434,0,0.5660377358490566]
[4,21.44622641509434,0,0.45283018867924524]
[8,21.55943396226415,0,0.5660377358490566]
[6,21.785849056603773,0,0.5660377358490566]
[7,21.84245283018868,0,0.5660377358490566]
[5,21.899056603773584,0,0.5660377358490566]
[4,21.95566037735849,0,0.5660377358490566]
[0,22.012264150943395,0,0.5660377358490566]
[1,22.068867924528302,0,0.5660377358490566]
[8,22.125471698113206,0,0.5660377358490566]
[7,22.182075471698113,0,0.5660377358490566]
[3,22.238679245283016,0,0.5660377358490566]
[4,22.295283018867924,0,0.5660377358490566]
[5,22.35188679245283,0,0.5660377358490566]
[8,22.408490566037734,0,0.45283018867924524]
[7,22.46509433962264,0,0.45283018867924524]
[3,22.521698113207545,0,0.22641509433962262]
[5,22.578301886792453,0,0.22641509433962262]
[1,22.634905660377356,0,0.22641509433962262]
[0,22.691509433962263,1,0.22641509433962262]
[4,22.917924528301885,0,0.22641509433962262]
[7,22.917924528301885,0,0.22641509433962262]
[2,23.031132075471696,0,0.22641509433962262]
[6,23.14433962264151,0,0.22641509433962262]
[8,23.25754716981132,0,0.22641509433962262]
[5,23.25754716981132,0,0.22641509433962262]
[0,23.370754716981132,0,0.22641509433962262]
[7,23.483962264150943,0,0.22641509433962262]
[2,23.597169811320754,0,0.22641509433962262]
[3,23.710377358490565,0,0.22641509433962262]
[1,23.710377358490565,0,0.22641509433962262]
[8,23.823584905660375,0,0.22641509433962262]
[6,23.936792452830186,0,0.22641509433962262]
[2,24.05,0,0.22641509433962262]
[5,24.05,0,0.22641509433962262]
[7,24.16320754716981,0,0.22641509433962262]
[0,24.276415094339622,0,0.22641509433962262]
[3,24.276415094339622,0,0.22641509433962262]
[5,24.502830188679244,0,0.22641509433962262]
[8,24.502830188679244,0,0.22641509433962262]
[6,24.729245283018866,0,0.22641509433962262]
[7,24.729245283018866,0,0.22641509433962262]
[5,24.842452830188677,0,0.22641509433962262]
[5,24.95566037735849,0,0.22641509433962262]
[0,25.068867924528302,0,0.22641509433962262]
[3,25.068867924528302,0,0.22641509433962262]
[2,25.182075471698113,0,0.22641509433962262]
[4,25.295283018867924,0,0.22641509433962262]
[5,25.295283018867924,0,0.22641509433962262]
[6,25.521698113207545,0,0.22641509433962262]
[8,25.521698113207545,0,0.22641509433962262]
[0,25.634905660377356,0,0.22641509433962262]
[0,25.748113207547167,0,0.22641509433962262]
[1,25.86132075471698,0,0.22641509433962262]
[5,25.86132075471698,0,0.22641509433962262]
[3,26.087735849056603,0,0.22641509433962262]
[7,26.087735849056603,0,0.22641509433962262]
[1,26.314150943396225,0,0.22641509433962262]
[2,26.314150943396225,0,0.22641509433962262]
[3,26.427358490566036,0,0.22641509433962262]
[0,26.540566037735847,0,0.22641509433962262]
[5,26.540566037735847,0,0.22641509433962262]
[7,26.65377358490566,0,0.22641509433962262]
[6,26.766981132075472,0,0.22641509433962262]
[4,26.880188679245283,0,0.22641509433962262]
[8,26.880188679245283,0,0.22641509433962262]
[5,26.993396226415094,0,0.22641509433962262]
[1,27.106603773584904,1,0.22641509433962262]
[2,27.106603773584904,1,0.22641509433962262]
[8,27.333018867924526,0,0.22641509433962262]
[6,27.333018867924526,0,0.22641509433962262]
[4,27.446226415094337,0,0.22641509433962262]
[0,27.55943396226415,0,0.22641509433962262]
[8,27.672641509433962,0,0.22641509433962262]
[7,27.672641509433962,0,0.22641509433962262]
[1,27.899056603773584,0,0.22641509433962262]
[2,27.899056603773584,0,0.22641509433962262]
[3,27.95566037735849,0,0.22641509433962262]
[4,28.012264150943395,0,0.22641509433962262]
[5,28.068867924528302,0,0.22641509433962262]
[6,28.125471698113206,0,0.22641509433962262]
[7,28.125471698113206,0,0.22641509433962262]
[8,28.351886792452827,0,0.22641509433962262]
[1,28.46509433962264,0,0.22641509433962262]
[3,28.46509433962264,0,0.22641509433962262]
[5,28.46509433962264,0,0.22641509433962262]
[0,28.917924528301885,0,0.22641509433962262]
[1,28.917924528301885,0,0.22641509433962262]
[5,29.031132075471696,0,0.22641509433962262]
[4,29.087735849056603,0,0.22641509433962262]
[3,29.144339622641507,0,0.22641509433962262]
[7,29.200943396226414,0,0.22641509433962262]
[8,29.25754716981132,0,0.22641509433962262]
[0,29.314150943396225,0,0.22641509433962262]
[1,29.370754716981132,0,0.22641509433962262]
[5,29.427358490566036,0,0.22641509433962262]
[4,29.483962264150943,0,0.22641509433962262]
[8,29.540566037735847,0,0.22641509433962262]
[7,29.597169811320754,0,0.22641509433962262]
[3,29.653773584905657,0,0.22641509433962262]
[1,29.710377358490565,0,0.22641509433962262]
[2,29.766981132075472,0,0.22641509433962262]
[6,29.823584905660375,0,0.22641509433962262]
[7,29.880188679245283,0,0.22641509433962262]
[5,29.936792452830186,0,0.22641509433962262]
[8,29.936792452830186,0,0.22641509433962262]
[2,30.16320754716981,0,0.22641509433962262]
[2,30.276415094339622,0,0.22641509433962262]
[3,30.389622641509433,0,0.22641509433962262]
[0,30.502830188679244,0,0.22641509433962262]
[8,30.616037735849055,1,0.22641509433962262]
[6,30.842452830188677,0,0.22641509433962262]
[3,30.842452830188677,0,0.22641509433962262]
[2,31.068867924528302,0,0.22641509433962262]
[2,31.182075471698113,0,0.22641509433962262]
[3,31.295283018867924,0,0.22641509433962262]
[0,31.408490566037734,0,0.22641509433962262]
[5,31.521698113207545,1,0.22641509433962262]
[6,31.748113207547167,0,0.22641509433962262]
[7,31.748113207547167,0,0.22641509433962262]
[2,31.974528301886792,0,0.22641509433962262]
[2,32.0877358490566,0,0.22641509433962262]
[3,32.20094339622641,0,0.22641509433962262]
[0,32.31415094339622,0,0.22641509433962262]
[5,32.427358490566036,0,0.22641509433962262]
[4,32.48396226415094,0,0.22641509433962262]
[6,32.54056603773584,0,0.22641509433962262]
[7,32.65377358490566,0,0.22641509433962262]
[8,32.65377358490566,0,0.22641509433962262]
[2,32.88018867924528,0,0.22641509433962262]
[2,32.993396226415086,0,0.22641509433962262]
[3,33.1066037735849,0,0.22641509433962262]
[0,33.219811320754715,0,0.22641509433962262]
[5,33.33301886792452,0,0.22641509433962262]
[8,33.33301886792452,0,0.22641509433962262]
[4,33.44622641509434,0,0.22641509433962262]
[3,33.44622641509434,0,0.22641509433962262]
[6,33.559433962264144,0,0.22641509433962262]
[7,33.559433962264144,0,0.22641509433962262]
[0,33.785849056603766,0,0.22641509433962262]
[0,33.89905660377358,0,0.22641509433962262]
[5,34.01226415094339,0,0.22641509433962262]
[2,34.1254716981132,0,0.22641509433962262]
[6,34.238679245283016,0,0.22641509433962262]
[4,34.29528301886792,0,0.22641509433962262]
[7,34.46509433962264,0,0.22641509433962262]
[8,34.46509433962264,0,0.22641509433962262]
[0,34.69150943396226,0,0.22641509433962262]
[0,34.80471698113207,0,0.22641509433962262]
[5,34.91792452830188,0,0.22641509433962262]
[2,35.031132075471696,0,0.22641509433962262]
[6,35.1443396226415,1,0.22641509433962262]
[7,35.370754716981125,0,0.22641509433962262]
[8,35.370754716981125,0,0.22641509433962262]
[0,35.59716981132075,0,0.22641509433962262]
[0,35.71037735849056,0,0.22641509433962262]
[5,35.823584905660375,0,0.22641509433962262]
[2,35.93679245283018,0,0.22641509433962262]
[3,36.05,1,0.22641509433962262]
[4,36.27641509433962,0,0.22641509433962262]
[5,36.27641509433962,0,0.22641509433962262]
[6,36.50283018867924,0,0.22641509433962262]
[6,36.61603773584905,0,0.22641509433962262]
[5,36.72924528301886,0,0.22641509433962262]
[8,36.84245283018868,0,0.22641509433962262]
[3,36.955660377358484,0,0.22641509433962262]
[4,36.955660377358484,0,0.22641509433962262]
[0,37.182075471698106,0,0.22641509433962262]
[1,37.182075471698106,0,0.22641509433962262]
[5,37.29528301886792,0,0.22641509433962262]
[7,37.40849056603773,0,0.22641509433962262]
[8,37.40849056603773,0,0.22641509433962262]
[1,37.52169811320754,0,0.22641509433962262]
[3,37.634905660377356,0,0.22641509433962262]
[4,37.634905660377356,0,0.22641509433962262]
[6,37.74811320754716,0,0.22641509433962262]
[5,37.86132075471698,0,0.22641509433962262]
[2,37.86132075471698,0,0.22641509433962262]
[4,37.974528301886785,0,0.22641509433962262]
[3,38.0877358490566,0,0.22641509433962262]
[8,38.0877358490566,0,0.22641509433962262]
[0,38.20094339622641,0,0.22641509433962262]
[4,38.31415094339622,0,0.22641509433962262]
[6,38.31415094339622,0,0.22641509433962262]
[8,38.427358490566036,0,0.22641509433962262]
[7,38.54056603773584,0,0.22641509433962262]
[2,38.54056603773584,0,0.22641509433962262]
[3,38.65377358490566,0,0.22641509433962262]
[0,38.766981132075465,0,0.22641509433962262]
[4,38.766981132075465,0,0.22641509433962262]
[5,38.993396226415086,0,0.22641509433962262]
[6,38.993396226415086,0,0.22641509433962262]
[2,38.993396226415086,0,0.22641509433962262]
[4,39.1066037735849,0,0.22641509433962262]
[0,39.21981132075471,0,0.22641509433962262]
[1,39.21981132075471,0,0.22641509433962262]
[8,39.21981132075471,0,0.22641509433962262]
[6,39.33301886792452,0,0.22641509433962262]
[3,39.44622641509434,0,0.22641509433962262]
[7,39.44622641509434,0,0.22641509433962262]
[5,39.44622641509434,0,0.22641509433962262]
[2,39.559433962264144,0,0.22641509433962262]
[6,39.67264150943396,0,0.22641509433962262]
[1,39.67264150943396,0,0.22641509433962262]
[7,39.67264150943396,0,0.22641509433962262]
[5,39.89905660377358,0,0.22641509433962262]
[4,39.89905660377358,0,0.22641509433962262]
[0,39.89905660377358,0,0.22641509433962262]
[3,40.1254716981132,0,0.22641509433962262]
[6,40.1254716981132,0,0.22641509433962262]
[8,40.1254716981132,0,0.22641509433962262]
[7,40.351886792452824,0,0.22641509433962262]
[5,40.351886792452824,0,0.22641509433962262]
[2,40.351886792452824,0,0.22641509433962262]
[5,40.578301886792445,0,0.22641509433962262]
[6,40.578301886792445,0,0.22641509433962262]
[0,40.578301886792445,0,0.22641509433962262]
[3,40.80471698113207,0,0.22641509433962262]
[8,40.80471698113207,0,0.22641509433962262]
[1,40.80471698113207,0,0.22641509433962262]
[7,40.91792452830188,0,0.22641509433962262]
[6,41.031132075471696,0,0.22641509433962262]
[4,41.031132075471696,0,0.22641509433962262]
[2,41.031132075471696,0,0.22641509433962262]
[0,41.1443396226415,0,0.22641509433962262]
[1,41.25754716981132,0,0.22641509433962262]
[2,41.25754716981132,0,0.22641509433962262]
[4,41.370754716981125,0,0.22641509433962262]
[3,41.370754716981125,0,0.22641509433962262]
[7,41.48396226415094,0,0.22641509433962262]
[8,41.48396226415094,0,0.22641509433962262]
[6,41.59716981132075,0,0.22641509433962262]
[3,41.59716981132075,0,0.22641509433962262]
[1,41.71037735849056,0,0.22641509433962262]
[2,41.71037735849056,0,0.22641509433962262]
[4,41.82358490566037,0,0.22641509433962262]
[5,41.82358490566037,0,0.22641509433962262]
[7,41.93679245283018,0,0.22641509433962262]
[6,41.93679245283018,0,0.22641509433962262]
[3,42.05,0,0.22641509433962262]
[4,42.05,0,0.22641509433962262]
[8,42.163207547169804,0,0.22641509433962262]
[7,42.163207547169804,0,0.22641509433962262]
[3,42.27641509433962,0,0.22641509433962262]
[2,42.27641509433962,0,0.22641509433962262]
[6,42.389622641509426,0,0.22641509433962262]
[8,42.389622641509426,0,0.22641509433962262]
[4,42.50283018867924,0,0.22641509433962262]
[5,42.559433962264144,0,0.22641509433962262]
[0,42.61603773584905,0,0.22641509433962262]
[1,42.61603773584905,0,0.22641509433962262]
[6,42.84245283018868,0,0.22641509433962262]
[7,42.84245283018868,0,0.22641509433962262]
[5,42.89905660377358,0,0.22641509433962262]
[1,42.955660377358484,0,0.22641509433962262]
[3,43.0688679245283,0,0.22641509433962262]
[4,43.0688679245283,0,0.22641509433962262]
[2,43.182075471698106,0,0.22641509433962262]
[8,43.29528301886792,0,0.22641509433962262]
[1,43.40849056603773,1,0.22641509433962262]
[2,43.40849056603773,1,0.22641509433962262]
[3,43.634905660377356,0,0.22641509433962262]
[7,43.74811320754716,0,0.22641509433962262]
[5,43.86132075471698,0,0.22641509433962262]
[0,43.974528301886785,1,0.22641509433962262]
[3,43.974528301886785,0,0.22641509433962262]
[1,44.20094339622641,1,0.22641509433962262]
[4,44.20094339622641,0,0.22641509433962262]
[2,44.42735849056603,0,0.22641509433962262]
[5,44.42735849056603,0,0.22641509433962262]
[7,44.42735849056603,0,0.22641509433962262]
[4,58.91792452830188,0,0.22641509433962262]
[4,66.1632075471698,0,0.22641509433962262]
[4,80.65377358490565,0,0.22641509433962262]
[4,95.1443396226415,0,0.22641509433962262]
[4,109.63490566037734,0,0.22641509433962262]
[4,124.1254716981132,0,0.22641509433962262]
[4,138.61603773584906,0,0.22641509433962262]
[4,145.86132075471698,0,0.22641509433962262]
[4,160.35188679245283,0,0.22641509433962262]
[4,174.84245283018868,0,0.22641509433962262]
[4,189.33301886792452,0,0.22641509433962262]
[4,207.44622641509434,0,0.22641509433962262]
[4,225.55943396226414,0,0.22641509433962262]
[4,240.04999999999998,0,0.22641509433962262]
[4,261.78584905660375,1,1.8113207547169812]
[4,276.2764150943396,0,0.22641509433962262]
[4,283.52169811320755,0,0.22641509433962262]
[4,298.0122641509434,0,0.22641509433962262]
[4,330.61603773584903,0,0.22641509433962262]
[6,340.4650943396226,1,2.490566037735849]
[0,342.95566037735847,0,0.22641509433962262]
[1,343.0122641509434,0,2.490566037735849]
[5,343.06886792452826,0,2.490566037735849]
[4,343.1254716981132,0,2.490566037735849]
[3,343.1820754716981,0,2.490566037735849]
[7,343.238679245283,0,0.22641509433962262]
[8,343.2952830188679,0,2.490566037735849]