[5,1.6,0,0.2]
[8,1.6,0,0.2]
[0,1.7,0,0.2]
[5,1.8,0,0.2]
[8,1.8,0,0.2]
[6,1.9,0,0.2]
[5,2,0,0.2]
[8,2,0,0.2]
[0,2.1,0,0.2]
[5,2.2,0,0.2]
[8,2.2,0,0.2]
[6,2.3,0,0.2]
[5,2.4,0,0.2]
[8,2.4,0,0.2]
[0,2.5,0,0.2]
[5,2.6,0,0.2]
[8,2.6,0,0.2]
[6,2.7,0,0.2]
[0,2.8,0,0.2]
[3,2.8,0,0.2]
[2,2.9,0,0.2]
[0,3,0,0.2]
[3,3,0,0.2]
[0,3.1,0,0.2]
[3,3.1,0,0.2]
[5,3.2,0,0.2]
[8,3.2,0,0.2]
[0,3.3,0,0.2]
[5,3.4,0,0.2]
[8,3.4,0,0.2]
[6,3.5,0,0.2]
[5,3.6,0,0.2]
[8,3.6,0,0.2]
[0,3.7,0,0.2]
[5,3.8,0,0.2]
[8,3.8,0,0.2]
[6,3.9,0,0.2]
[5,4,0,0.2]
[8,4,0,0.2]
[0,4.1,0,0.2]
[5,4.2,0,0.2]
[8,4.2,0,0.2]
[6,4.3,0,0.2]
[2,4.4,0,0.2]
[1,4.45,0,0.2]
[0,4.5,0,0.2]
[4,4.55,0,0.2]
[5,4.6,0,0.2]
[3,4.7,0,0.2]
[5,4.8,0,0.2]
[2,4.8,0,0.2]
[6,4.9,0,0.2]
[5,5,0,0.2]
[2,5,0,0.2]
[0,5.1,0,0.2]
[5,5.2,0,0.2]
[2,5.2,0,0.2]
[6,5.3,0,0.2]
[5,5.4,0,0.2]
[2,5.4,0,0.2]
[0,5.5,0,0.2]
[5,5.6,0,0.2]
[2,5.6,0,0.2]
[6,5.7,0,0.2]
[5,5.8,0,0.2]
[2,5.8,0,0.2]
[0,5.9,0,0.2]
[5,6,0,0.2]
[2,6,0,0.2]
[6,6.1,0,0.2]
[1,6.2,0,0.2]
[2,6.2,0,0.2]
[3,6.3,0,0.2]
[4,6.3,0,0.2]
[7,6.4,0,0.2]
[8,6.4,0,0.2]
[0,6.5,0,0.2]
[7,6.6,0,0.2]
[8,6.6,0,0.2]
[6,6.7,0,0.2]
[7,6.8,0,0.2]
[8,6.8,0,0.2]
[0,6.9,0,0.2]
[7,7,0,0.2]
[8,7,0,0.2]
[6,7.1,0,0.2]
[1,7.2,0,0.2]
[2,7.2,0,0.2]
[3,7.3,0,0.2]
[4,7.3,0,0.2]
[4,7.4,0,0.2]
[5,7.4,0,0.2]
[6,7.5,0,0.2]
[7,7.5,0,0.2]
[7,7.6,0,0.2]
[8,7.6,0,0.2]
[0,7.8,0,0.2]
[1,7.8,0,0.2]
[2,7.8,0,0.2]
[4,8,0,0.2]
[5,8,0,0.2]
[6,8.1,0,0.2]
[1,8.2,0,0.2]
[2,8.2,0,0.2]
[3,8.3,0,0.2]
[7,8.4,0,0.2]
[8,8.5,0,0.2]
[0,8.6,1,0.2]
[1,8.6,1,0.2]
[5,8.8,0,0.2]
[4,8.9,0,0.2]
[6,9,0,0.2]
[7,9.1,0,0.2]
[2,9.2,0,0.2]
[1,9.25,0,0.2]
[0,9.3,0,0.2]
[4,9.35,0,0.2]
[5,9.4,0,0.2]
[6,9.5,0,0.2]
[7,9.6,0,0.2]
[8,9.6,0,0.2]
[3,9.7,0,0.2]
[4,9.8,0,0.2]
[5,9.8,0,0.2]
[0,9.9,0,0.2]
[1,10,0,0.2]
[2,10.1,0,0.2]
[6,10.2,1,0.2]
[7,10.2,1,0.2]
[5,10.4,0,0.2]
[4,10.45,0,0.2]
[3,10.5,0,0.2]
[1,10.55,0,0.2]
[2,10.6,0,0.2]
[7,10.7,0,0.2]
[0,10.8,0,0.2]
[8,10.9,0,0.2]
[6,11,0,0.2]
[4,11.2,0,0.2]
[5,11.2,0,0.2]
[0,11.3,0,0.2]
[7,11.4,0,0.2]
[8,11.4,0,0.2]
[3,11.5,0,0.2]
[4,11.6,0,0.2]
[2,11.7,0,0.2]
[0,11.8,1,0.2]
[1,11.8,1,0.2]
[5,12,0,0.2]
[6,12.1,0,0.2]
[7,12.2,0,0.2]
[8,12.3,0,0.2]
[0,12.4,0,0.2]
[1,12.45,0,0.2]
[2,12.5,0,0.2]
[4,12.55,0,0.2]
[3,12.6,0,0.2]
[8,12.7,0,0.2]
[7,12.8,0,0.2]
[6,12.8,0,0.2]
[5,12.9,0,0.2]
[4,13,0,0.2]
[3,13,0,0.2]
[2,13.1,0,0.2]
[1,13.2,0,0.2]
[0,13.3,0,0.2]
[7,13.4,1,0.2]
[8,13.4,1,0.2]
[3,13.6,0,0.2]
[5,13.75,0,0.2]
[4,13.8,0,0.2]
[6,13.9,0,0.2]
[7,14,0,0.2]
[2,14.2,0,0.2]
[1,14.2,0,0.2]
[0,14.2,0,0.2]
[5,14.4,0,0.2]
[4,14.4,0,0.2]
[0,14.5,0,0.2]
[7,14.6,0,0.2]
[8,14.6,0,0.2]
[3,14.7,0,0.2]
[2,14.8,0,0.2]
[1,14.9,0,0.2]
[6,15,1,0.2]
[7,15,1,0.2]
[2,15.2,0,0.2]
[1,15.3,0,0.2]
[3,15.4,0,0.2]
[4,15.5,0,0.2]
[8,15.6,0,0.2]
[7,15.65,0,0.2]
[6,15.7,0,0.2]
[4,15.75,0,0.2]
[5,15.8,0,0.2]
[0,15.9,0,0.2]
[7,16,0,0.2]
[8,16,0,0.2]
[3,16.1,0,0.2]
[4,16.2,0,0.2]
[5,16.2,0,0.2]
[0,16.3,0,0.2]
[7,16.4,0,0.2]
[2,16.5,0,0.2]
[0,16.6,1,0.2]
[1,16.6,1,0.2]
[5,16.8,0,0.2]
[4,16.85,0,0.2]
[3,16.9,0,0.2]
[7,16.95,0,0.2]
[8,17,0,0.2]
[1,17.1,0,0.2]
[6,17.2,0,0.2]
[2,17.3,0,0.2]
[0,17.4,0,0.2]
[1,17.4,0,0.2]
[4,17.6,0,0.2]
[5,17.6,0,0.2]
[6,17.633333333333333,0,0.2]
[7,17.666666666666668,0,0.2]
[8,17.7,0,0.2]
[3,17.75,0,0.2]
[1,17.8,0,0.2]
[2,17.8,0,0.2]
[0,17.9,0,0.2]
[5,18,0,0.2]
[3,18.1,0,0.2]
[7,18.2,1,0.2]
[8,18.2,1,0.2]
[0,18.4,0,0.2]
[1,18.5,0,0.2]
[5,18.6,0,0.2]
[6,18.7,0,0.2]
[2,18.8,0,0.2]
[1,18.85,0,0.2]
[0,18.9,0,0.2]
[4,18.95,0,0.2]
[5,19,0,0.2]
[6,19.1,0,0.2]
[7,19.2,0,0.2]
[8,19.2,0,0.2]
[3,19.3,0,0.2]
[4,19.4,0,0.2]
[5,19.4,0,0.2]
[0,19.5,0,0.2]
[1,19.6,0,0.2]
[2,19.7,0,0.2]
[3,19.8,1,0.2]
[4,19.8,1,0.2]
[8,20,0,0.2]
[0,20.15,0,0.2]
[1,20.2,0,0.2]
[5,20.3,0,0.2]
[6,20.4,0,0.2]
[4,20.6,0,0.2]
[5,20.6,0,0.2]
[3,20.6,0,0.2]
[5,20.8,0,0.2]
[8,20.8,0,0.2]
[1,21,0,0.2]
[2,21,0,0.2]
[7,21.2,0,0.2]
[6,21.2,0,0.2]
[5,21.4,0,0.2]
[8,21.4,0,0.2]
[3,21.6,0,0.2]
[0,21.6,0,0.2]
[6,21.8,0,0.2]
[7,21.8,0,0.2]
[1,22,0,0.2]
[2,22,0,0.2]
[0,22.2,0,0.2]
[3,22.2,0,0.2]
[5,22.4,0,0.2]
[8,22.4,0,0.2]
[1,22.6,0,0.2]
[2,22.6,0,0.2]
[7,22.8,0,0.2]
[6,22.8,0,0.2]
[5,23,0,0.2]
[8,23,0,0.2]
[3,23.2,0,0.2]
[0,23.2,0,0.2]
[6,23.4,0,0.2]
[7,23.4,0,0.2]
[1,23.6,0,0.2]
[2,23.6,0,0.2]
[3,23.65,0,0.2]
[4,23.7,0,0.2]
[5,23.75,0,0.2]
[7,23.8,0,0.2]
[6,23.8,0,0.2]
[3,24,0,0.2]
[6,24,0,0.2]
[0,24.2,0,0.2]
[1,24.2,0,0.2]
[7,24.4,0,0.2]
[8,24.4,0,0.2]
[3,24.6,0,0.2]
[6,24.6,0,0.2]
[5,24.8,0,0.2]
[2,24.8,0,0.2]
[7,25,0,0.2]
[8,25,0,0.2]
[1,25.2,0,0.2]
[0,25.2,0,0.2]
[5,25.4,0,0.2]
[2,25.4,0,0.2]
[3,25.6,0,0.2]
[6,25.6,0,0.2]
[0,25.8,0,0.2]
[1,25.8,0,0.2]
[7,26,0,0.2]
[8,26,0,0.2]
[3,26.2,0,0.2]
[6,26.2,0,0.2]
[5,26.4,0,0.2]
[2,26.4,0,0.2]
[7,26.6,0,0.2]
[8,26.6,0,0.2]
[1,26.8,0,0.2]
[0,26.8,0,0.2]
[5,26.85,0,0.2]
[4,26.9,0,0.2]
[3,26.95,0,0.2]
[7,27,0,0.2]
[8,27,0,0.2]
[1,27.2,0,0.2]
[2,27.2,0,0.2]
[0,27.3,0,0.2]
[5,27.4,0,0.2]
[3,27.5,0,0.2]
[8,27.6,0,0.2]
[6,27.7,0,0.2]
[4,27.8,1,0.2]
[7,28,0,0.2]
[8,28,0,0.2]
[6,28.1,0,0.2]
[5,28.2,0,0.2]
[3,28.3,0,0.2]
[2,28.4,0,0.2]
[0,28.5,0,0.2]
[4,28.6,1,0.2]
[3,28.8,0,0.2]
[0,28.8,0,0.2]
[8,28.9,0,0.2]
[1,29,0,0.2]
[6,29.1,0,0.2]
[2,29.2,0,0.2]
[7,29.3,0,0.2]
[0,29.4,0,0.2]
[8,29.5,0,0.2]
[6,29.6,0,0.2]
[7,29.6,0,0.2]
[2,29.7,0,0.2]
[0,29.8,0,0.2]
[1,29.8,0,0.2]
[5,29.9,0,0.2]
[6,30,0,0.2]
[7,30.05,0,0.2]
[8,30.1,0,0.2]
[4,30.15,0,0.2]
[3,30.2,0,0.2]
[5,30.3,0,0.2]
[1,30.4,0,0.2]
[0,30.4,0,0.2]
[2,30.5,0,0.2]
[3,30.6,0,0.2]
[5,30.7,0,0.2]
[6,30.8,0,0.2]
[8,30.9,0,0.2]
[4,31,1,0.2]
[6,31.2,0,0.2]
[7,31.2,0,0.2]
[8,31.3,0,0.2]
[3,31.4,0,0.2]
[5,31.5,0,0.2]
[0,31.6,0,0.2]
[2,31.7,0,0.2]
[4,31.8,1,0.2]
[5,32,0,0.2]
[2,32,0,0.2]
[6,32.1,0,0.2]
[1,32.2,0,0.2]
[8,32.3,0,0.2]
[0,32.4,0,0.2]
[7,32.5,0,0.2]
[2,32.6,0,0.2]
[6,32.7,0,0.2]
[7,32.8,0,0.2]
[8,32.8,0,0.2]
[2,32.9,0,0.2]
[1,32.95,0,0.2]
[4,33,0,0.2]
[3,33,0,0.2]
[5,33.1,0,0.2]
[4,33.15,0,0.2]
[6,33.2,0,0.2]
[7,33.2,0,0.2]
[2,33.3,0,0.2]
[1,33.35,0,0.2]
[4,33.4,0,0.2]
[3,33.4,0,0.2]
[5,33.5,0,0.2]
[4,33.55,0,0.2]
[7,33.6,0,0.2]
[6,33.6,0,0.2]
[8,33.7,0,0.2]
[3,33.8,0,0.2]
[5,33.9,0,0.2]
[0,34,0,0.2]
[2,34.1,0,0.2]
[4,34.2,1,0.2]
[0,34.4,0,0.2]
[1,34.4,0,0.2]
[2,34.5,0,0.2]
[3,34.6,0,0.2]
[5,34.7,0,0.2]
[6,34.8,0,0.2]
[8,34.9,0,0.2]
[4,35,1,0.2]
[5,35.2,0,0.2]
[8,35.2,0,0.2]
[0,35.3,0,0.2]
[7,35.4,0,0.2]
[2,35.5,0,0.2]
[6,35.6,0,0.2]
[1,35.7,0,0.2]
[8,35.8,0,0.2]
[0,35.9,0,0.2]
[7,36,0,0.2]
[8,36,0,0.2]
[3,36.1,0,0.2]
[4,36.2,0,0.2]
[5,36.2,0,0.2]
[6,36.3,0,0.2]
[2,36.4,0,0.2]
[1,36.45,0,0.2]
[0,36.5,0,0.2]
[4,36.55,0,0.2]
[5,36.6,0,0.2]
[3,36.7,0,0.2]
[7,36.8,0,0.2]
[8,36.8,0,0.2]
[6,36.9,0,0.2]
[5,37,0,0.2]
[3,37.1,0,0.2]
[2,37.2,0,0.2]
[0,37.3,0,0.2]
[4,37.4,1,0.2]
[1,37.6,0,0.2]
[2,37.6,0,0.2]
[0,37.7,0,0.2]
[5,37.8,0,0.2]
[3,37.9,0,0.2]
[8,38,0,0.2]
[6,38.1,0,0.2]
[4,38.2,1,0.2]
[6,38.4,0,0.2]
[3,38.4,0,0.2]
[2,38.5,0,0.2]
[7,38.6,0,0.2]
[0,38.7,0,0.2]
[8,38.8,0,0.2]
[1,38.9,0,0.2]
[3,39,0,0.2]
[2,39.1,0,0.2]
[6,39.2,0,0.2]
[7,39.2,0,0.2]
[0,39.3,0,0.2]
[1,39.35,0,0.2]
[4,39.4,0,0.2]
[5,39.4,0,0.2]
[3,39.5,0,0.2]
[4,39.55,0,0.2]
[7,39.6,0,0.2]
[8,39.6,0,0.2]
[0,39.7,0,0.2]
[1,39.75,0,0.2]
[4,39.8,0,0.2]
[5,39.8,0,0.2]
[3,39.9,0,0.2]
[4,39.95,0,0.2]
[7,40,0,0.2]
[8,40,0,0.2]
[2,40.1,0,0.1]
[1,40.2,0,0.1]
[0,40.3,0,0.1]
[3,40.4,0,0.1]
[4,40.5,0,0.2]
[5,40.6,1,0.2]
[7,40.8,0,0.2]
[6,40.9,0,0.2]
[3,41,0,0.2]
[4,41.1,0,0.2]
[5,41.2,0,0.2]
[2,41.3,0,0.2]
[1,41.4,1,0.2]
[0,41.6,0,0.2]
[3,41.7,0,0.2]
[4,41.8,0,0.2]
[5,41.9,0,0.2]
[8,42,0,0.2]
[7,42.1,0,0.2]
[6,42.2,0,0.2]
[2,42.3,0,0.2]
[1,42.35,0,0.2]
[0,42.4,0,0.2]
[5,42.5,0,0.2]
[4,42.55,0,0.2]
[3,42.6,0,0.2]
[8,42.7,0,0.2]
[0,42.8,0,0.2]
[1,42.85,0,0.2]
[2,42.9,0,0.2]
[4,42.95,0,0.2]
[3,43,0,0.2]
[5,43.1,0,0.2]
[8,43.2,0,0.2]
[7,43.3,0,0.2]
[6,43.4,0,0.2]
[3,43.5,0,0.2]
[4,43.6,0,0.2]
[5,43.7,0,0.2]
[2,43.8,1,0.2]
[1,44,0,0.2]
[0,44.1,0,0.2]
[3,44.2,0,0.2]
[4,44.3,0,0.2]
[5,44.4,0,0.2]
[8,44.5,0,0.2]
[7,44.6,1,0.2]
[6,44.8,0,0.2]
[3,44.9,0,0.2]
[4,45,0,0.2]
[5,45.1,0,0.2]
[2,45.2,0,0.2]
[1,45.3,0,0.2]
[0,45.4,0,0.2]
[8,45.5,0,0.2]
[7,45.55,0,0.2]
[6,45.6,0,0.2]
[5,45.7,0,0.2]
[4,45.75,0,0.2]
[3,45.8,0,0.2]
[2,45.9,0,0.2]
[6,46,0,0.2]
[7,46.05,0,0.2]
[5,46.1,0,0.2]
[4,46.15,0,0.2]
[2,47.2,1,0.4]
[1,47.3,1,0.3]
[0,47.4,1,0.2]
[4,47.6,1,0.2]
[6,47.8,1,0.2]
[7,47.9,1,0.1]
[8,48,0,0.2]
[5,48.8,0,0.2]
[3,48.8,0,0.2]
[1,49,0,0.2]
[6,49.2,0,0.2]
[4,49.3,0,0.2]
[2,49.4,0,0.2]
[8,49.6,0,0.2]
[3,49.7,0,0.2]
[4,49.75,0,0.2]
[5,49.8,0,0.2]
[0,49.9,0,0.2]
[7,50,0,0.2]
[2,50.1,0,0.2]
[6,50.2,0,0.2]
[7,50.25,0,0.2]
[8,50.3,0,0.2]
[3,50.4,0,0.2]
[5,50.6,0,0.2]
[1,50.8,0,0.2]
[6,50.9,0,0.2]
[7,51,0,0.2]
[2,51.1,0,0.2]
[0,51.2,0,0.2]
[5,51.3,0,0.2]
[6,51.4,0,0.2]
[7,51.45,0,0.2]
[8,51.5,0,0.2]
[4,51.55,0,0.1]
[3,51.6,0,0.2]
[2,51.7,0,0.2]
[0,51.8,0,0.2]
[5,52,0,0.2]
[8,52,0,0.2]
[3,52.2,0,0.2]
[2,52.4,0,0.2]
[1,52.5,0,0.2]
[0,52.6,0,0.2]
[8,52.7,0,0.2]
[3,52.8,0,0.2]
[4,52.9,0,0.2]
[5,53,0,0.2]
[0,53.1,0,0.2]
[8,53.2,0,0.2]
[7,53.25,0,0.2]
[6,53.3,0,0.2]
[2,53.4,0,0.2]
[3,53.5,0,0.2]
[4,53.6,0,0.2]
[5,53.6,0,0.2]
[0,53.7,0,0.2]
[1,53.75,0,0.2]
[2,53.8,0,0.2]
[6,53.9,0,0.2]
[7,54,0,0.2]
[5,54.1,0,0.2]
[4,54.2,0,0.2]
[0,54.3,0,0.2]
[1,54.4,0,0.2]
[8,54.5,0,0.2]
[7,54.55,0,0.2]
[3,54.6,0,0.2]
[4,54.65,0,0.1]
[2,54.7,0,0.2]
[1,54.75,0,0.2]
[7,54.8,0,0.2]
[6,54.8,0,0.2]
[0,55,0,0.2]
[2,55,0,0.2]
[7,55.2,0,0.2]
[8,55.2,0,0.2]
[3,55.3,0,0.2]
[2,55.4,0,0.2]
[1,55.45,0,0.2]
[0,55.5,0,0.2]
[5,55.6,0,0.2]
[4,55.7,0,0.2]
[6,55.8,0,0.2]
[7,55.85,0,0.2]
[8,55.9,0,0.2]
[0,56,0,0.2]
[1,56.1,0,0.2]
[5,56.2,0,0.2]
[4,56.25,0,0.2]
[3,56.3,0,0.2]
[8,56.4,0,0.2]
[7,56.45,0,0.2]
[6,56.5,0,0.2]
[5,56.6,0,0.2]
[0,56.7,0,0.2]
[1,56.75,0,0.2]
[2,56.8,0,0.2]
[4,56.85,0,0.2]
[3,56.9,0,0.2]
[5,57,0,0.2]
[3,57.1,0,0.2]
[8,57.2,0,0.2]
[7,57.25,0,0.2]
[6,57.3,0,0.2]
[4,57.35,0,0.2]
[5,57.4,0,0.2]
[0,57.5,0,0.2]
[1,57.55,0,0.2]
[2,57.6,0,0.2]
[6,57.7,0,0.2]
[7,57.75,0,0.2]
[8,57.8,0,0.2]
[3,57.9,0,0.2]
[4,57.95,0,0.2]
[5,58,0,0.2]
[6,58.1,0,0.2]
[2,58.2,0,0.2]
[1,58.25,0,0.2]
[0,58.3,0,0.2]
[5,58.4,0,0.2]
[3,58.5,0,0.2]
[8,58.6,0,0.2]
[7,58.65,0,0.2]
[6,58.7,0,0.2]
[4,58.8,0,0.2]
[5,58.9,0,0.2]
[0,59,0,0.2]
[1,59.05,0,0.2]
[2,59.1,0,0.2]
[6,59.2,0,0.2]
[7,59.25,0,0.2]
[8,59.3,0,0.2]
[3,59.4,0,0.2]
[4,59.45,0,0.2]
[5,59.5,0,0.2]
[0,59.6,0,0.2]
[1,59.7,0,0.2]
[8,59.8,0,0.2]
[7,59.85,0,0.2]
[6,59.9,0,0.2]
[2,60,0,0.2]
[1,60.05,0,0.2]
[3,60.1,0,0.2]
[4,60.15,0,0.2]
[2,60.2,0,0.2]
[1,60.25,0,0.2]
[3,60.3,0,0.2]
[4,60.35,0,0.2]
[8,60.4,0,0.2]
[7,60.45,0,0.2]
[3,60.5,0,0.2]
[2,60.6,0,0.2]
[1,60.65,0,0.2]
[0,60.7,0,0.2]
[5,60.8,0,0.2]
[3,60.9,0,0.2]
[4,60.95,0,0.2]
[8,61,0,0.2]
[7,61.05,0,0.2]
[3,61.1,0,0.2]
[4,61.15,0,0.2]
[8,61.2,0,0.2]
[7,61.25,0,0.2]
[0,61.3,0,0.2]
[1,61.35,0,0.2]
[2,61.4,0,0.2]
[6,61.5,0,0.2]
[7,61.55,0,0.2]
[8,61.6,0,0.2]
[0,61.7,0,0.2]
[5,61.8,0,0.2]
[4,61.85,0,0.2]
[3,61.9,0,0.2]
[2,62,0,0.2]
[7,62.1,0,0.2]
[0,62.2,0,0.2]
[1,62.25,0,0.2]
[2,62.3,0,0.2]
[3,62.4,0,0.2]
[4,62.5,0,0.2]
[8,62.6,0,0.2]
[7,62.65,0,0.2]
[6,62.7,0,0.2]
[2,62.8,0,0.2]
[1,62.85,0,0.2]
[0,62.9,0,0.2]
[5,63,0,0.2]
[6,63.1,0,0.2]
[7,63.15,0,0.2]
[8,63.2,0,0.2]
[4,63.25,0,0.2]
[3,63.3,0,0.2]
[5,63.4,0,0.2]
[0,63.5,0,0.2]
[2,63.6,0,0.2]
[1,63.65,0,0.2]
[0,63.7,0,0.2]
[4,63.75,0,0.2]
[5,63.8,0,0.2]
[6,63.9,0,0.2]
[7,63.95,0,0.2]
[8,64,0,0.2]
[0,64.1,0,0.2]
[1,64.15,0,0.2]
[2,64.2,0,0.2]
[3,64.3,0,0.2]
[4,64.35,0,0.2]
[5,64.4,0,0.2]
[0,64.5,0,0.2]
[8,64.6,0,0.2]
[7,64.65,0,0.2]
[6,64.7,0,0.2]
[5,64.8,0,0.2]
[3,64.9,0,0.2]
[2,65,0,0.2]
[1,65.05,0,0.2]
[0,65.1,0,0.2]
[5,65.2,0,0.2]
[4,65.3,0,0.2]
[6,65.4,0,0.2]
[7,65.45,0,0.2]
[8,65.5,0,0.2]
[0,65.6,0,0.2]
[1,65.65,0,0.2]
[2,65.7,0,0.2]
[3,65.8,0,0.2]
[4,65.85,0,0.2]
[5,65.9,0,0.2]
[6,66,0,0.2]
[7,66.1,0,0.2]
[2,66.2,0,0.2]
[1,66.25,0,0.2]
[0,66.3,0,0.2]
[8,66.4,0,0.2]
[7,66.45,0,0.2]
[3,66.5,0,0.2]
[4,66.55,0,0.2]
[8,66.6,0,0.2]
[7,66.65,0,0.2]
[3,66.7,0,0.2]
[4,66.75,0,0.2]
[2,66.8,0,0.2]
[1,66.85,0,0.2]
[3,66.9,0,0.2]
[8,67,0,0.2]
[7,67.05,0,0.2]
[6,67.1,0,0.2]
[2,67.2,0,0.2]
[0,67.3,0,0.2]
[1,67.35,0,0.2]
[5,67.4,0,0.2]
[4,67.45,0,0.2]
[0,67.5,0,0.2]
[1,67.55,0,0.2]
[5,67.6,0,0.2]
[4,67.65,0,0.2]
[6,67.7,0,0.2]
[7,67.75,0,0.2]
[5,67.8,0,0.2]
[0,67.9,0,0.2]
[1,67.95,0,0.2]
[2,68,0,0.2]
[3,68.1,0,0.2]
[5,68.2,0,0.2]
[6,68.3,0,0.2]
[8,68.4,0,0.2]
[3,68.5,0,0.2]
[4,68.55,0,0.2]
[5,68.6,0,0.2]
[7,68.7,0,0.2]
[0,68.8,0,0.2]
[1,68.9,0,0.2]
[2,69,0,0.2]
[3,69.1,0,0.2]
[8,69.2,0,0.2]
[7,69.25,0,0.2]
[6,69.3,0,0.2]
[2,69.4,0,0.2]
[1,69.45,0,0.2]
[0,69.5,0,0.2]
[5,69.6,0,0.2]
[3,69.7,0,0.2]
[8,69.8,0,0.2]
[6,69.9,0,0.2]
[2,70,0,0.2]
[3,70.1,0,0.2]
[4,70.15,0,0.2]
[5,70.2,0,0.2]
[0,70.3,0,0.2]
[1,70.4,0,0.2]
[8,70.5,0,0.2]
[7,70.6,0,0.2]
[6,70.7,0,0.2]
[2,70.8,0,0.2]
[1,70.85,0,0.2]
[0,70.9,0,0.2]
[4,70.95,0,0.2]
[5,71,0,0.2]
[3,71.1,0,0.2]
[8,71.2,0,0.2]
[7,71.3,0,0.2]
[0,71.4,0,0.2]
[1,71.5,0,0.2]
[5,71.6,0,0.2]
[4,71.7,0,0.2]
[6,71.8,0,0.2]
[7,71.9,0,0.2]
[2,72,0,0.2]
[3,72.1,0,0.2]
[4,72.15,0,0.2]
[5,72.2,0,0.2]
[1,72.3,0,0.2]
[6,72.4,0,0.2]
[7,72.5,0,0.2]
[2,72.6,0,0.2]
[1,72.65,0,0.2]
[0,72.7,0,0.2]
[8,72.8,0,0.2]
[6,72.9,0,0.2]
[5,73,0,0.2]
[3,73.1,0,0.2]
[2,73.2,0,0.2]
[0,73.3,0,0.2]
[7,73.4,0,0.2]
[8,73.5,0,0.2]
[3,73.6,0,0.2]
[4,73.65,0,0.2]
[5,73.7,0,0.2]
[0,73.8,0,0.2]
[1,73.85,0,0.2]
[2,73.9,0,0.2]
[6,74,0,0.2]
[7,74.05,0,0.2]
[8,74.1,0,0.2]
[4,74.15,0,0.2]
[3,74.2,0,0.2]
[5,74.3,0,0.2]
[2,74.4,0,0.2]
[1,74.4,0,0.2]
[0,74.4,0,0.2]