[0,0,1,4]
[2,4,1,4]
[0,5.25,0,4]
[0,5.375,0,4]
[1,5.625,0,4]
[1,5.75,0,4]
[8,6,0,4]
[7,6.125,0,4]
[6,6.25,0,4]
[4,6.375,0,4]
[5,6.75,0,4]
[4,6.875,0,4]
[3,7,0,4]
[8,7.25,0,4]
[7,7.375,0,4]
[3,7.5,1,0.5]
[1,8,1,4]
[5,8,0,0.5]
[4,8,0,0.5]
[5,8.375,0,0.5]
[4,8.375,0,0.5]
[8,9,0,0.5]
[7,9,0,0.5]
[8,9.375,0,0.5]
[7,9.375,0,0.5]
[4,10,0,0.5]
[3,10,0,0.5]
[4,10.375,0,0.5]
[3,10.375,0,0.5]
[5,10.75,0,0.5]
[7,11,0,0.5]
[6,11,0,0.5]
[7,11.375,0,0.5]
[6,11.375,0,0.5]
[3,12,1,4]
[4,12,0,0.5]
[5,12,0,0.5]
[4,12.375,0,0.5]
[5,12.375,0,0.5]
[2,13,0,0.5]
[1,13,0,0.5]
[2,13.375,0,0.5]
[1,13.375,0,0.5]
[8,14,0,0.5]
[7,14,0,0.5]
[8,14.375,0,0.5]
[7,14.375,0,0.5]
[0,14.75,0,4]
[1,15,0,0.5]
[2,15,0,0.5]
[2,15.375,0,0.5]
[1,15.375,0,0.5]
[0,16,0,0.5]
[4,16,1,4]
[1,16.125,0,0.5]
[2,16.25,0,0.5]
[0,16.5,0,0.5]
[1,16.625,0,0.5]
[2,16.75,0,0.5]
[0,17,0,0.5]
[1,17.125,0,0.5]
[2,17.25,0,0.5]
[0,17.5,0,0.5]
[1,17.625,0,0.5]
[2,17.75,0,0.5]
[0,18,0,0.5]
[1,18.125,0,0.5]
[2,18.25,0,0.5]
[0,18.5,0,0.5]
[1,18.625,0,0.5]
[2,18.75,0,0.5]
[0,19,0,0.5]
[1,19.125,0,0.5]
[2,19.25,0,0.5]
[0,19.5,0,0.5]
[1,19.625,0,0.5]
[2,19.75,0,0.5]
[8,20,1,4]
[7,20.375,0,4]
[6,20.375,0,4]
[1,21,0,0.5]
[0,21,0,0.5]
[1,21.375,0,0.5]
[0,21.375,0,0.5]
[2,22,0,0.5]
[1,22,0,0.5]
[2,22.375,0,0.5]
[1,22.375,0,0.5]
[3,22.75,0,0.5]
[5,23,0,0.5]
[4,23,0,0.5]
[5,23.375,0,0.5]
[4,23.375,0,0.5]
[2,24,0,0.5]
[4,24,1,4]
[1,24.125,0,0.5]
[0,24.25,0,0.5]
[2,24.5,0,0.5]
[1,24.625,0,0.5]
[0,24.75,0,0.5]
[2,25,0,0.5]
[1,25.125,0,0.5]
[0,25.25,0,0.5]
[2,25.5,0,0.5]
[1,25.625,0,0.5]
[0,25.75,0,0.5]
[2,26,0,0.5]
[1,26.125,0,0.5]
[0,26.25,0,0.5]
[2,26.5,0,0.5]
[1,26.625,0,0.5]
[0,26.75,0,0.5]
[2,27,0,0.5]
[1,27.125,0,0.5]
[0,27.25,0,0.5]
[2,27.5,0,0.5]
[1,27.625,0,0.5]
[0,27.75,0,0.5]
[6,28,1,2]
[3,28.375,0,2]
[4,28.375,0,2]
[1,29,0,2]
[0,29,0,2]
[1,29.375,0,2]
[0,29.375,0,2]
[5,30,0,2]
[4,30,0,2]
[7,30,1,1]
[5,30.375,0,2]
[4,30.375,0,2]
[0,30.75,0,4]
[3,31,1,1]
[4,31,0,4]
[5,31,0,4]
[5,31.375,0,4]
[4,31.375,0,4]
[8,32,0,4]
[1,32,1,4]
[6,32.125,0,4]
[8,32.25,0,4]
[7,32.5,0,4]
[6,32.625,0,4]
[7,32.75,0,4]
[8,33,0,4]
[6,33.125,0,4]
[8,33.25,0,4]
[7,33.5,0,4]
[6,33.625,0,4]
[7,33.75,0,4]
[8,34,0,4]
[6,34.125,0,4]
[8,34.25,0,4]
[7,34.5,0,4]
[6,34.625,0,4]
[7,34.75,0,4]
[8,35,0,4]
[6,35.125,0,4]
[8,35.25,0,4]
[7,35.5,0,4]
[6,35.625,0,4]
[7,35.75,0,2]
[5,36,1,4]
[4,36.375,0,4]
[3,36.375,0,4]
[4,37,0,4]
[3,37,0,4]
[4,37.375,0,4]
[3,37.375,0,4]
[4,38,0,4]
[6,38,0,4]
[6,38.375,0,4]
[4,38.375,0,4]
[8,38.75,0,4]
[4,39,0,2]
[3,39,0,2]
[3,39.375,0,2]
[4,39.375,0,2]
[2,40,0,2]
[7,40,1,4]
[0,40.125,0,2]
[2,40.25,0,2]
[1,40.5,0,4]
[0,40.625,0,4]
[1,40.75,0,1.25]
[2,41,0,4]
[0,41.125,0,4]
[2,41.25,0,4]
[1,41.5,0,4]
[0,41.625,0,4]
[1,41.75,0,4]
[2,42,0,4]
[0,42.125,0,4]
[2,42.25,0,4]
[1,42.5,0,4]
[0,42.625,0,4]
[1,42.75,0,4]
[2,43,0,4]
[0,43.125,0,4]
[2,43.25,0,4]
[1,43.5,0,4]
[0,43.625,0,4]
[1,43.75,0,4]
[3,44,1,4]
[5,44.375,0,4]
[4,44.375,0,4]
[1,45,0,2]
[0,45,0,4]
[1,45.375,0,2]
[0,45.375,0,4]
[7,46,0,2]
[6,46,0,2]
[7,46.375,0,2]
[6,46.375,0,2]
[2,46.75,0,4]
[1,46.75,0,4]
[0,47,0,4]
[8,47.375,0,4]
[7,47.375,0,4]
[1,48,0,4]
[0,48.25,0,1.25]
[0,48.375,0,1.25]
[2,48.625,0,1.25]
[2,48.75,0,1.25]
[6,49.25,0,1.25]
[6,49.375,0,1.25]
[8,49.625,0,1.25]
[8,49.75,0,1.25]
[3,50.25,0,1.25]
[3,50.375,0,1.25]
[5,50.625,0,1.25]
[5,50.75,0,1.25]
[3,51.25,0,1.25]
[3,51.375,0,1.25]
[5,51.625,0,1.25]
[5,51.75,0,1.25]
[3,52.25,0,1.25]
[3,52.375,0,1.25]
[5,52.625,0,1.25]
[5,52.75,0,1.25]
[3,53.25,0,1.25]
[3,53.375,0,1.25]
[5,53.625,0,1.25]
[5,53.75,0,1.25]
[3,54.25,0,1.25]
[3,54.375,0,1.25]
[5,54.625,0,1.25]
[5,54.75,0,1.25]
[2,55,0,1.375]
[2,55.125,0,1.375]
[3,55.25,0,1.25]
[3,55.375,0,1.25]
[5,55.625,0,1.25]
[5,55.75,0,1.25]
[1,56,1,1.75]
[3,56.25,0,1.25]
[3,56.375,0,1.25]
[5,56.625,0,1.25]
[5,56.75,0,1.25]
[3,57.25,0,1.25]
[3,57.375,0,1.25]
[5,57.625,0,1.25]
[5,57.75,0,1.25]
[2,57.75,1,1]
[3,58.25,0,1.25]
[3,58.375,0,1.25]
[5,58.625,0,1.25]
[5,58.75,0,1.25]
[1,58.75,0,1.375]
[6,59.25,0,1.375]
[6,59.375,0,1.375]
[8,59.625,0,1.375]
[8,59.75,0,1.375]
[1,60.125,0,1.375]
[2,60.1875,0,1.375]
[4,60.25,0,1.375]
[3,60.3125,0,1.375]
[1,60.375,0,1.375]
[2,60.4375,0,1.375]
[4,60.5,0,1.375]
[3,60.5625,0,1.375]
[8,60.75,1,0.625]
[2,61.375,1,0.375]
[6,61.375,1,0.375]
[7,61.75,1,0.375]
[1,61.75,1,0.375]
[5,62.125,1,0.625]
[3,62.125,1,0.625]
[4,62.75,0,0.625]
[4,63.5,0,0.625]
[4,64,0,0.625]
[5,64.25,0,0.5]
[7,64.5,0,1]
[6,64.5,0,1]
[8,64.875,0,1]
[7,64.875,0,1]
[1,65.25,0,1]
[2,65.375,0,1]
[4,65.5,0,1]
[3,65.625,0,1]
[1,65.75,0,1]
[3,66,1,2]
[1,66.375,0,2]
[2,66.375,0,2]
[5,66.75,0,2]
[4,66.75,0,2]
[5,67,0,1]
[4,67,0,1]
[8,67.375,0,2]
[7,67.375,0,2]
[7,68,0,1]
[5,68.25,1,0.25]
[1,68.5,0,2]
[0,68.75,1,2]
[4,69,0,2]
[3,69,0,2]
[4,69.375,0,2]
[3,69.375,0,2]
[2,70,0,2]
[1,70,0,2]
[2,70.375,0,2]
[1,70.375,0,2]
[1,70.75,0,2]
[2,70.8125,0,2]
[4,70.875,0,2]
[3,70.9375,0,2]
[7,71,0,2]
[7,71.125,0,2]
[4,71.375,0,2]
[4,71.5,0,2]
[1,71.75,0,2]
[1,71.875,0,2]
[5,72,0,2]
[4,72,0,2]
[2,72.25,1,0.375]
[6,72.25,1,0.375]
[1,72.625,1,0.375]
[7,72.625,1,0.375]
[0,73,1,0.375]
[8,73,1,0.375]
[3,73.375,1,0.375]
[5,73.375,1,0.375]
[4,73.75,1,2.25]
[7,74,0,2]
[6,74,0,2]
[7,74.375,0,2]
[6,74.375,0,2]
[5,74.75,0,2]
[1,75,0,2]
[0,75,0,2]
[1,75.375,0,2]
[0,75.375,0,2]
[0,76,1,4]
[2,76.375,0,2]
[1,76.375,0,2]
[8,77,0,2]
[4,77,0,2]
[8,77.375,0,2]
[4,77.375,0,2]
[5,78,0,2]
[4,78,0,2]
[5,78.375,0,2]
[4,78.375,0,2]
[6,78.75,0,2]
[8,79,0,2]
[7,79,0,2]
[8,79.375,0,2]
[7,79.375,0,2]
[3,80,1,0.25]
[5,80.25,1,0.125]
[2,80.375,1,0.375]
[6,80.625,1,0.375]
[1,81,1,0.375]
[8,81.375,1,0.375]
[3,81.75,0,0.375]
[5,82,0,0.375]
[4,82,0,0.375]
[5,82.375,0,0.375]
[4,82.375,0,0.375]
[0,82.75,0,0.5]
[4,83,0,0.5]
[8,83.25,0,0.5]
[7,83.25,0,0.5]
[2,83.375,0,0.5]
[8,83.5,0,0.5]
[7,83.5,0,0.5]
[1,83.75,1,0.25]
[5,84,1,0.25]
[0,84.25,1,0.375]
[8,84.25,1,0.375]
[1,84.625,1,0.375]
[7,84.625,1,0.375]
[6,85,1,0.375]
[2,85,1,0.375]
[5,85.375,1,0.375]
[3,85.375,1,0.375]
[4,85.75,1,2]
[8,86,0,0.375]
[7,86,0,0.375]
[8,86.375,0,0.375]
[7,86.375,0,0.375]
[3,86.75,0,0.375]
[2,87,0,2]
[1,87,0,2]
[2,87.375,0,2]
[1,87.375,0,2]
[5,87.75,0,2]
[2,88,0,2]
[6,88,0,2]
[1,88.25,0,0.5]
[7,88.25,0,0.5]
[0,88.375,1,0.25]
[8,88.375,1,0.25]
[4,88.625,1,0.375]
[5,89,1,0.375]
[3,89,1,0.375]
[1,89.375,1,0.375]
[7,89.375,1,0.375]
[0,89.75,0,0.375]
[8,89.75,0,0.375]
[4,90,0,0.375]
[3,90,0,0.375]
[4,90.375,0,0.375]
[3,90.375,0,0.375]
[1,90.75,0,0.5]
[7,91,0,0.375]
[6,91,0,0.375]
[0,91.25,0,0.5]
[7,91.375,0,0.375]
[6,91.375,0,0.375]
[0,91.5,0,0.5]
[2,91.75,0,0.5]
[4,92,0,0.5]
[3,92,0,0.5]
[8,92.25,1,0.375]
[0,92.25,1,0.375]
[1,92.625,1,0.375]
[7,92.625,1,0.375]
[6,93,1,0.375]
[2,93,1,0.375]
[5,93.375,1,0.375]
[3,93.375,1,0.375]
[4,93.75,0,0.375]
[4,94,0,0.375]
[4,94.375,0,0.375]
[4,94.75,0,0.375]
[4,95,0,0.375]
[4,95.375,0,0.375]
[5,96,1,4]
[3,96,1,5.25]
[4,100,1,0.375]
[2,100.375,1,0.375]
[1,100.75,1,3.25]
[4,101.25,0,5.25]
[4,101.375,0,5.25]
[5,101.625,0,5.25]
[5,101.75,1,5]
[2,104,0,3.25]
[3,104.25,1,0.25]
[7,104.5,1,3.5]
[0,106.75,1,0.5]
[1,107.25,0,0.5]
[2,107.5,0,0.5]
[4,107.75,1,2.25]
[8,108,1,2.75]
[3,110,1,1.5]
[7,110.75,0,2.75]
[4,111.5,0,1.5]
[2,112,1,3.5]
[4,112.5,0,4.25]
[3,112.5,0,4.25]
[8,112.875,0,4.25]
[6,113.125,0,4.25]
[7,113.125,0,4.25]
[7,113.5,0,4.25]
[6,113.5,0,4.25]
[5,114,0,4.25]
[4,114.5,0,4.25]
[3,114.5,0,4.25]
[8,114.875,0,4.25]
[8,115.125,0,4.25]
[0,115.5,0,3.5]
[4,115.75,1,3.75]
[0,116.5,0,4.25]
[1,116.5,0,4.25]
[5,116.875,0,4.25]
[3,117.125,0,4.25]
[1,117.5,0,4.25]
[2,117.5,0,4.25]
[3,118,0,4.25]
[7,118.5,0,4.25]
[8,118.5,0,4.25]
[0,118.875,0,4.25]
[2,119.125,0,4.25]
[5,119.5,0,3.75]
[3,119.75,1,3.75]
[5,120,0,4.25]
[4,120,0,4.25]
[6,120.375,0,4.25]
[8,120.5,0,4.25]
[7,120.5,0,4.25]
[8,120.875,0,4.25]
[7,120.875,0,4.25]
[0,121.25,0,4.25]
[2,121.5,0,4.25]
[1,121.5,0,4.25]
[5,122,0,4.25]
[4,122,0,4.25]
[6,122.375,0,4.25]
[8,122.5,0,4.25]
[7,122.5,0,4.25]
[0,122.875,0,4.25]
[4,123.5,0,3.75]
[6,123.75,1,3.75]
[5,124,0,4.25]
[4,124,0,4.25]
[0,124.375,0,4.25]
[2,124.5,0,4.25]
[1,124.5,0,4.25]
[2,124.875,0,4.25]
[1,124.875,0,4.25]
[3,125.25,0,4.25]
[4,125.25,0,4.25]
[4,125.375,0,4.25]
[3,125.375,0,4.25]
[8,125.625,0,4.25]
[7,125.625,0,4.25]
[8,125.75,0,4.25]
[7,125.75,0,4.25]
[5,126,0,4.25]
[0,126.25,0,4.25]
[1,126.375,0,4.25]
[5,126.5,0,4.25]
[4,126.625,0,4.25]
[3,126.75,0,4.25]
[7,126.875,0,4.25]
[8,127,0,4.25]
[7,127.5,0,3.75]
[8,127.75,1,2.75]
[4,128,0,4.25]
[3,128,0,4.25]
[0,128.375,0,4.25]
[2,128.5,0,4.25]
[1,128.5,0,4.25]
[2,128.875,0,4.25]
[1,128.875,0,4.25]
[0,129.25,0,4.25]
[5,129.5,0,4.25]
[4,129.5,0,4.25]
[6,130,0,4.25]
[4,130.5,0,2.75]
[5,130.75,1,0.5]
[3,131.25,1,0.5]
[1,131.75,1,0.5]
[2,132.25,1,3.5]
[4,132.5,0,4.25]
[3,132.5,0,4.25]
[4,132.875,0,4.25]
[3,132.875,0,4.25]
[8,133.25,0,4.25]
[7,133.5,0,4.25]
[6,133.5,0,4.25]
[5,134,0,4.25]
[1,134,0,4.25]
[0,134.375,0,4.25]
[5,134.5,0,4.25]
[4,134.5,0,4.25]
[5,134.875,0,4.25]
[4,134.875,0,4.25]
[6,135.125,0,4.25]
[8,135.5,0,4.25]
[7,135.5,0,4.25]
[0,135.75,1,3]
[3,136,0,4.25]
[3,136.375,0,4.25]
[4,136.5,0,4.25]
[8,136.5,0,4.25]
[4,136.875,0,4.25]
[8,136.875,0,4.25]
[6,137.125,0,4.25]
[8,137.5,0,4.25]
[7,137.5,0,4.25]
[3,138,0,4.25]
[4,138.75,0,3]
[5,139,0,3]
[7,139.25,0,3]
[6,139.5,0,3]
[8,139.75,1,4.25]
[0,140,0,4.25]
[0,140.375,0,4.25]
[5,140.5,0,4.25]
[1,140.5,0,4.25]
[5,140.875,0,4.25]
[1,140.875,0,4.25]
[3,141.25,0,4.25]
[5,141.5,0,4.25]
[4,141.5,0,4.25]
[6,142,0,4.25]
[6,142.375,0,4.25]
[4,142.5,0,4.25]
[5,142.5,0,4.25]
[5,142.875,0,4.25]
[4,142.875,0,4.25]
[0,143.25,0,4.25]
[1,143.375,0,4.25]
[2,143.5,0,4.25]
[3,143.75,0,4.25]
[7,144,0,4.25]
[4,148.25,0,4.25]
[4,148.625,0,4.25]
[1,149.25,0,4.25]
[1,149.375,0,4.25]
[1,149.625,0,4.25]
[1,149.75,0,4.25]
[4,150.25,0,4.25]
[4,150.625,0,4.25]
[1,151.25,0,4.25]
[1,151.75,0,0.5]
[2,151.8125,0,0.5]
[4,151.875,0,0.5]
[3,151.9375,0,0.5]
[8,152.25,0,4.25]
[7,152.25,0,4.25]
[4,152.5,0,4.25]
[3,152.5,0,4.25]
[2,152.75,0,4.25]
[1,152.75,0,4.25]
[3,153,1,0.375]
[0,153.375,1,0.375]
[7,153.75,1,0.25]
[4,154,0,0.5]
[2,154.25,1,0.25]
[1,154.25,1,0.25]
[7,154.5,1,0.25]
[6,154.5,1,0.25]
[5,154.75,1,0.25]
[4,154.75,1,0.25]
[0,155,0,0.5]
[7,155.5,0,0.5]
[8,155.625,0,0.5]
[4,155.75,0,0.5]
[3,155.875,0,0.5]
[1,156,0,0.5]
[2,156.125,0,0.5]
[1,156.25,0,0.5]
[0,156.375,0,0.5]
[6,156.75,0,0.5]
[7,156.875,0,0.5]
[8,157,0,0.5]
[4,157.125,0,0.5]
[3,157.25,0,0.5]
[0,157.625,0,0.25]
[0,157.75,1,0.25]
[5,158,0,0.25]
[5,158.125,1,0.25]
[3,158.375,0,0.25]
[3,158.5,1,0.25]
[8,158.75,0,0.25]
[7,158.875,0,0.25]
[6,159,0,0.25]
[0,159.125,0,0.25]
[1,159.25,0,0.25]
[2,159.375,0,0.25]
[5,159.5,0,0.25]
[4,159.625,0,0.25]
[3,159.75,0,0.25]
[1,160,0,0.25]
[2,160.0625,0,0.25]
[4,160.125,0,0.25]
[3,160.1875,0,0.25]
[1,160.25,0,0.25]
[2,160.3125,0,0.25]
[4,160.375,0,0.25]
[3,160.4375,0,0.25]
[1,160.5,0,0.25]
[2,160.5625,0,0.25]
[0,160.75,0,0.25]
[5,161,0,0.25]
[4,161.25,0,0.25]
[3,161.375,0,0.25]
[7,161.625,0,0.25]
[8,161.75,0,0.25]
[4,161.875,0,0.5]
[3,162,0,0.5]
[0,162.125,1,0.25]
[2,162.375,1,0.25]
[3,162.625,1,0.25]
[4,162.875,1,0.25]
[8,163.125,1,0.25]
[7,163.375,1,0.25]
[3,163.5,0,0.25]
[5,163.625,0,0.25]
[2,163.75,0,0.25]
[3,163.875,0,0.25]
[0,164,0,0.25]
[2,164.5,1,1]
[1,164.625,0,1]
[1,164.75,0,1]
[1,164.875,0,1]
[1,165,0,1]
[1,165.125,0,1]
[1,165.25,0,1]
[0,165.5,1,1]
[1,165.625,0,1]
[1,165.75,0,1]
[1,165.875,0,1]
[1,166,0,1]
[1,166.125,0,1]
[1,166.25,0,1]
[5,166.5,1,1]
[3,166.625,0,1]
[3,166.75,0,1]
[3,166.875,0,1]
[3,167,0,1]
[3,167.125,0,1]
[3,167.25,0,1]
[6,167.5,1,0.5]
[8,167.625,0,1]
[8,167.75,0,1]
[8,167.875,0,1]
[8,168,0,1]
[8,168.125,0,1]
[0,168.25,1,2.5]
[2,168.5,0,0.25]
[1,168.625,0,0.25]
[5,168.875,0,0.25]
[4,169,0,0.25]
[8,169.25,0,0.25]
[7,169.375,0,0.25]
[6,169.5,0,0.25]
[2,169.875,0,0.25]
[1,170,0,0.25]
[5,170.25,0,0.25]
[4,170.375,0,0.25]
[2,170.75,1,0.5]
[1,171.25,1,0.25]
[5,171.5,1,0.25]
[3,171.75,1,0.25]
[4,172,1,0.25]
[8,172.25,0,0.25]
[7,172.375,1,3.625]
[3,172.625,0,0.25]
[4,172.75,0,0.25]
[5,172.875,0,0.25]
[0,173.25,0,0.25]
[4,173.375,0,0.25]
[1,173.75,0,0.25]
[2,173.875,0,0.25]
[4,174,0,0.25]
[3,174.25,0,0.25]
[4,174.375,0,0.25]
[1,174.625,0,0.25]
[0,175,0,0.25]
[1,175.125,0,0.25]
[5,175.5,0,0.25]
[0,175.625,0,0.25]
[1,175.75,0,0.25]
[5,176,0,3.625]
[0,176.25,0,0.25]
[1,176.375,1,2.375]
[5,176.625,0,0.25]
[4,176.75,0,0.25]
[3,176.875,0,0.25]
[8,177.125,0,0.25]
[7,177.25,0,0.25]
[6,177.375,0,0.25]
[6,177.75,0,0.25]
[4,178,0,0.25]
[4,178.125,0,0.25]
[5,178.375,0,0.25]
[5,178.5,0,0.25]
[2,178.75,1,0.5]
[3,179.25,0,0.5]
[4,179.5,0,0.5]
[5,179.75,0,0.5]
[6,180,0,0.5]
[8,180.25,0,0.25]
[7,180.375,1,3.625]
[3,180.5,1,0.25]
[4,180.75,1,0.25]
[5,181,0,0.25]
[0,181.25,0,0.25]
[1,181.5,0,0.25]
[4,181.875,0,0.25]
[5,182,0,0.25]
[0,182.25,0,0.25]
[1,182.375,0,0.25]
[2,182.5,0,0.25]
[4,183.125,1,0.25]
[5,183.375,1,0.25]
[4,183.625,0,0.25]
[4,183.75,0,0.25]
[4,183.875,0,0.25]
[4,184,1,2.75]
[2,186.75,1,0.5]
[1,187.25,0,0.5]
[7,187.5,0,0.5]
[8,187.75,0,0.5]
[1,188,0,0.5]
[1,188.25,0,0.5]
[0,188.375,1,3.625]
[4,192,1,2.75]
[2,194.75,1,0.75]
[0,195.5,1,0.5]
[4,196,1,3.5]
[5,199.5,0,3.5]
[0,200,0,3.5]