[6,0,0,0.31578947368421056]
[7,0.31578947368421056,0,0.31578947368421056]
[8,0.6315789473684211,0,0.31578947368421056]
[5,0.9473684210526316,0,0.31578947368421056]
[4,1.2631578947368423,0,0.31578947368421056]
[3,1.5789473684210527,0,0.31578947368421056]
[2,1.736842105263158,0,0.31578947368421056]
[1,1.8947368421052633,0,0.31578947368421056]
[0,2.0526315789473686,0,0.31578947368421056]
[5,2.210526315789474,1,0.31578947368421056]
[6,2.8421052631578947,0,0.31578947368421056]
[7,3.1578947368421053,0,0.31578947368421056]
[8,3.473684210526316,0,0.31578947368421056]
[5,3.7894736842105265,0,0.31578947368421056]
[4,4.105263157894737,0,0.31578947368421056]
[3,4.421052631578948,0,0.31578947368421056]
[2,4.657894736842105,0,0.31578947368421056]
[1,4.736842105263158,0,0.31578947368421056]
[6,4.894736842105264,0,0.31578947368421056]
[8,5.052631578947369,0,0.31578947368421056]
[7,5.368421052631579,0,0.31578947368421056]
[6,5.684210526315789,0,0.31578947368421056]
[3,6,0,0.31578947368421056]
[4,6.315789473684211,0,0.31578947368421056]
[5,6.631578947368421,0,0.31578947368421056]
[2,6.947368421052632,0,0.31578947368421056]
[1,7.2631578947368425,1,0.31578947368421056]
[0,7.578947368421053,0,0.31578947368421056]
[8,7.894736842105264,0,0.31578947368421056]
[7,8.210526315789474,0,0.31578947368421056]
[6,8.526315789473685,0,0.31578947368421056]
[3,8.842105263157896,0,0.31578947368421056]
[4,9.157894736842106,0,0.31578947368421056]
[5,9.473684210526317,0,0.31578947368421056]
[0,9.789473684210526,0,0.31578947368421056]
[1,9.894736842105264,0,0.31578947368421056]
[2,10,0,0.31578947368421056]
[4,10.105263157894738,0,0.31578947368421056]
[3,10.105263157894738,0,0.31578947368421056]
[8,11.368421052631579,1,0.4736842105263158]
[4,11.842105263157896,1,0.4736842105263158]
[2,12.31578947368421,1,0.4736842105263158]
[1,12.789473684210527,0,0.4736842105263158]
[0,12.947368421052632,0,0.4736842105263158]
[5,13.263157894736842,0,0.4736842105263158]
[4,13.421052631578949,0,0.4736842105263158]
[6,13.578947368421053,0,0.4736842105263158]
[7,13.73684210526316,0,0.4736842105263158]
[8,13.894736842105264,1,0.4736842105263158]
[3,14.368421052631579,1,0.4736842105263158]
[2,14.842105263157896,1,0.4736842105263158]
[1,15.31578947368421,0,0.4736842105263158]
[0,15.473684210526317,0,0.4736842105263158]
[5,15.789473684210527,0,0.4736842105263158]
[6,15.947368421052632,0,0.4736842105263158]
[7,16.026315789473685,0,0.4736842105263158]
[8,16.105263157894736,0,0.4736842105263158]
[3,16.263157894736842,0,0.4736842105263158]
[4,16.42105263157895,1,0.4736842105263158]
[2,16.894736842105264,1,0.4736842105263158]
[0,17.36842105263158,1,0.4736842105263158]
[1,17.842105263157894,0,0.4736842105263158]
[2,18,0,0.4736842105263158]
[3,18.315789473684212,0,0.4736842105263158]
[4,18.473684210526315,0,0.4736842105263158]
[8,18.63157894736842,0,0.4736842105263158]
[7,18.789473684210527,0,0.4736842105263158]
[0,18.947368421052634,1,0.4736842105263158]
[5,19.42105263157895,1,0.4736842105263158]
[6,19.894736842105264,1,0.31578947368421056]
[7,20.210526315789476,0,0.31578947368421056]
[5,20.42105263157895,0,0.31578947368421056]
[4,20.63157894736842,0,0.31578947368421056]
[3,20.842105263157894,0,0.31578947368421056]
[1,21.157894736842106,0,0.31578947368421056]
[2,21.157894736842106,0,0.31578947368421056]
[6,21.473684210526315,0,0.31578947368421056]
[3,21.473684210526315,0,0.31578947368421056]
[4,21.789473684210527,0,0.31578947368421056]
[5,21.789473684210527,0,0.31578947368421056]
[8,22.105263157894736,0,0.31578947368421056]
[7,22.263157894736842,0,0.31578947368421056]
[1,22.42105263157895,0,0.31578947368421056]
[0,22.42105263157895,0,0.31578947368421056]
[5,22.736842105263158,0,0.31578947368421056]
[7,23.05263157894737,0,0.31578947368421056]
[6,23.05263157894737,0,0.31578947368421056]
[2,23.36842105263158,0,0.31578947368421056]
[1,23.526315789473685,0,0.31578947368421056]
[3,23.68421052631579,0,0.31578947368421056]
[4,23.842105263157897,0,0.31578947368421056]
[8,24,0,0.31578947368421056]
[1,24.315789473684212,0,0.31578947368421056]
[0,24.315789473684212,0,0.31578947368421056]
[5,24.63157894736842,0,0.31578947368421056]
[4,24.789473684210527,0,0.31578947368421056]
[7,24.947368421052634,0,0.31578947368421056]
[6,24.947368421052634,0,0.31578947368421056]
[2,25.263157894736842,0,0.31578947368421056]
[0,25.578947368421055,0,0.31578947368421056]
[1,25.578947368421055,0,0.31578947368421056]
[5,25.736842105263158,0,0.31578947368421056]
[4,25.894736842105264,0,0.31578947368421056]
[6,26.05263157894737,0,0.31578947368421056]
[7,26.210526315789476,0,0.31578947368421056]
[2,26.526315789473685,0,0.31578947368421056]
[5,26.526315789473685,0,0.31578947368421056]
[7,26.842105263157897,0,0.31578947368421056]
[6,26.842105263157897,0,0.31578947368421056]
[2,27.157894736842106,0,0.31578947368421056]
[1,27.315789473684212,0,0.31578947368421056]
[4,27.47368421052632,0,0.31578947368421056]
[3,27.47368421052632,0,0.31578947368421056]
[8,27.789473684210527,0,0.31578947368421056]
[1,28.10526315789474,0,0.31578947368421056]
[0,28.10526315789474,0,0.31578947368421056]
[5,28.42105263157895,0,0.31578947368421056]
[3,28.578947368421055,0,0.31578947368421056]
[8,28.736842105263158,0,0.31578947368421056]
[6,28.894736842105264,0,0.31578947368421056]
[2,29.05263157894737,0,0.31578947368421056]
[1,29.210526315789476,0,0.31578947368421056]
[3,29.36842105263158,0,0.31578947368421056]
[4,29.526315789473685,0,0.31578947368421056]
[8,29.68421052631579,0,0.31578947368421056]
[7,29.842105263157897,0,0.31578947368421056]
[6,30,1,0.31578947368421056]
[5,30.315789473684212,0,0.31578947368421056]
[0,30.63157894736842,0,0.31578947368421056]
[1,30.63157894736842,0,0.31578947368421056]
[5,30.947368421052634,0,0.31578947368421056]
[3,30.947368421052634,0,0.31578947368421056]
[7,31.263157894736842,0,0.31578947368421056]
[8,31.263157894736842,0,0.31578947368421056]
[0,31.578947368421055,0,0.31578947368421056]
[3,31.578947368421055,0,0.31578947368421056]
[2,32,0,0.31578947368421056]
[5,32.21052631578947,1,0.4210515789473684]
[4,32.63157894736842,0,0.4210515789473684]
[7,32.8421052631579,1,0.4210515789473684]
[0,33.26315789473684,0,0.4210515789473684]
[3,33.473684210526315,1,0.4736842105263158]
[8,33.94736842105263,0,0.4736842105263158]
[7,34.026315789473685,0,0.4736842105263158]
[6,34.10526315789474,0,0.4736842105263158]
[1,34.42105263157895,0,0.31578947368421056]
[2,34.42105263157895,0,0.31578947368421056]
[0,34.578947368421055,0,0.31578947368421056]
[3,34.73684210526316,1,0.31578947368421056]
[5,35.05263157894737,0,0.31578947368421056]
[4,35.05263157894737,0,0.31578947368421056]
[6,35.36842105263158,0,0.31578947368421056]
[7,35.68421052631579,0,0.31578947368421056]
[8,35.68421052631579,0,0.31578947368421056]
[0,36,1,0.4736842105263158]
[5,36.473684210526315,0,0.4736842105263158]
[4,36.55263157894737,0,0.4736842105263158]
[3,36.631578947368425,0,0.4736842105263158]
[7,36.94736842105263,0,0.4736842105263158]
[8,36.94736842105263,0,0.4736842105263158]
[6,37.10526315789474,0,0.4736842105263158]
[3,37.26315789473684,1,0.31578947368421056]
[4,37.578947368421055,0,0.31578947368421056]
[5,37.578947368421055,0,0.31578947368421056]
[0,37.89473684210527,0,0.31578947368421056]
[1,38.21052631578947,0,0.31578947368421056]
[2,38.21052631578947,0,0.31578947368421056]
[6,38.36842105263158,0,0.31578947368421056]
[5,38.526315789473685,0,0.31578947368421056]
[3,38.8421052631579,0,0.31578947368421056]
[2,38.94736842105263,0,0.31578947368421056]
[1,39.05263157894737,0,0.31578947368421056]
[0,39.1578947368421,0,0.31578947368421056]
[4,39.473684210526315,0,0.4210421052631579]
[5,39.473684210526315,0,0.31578947368421056]
[6,39.578947368421055,0,0.31578947368421056]
[7,39.68421052631579,0,0.31578947368421056]
[8,39.78947368421053,0,0.31578947368421056]
[0,40.10526315789474,0,0.31578947368421056]
[1,40.10526315789474,0,0.31578947368421056]
[8,40.42105263157895,0,0.31578947368421056]
[6,40.578947368421055,0,0.31578947368421056]
[4,40.73684210526316,0,0.4210421052631579]
[5,40.73684210526316,0,0.4210421052631579]
[0,41.05263157894737,0,0.4210421052631579]
[2,41.21052631578947,0,0.4210421052631579]
[3,41.36842105263158,1,0.31578947368421056]
[5,41.684210526315795,0,0.31578947368421056]
[8,41.684210526315795,0,0.31578947368421056]
[0,42.10526315789474,0,0.31578947368421056]
[3,42.31578947368421,1,0.4210515789473684]
[4,42.73684210526316,0,0.4210515789473684]
[7,42.94736842105263,1,0.4210515789473684]
[2,43.36842105263158,0,0.4210515789473684]
[5,43.578947368421055,0,0.31578947368421056]
[3,43.89473684210527,0,0.31578947368421056]
[8,44,0,0.31578947368421056]
[7,44.10526315789474,0,0.4210515789473684]
[6,44.21052631578947,0,0.31578947368421056]
[1,44.526315789473685,0,0.4210515789473684]
[2,44.526315789473685,0,0.31578947368421056]
[3,44.63157894736842,0,0.31578947368421056]
[4,44.73684210526316,0,0.31578947368421056]
[5,44.8421052631579,0,0.31578947368421056]
[7,45.1578947368421,0,0.31578947368421056]
[6,45.1578947368421,0,0.31578947368421056]
[5,45.473684210526315,0,0.31578947368421056]
[1,45.78947368421053,0,0.4210515789473684]
[0,45.78947368421053,0,0.4210515789473684]
[8,46.10526315789474,0,0.4210515789473684]
[7,46.21052631578947,0,0.4210515789473684]
[6,46.31578947368421,0,0.4210515789473684]
[5,46.421052631578945,0,0.4210515789473684]
[4,46.526315789473685,0,0.4210515789473684]
[3,46.63157894736842,0,0.4210515789473684]
[2,46.73684210526316,0,0.4210515789473684]
[0,46.89473684210527,1,0.7894736842105263]
[4,47.684210526315795,0,0.7894736842105263]
[5,47.684210526315795,0,0.7894736842105263]
[6,48,0,0.7894736842105263]
[7,48.31578947368421,0,0.7894736842105263]
[8,48.31578947368421,0,0.7894736842105263]
[3,48.631578947368425,0,0.7894736842105263]
[1,48.94736842105264,0,0.7894736842105263]
[2,48.94736842105264,0,0.7894736842105263]
[6,49.26315789473684,0,0.7894736842105263]
[8,49.42105263157895,0,0.7894736842105263]
[4,49.578947368421055,0,0.7894736842105263]
[3,49.578947368421055,0,0.7894736842105263]
[2,49.89473684210527,0,0.7894736842105263]
[1,50.21052631578947,0,0.7894736842105263]
[0,50.21052631578947,0,0.7894736842105263]
[8,50.526315789473685,0,0.7894736842105263]
[7,50.684210526315795,0,0.7894736842105263]
[3,50.8421052631579,0,0.7894736842105263]
[4,51,0,0.7894736842105263]
[2,51.15789473684211,0,0.7894736842105263]
[0,51.31578947368421,0,0.7894736842105263]
[5,51.473684210526315,0,0.7894736842105263]
[6,51.631578947368425,0,0.7894736842105263]
[7,51.78947368421053,1,0.31578947368421056]
[8,51.78947368421053,1,0.31578947368421056]
[3,52.10526315789474,0,0.31578947368421056]
[1,52.26315789473684,1,0.31578947368421056]
[2,52.26315789473684,1,0.31578947368421056]
[0,52.578947368421055,0,0.31578947368421056]
[5,52.73684210526316,0,0.31578947368421056]
[6,53.05263157894737,0,0.31578947368421056]
[7,53.21052631578948,0,0.31578947368421056]
[2,53.36842105263158,1,0.31578947368421056]
[3,53.684210526315795,1,0.31578947368421056]
[8,54,0,0.31578947368421056]
[7,54.15789473684211,0,0.31578947368421056]
[6,54.31578947368421,1,0.31578947368421056]
[4,54.631578947368425,0,0.31578947368421056]
[0,54.78947368421053,1,0.31578947368421056]
[2,55.10526315789474,0,0.31578947368421056]
[1,55.26315789473684,0,0.31578947368421056]
[8,55.578947368421055,0,0.31578947368421056]
[7,55.73684210526316,0,0.31578947368421056]
[0,55.89473684210527,1,0.31578947368421056]
[2,56.21052631578948,0,0.31578947368421056]
[3,56.36842105263158,0,0.31578947368421056]
[5,56.526315789473685,0,0.31578947368421056]
[6,56.684210526315795,0,0.31578947368421056]
[7,56.8421052631579,1,0.31578947368421056]
[8,56.8421052631579,1,0.31578947368421056]
[3,57.15789473684211,0,0.31578947368421056]
[2,57.31578947368421,1,0.31578947368421056]
[1,57.31578947368421,1,0.31578947368421056]
[0,57.631578947368425,0,0.31578947368421056]
[5,57.78947368421053,0,0.31578947368421056]
[6,58.10526315789474,0,0.31578947368421056]
[7,58.26315789473684,0,0.31578947368421056]
[2,58.42105263157895,1,0.31578947368421056]
[3,58.73684210526316,1,0.31578947368421056]
[8,59.05263157894737,0,0.31578947368421056]
[7,59.21052631578948,0,0.31578947368421056]
[6,59.36842105263158,1,0.31578947368421056]
[4,59.684210526315795,0,0.31578947368421056]
[0,59.8421052631579,1,0.31578947368421056]
[2,60.15789473684211,0,0.31578947368421056]
[1,60.31578947368421,0,0.31578947368421056]
[8,60.631578947368425,0,0.31578947368421056]
[7,60.78947368421053,0,0.31578947368421056]
[0,60.94736842105264,1,0.31578947368421056]
[8,61.26315789473684,0,0.31578947368421056]
[6,61.42105263157895,0,0.31578947368421056]
[5,61.578947368421055,0,0.31578947368421056]
[3,61.73684210526316,0,0.31578947368421056]
[1,61.89473684210527,1,0.31578947368421056]
[2,61.89473684210527,1,0.31578947368421056]
[3,62.21052631578948,0,0.31578947368421056]
[8,62.36842105263158,0,0.31578947368421056]
[7,62.36842105263158,0,0.31578947368421056]
[8,63.78947368421053,0,0.31578947368421056]
[7,63.94736842105264,0,0.31578947368421056]
[0,64.26315789473685,0,0.31578947368421056]
[1,64.42105263157895,1,0.31578947368421056]
[2,64.42105263157895,1,0.31578947368421056]
[3,64.73684210526316,0,0.31578947368421056]
[7,64.89473684210526,0,0.31578947368421056]
[8,64.89473684210526,0,0.31578947368421056]
[0,65.8421052631579,0,0.31578947368421056]
[5,66,0,0.31578947368421056]
[4,66.07894736842105,0,0.31578947368421056]
[3,66.15789473684211,0,0.31578947368421056]
[8,66.31578947368422,0,0.31578947368421056]
[5,66.63157894736842,0,0.31578947368421056]
[4,66.73684210526316,0,0.31578947368421056]
[3,66.84210526315789,0,0.31578947368421056]
[1,66.94736842105263,1,0.31578947368421056]
[2,66.94736842105263,1,0.31578947368421056]
[3,67.26315789473685,0,0.31578947368421056]
[8,67.42105263157895,0,0.31578947368421056]
[7,67.42105263157895,0,0.31578947368421056]
[6,67.57894736842105,0,0.31578947368421056]
[5,67.73684210526316,0,0.31578947368421056]
[0,67.89473684210526,0,0.31578947368421056]
[1,68.05263157894737,0,0.31578947368421056]
[8,68.21052631578948,0,0.31578947368421056]
[7,68.36842105263158,0,0.31578947368421056]
[3,68.52631578947368,0,0.31578947368421056]
[4,68.6842105263158,0,0.31578947368421056]
[2,68.8421052631579,0,0.31578947368421056]
[0,69,0,0.31578947368421056]
[8,69.15789473684211,0,0.31578947368421056]
[6,69.31578947368422,0,0.31578947368421056]
[2,69.47368421052632,1,0.31578947368421056]
[1,69.47368421052632,1,0.31578947368421056]
[3,69.78947368421053,0,0.31578947368421056]
[8,69.94736842105263,0,0.31578947368421056]
[7,69.94736842105263,0,0.31578947368421056]
[6,70.10526315789474,0,0.31578947368421056]
[5,70.26315789473685,0,0.31578947368421056]
[0,70.42105263157895,0,0.31578947368421056]
[1,70.57894736842105,0,0.31578947368421056]
[8,70.73684210526316,0,0.31578947368421056]
[7,70.89473684210526,0,0.31578947368421056]
[3,71.05263157894737,1,0.31578947368421056]
[4,71.36842105263158,1,0.31578947368421056]
[5,71.6842105263158,1,0.31578947368421056]
[0,72,0,0.31578947368421056]
[1,72.21052631578948,0,0.31578947368421056]
[2,72.42105263157895,0,0.31578947368421056]
[3,72.63157894736842,0,0.31578947368421056]
[4,72.84210526315789,0,0.31578947368421056]
[5,73.05263157894737,0,0.31578947368421056]
[6,73.26315789473684,1,0.4736842105263158]
[4,73.73684210526316,1,0.4736842105263158]
[0,74.21052631578948,1,0.6315789473684211]
[2,74.8421052631579,0,0.6315789473684211]
[4,75.15789473684211,0,0.4736842105263158]
[5,75.31578947368422,0,0.4736842105263158]
[6,75.47368421052632,0,0.4736842105263158]
[7,75.63157894736842,0,0.4736842105263158]
[8,75.78947368421053,1,0.4736842105263158]
[4,76.26315789473685,1,0.4736842105263158]
[2,76.73684210526316,1,0.6315789473684211]
[0,77.36842105263159,0,0.6315789473684211]
[4,77.6842105263158,0,0.31578947368421056]
[3,77.8421052631579,0,0.31578947368421056]
[8,78,0,0.6315789473684211]
[7,78.15789473684211,0,0.31578947368421056]
[6,78.31578947368422,1,0.4736842105263158]
[5,78.78947368421053,1,0.4736842105263158]
[0,79.26315789473685,1,0.6315789473684211]
[2,79.89473684210526,0,0.6315789473684211]
[3,80.21052631578948,0,0.4736842105263158]
[4,80.36842105263159,0,0.4736842105263158]
[8,80.52631578947368,0,0.4736842105263158]
[7,80.6842105263158,0,0.4736842105263158]
[0,80.8421052631579,1,0.4736842105263158]
[5,81.31578947368422,1,0.4736842105263158]
[6,81.78947368421053,0,0.4736842105263158]
[1,82.10526315789474,0,0.4736842105263158]
[2,82.10526315789474,0,0.4736842105263158]
[7,82.42105263157895,0,0.4736842105263158]
[8,82.42105263157895,0,0.4736842105263158]
[0,82.73684210526316,0,0.4736842105263158]
[5,82.89473684210526,0,0.4736842105263158]
[3,83.05263157894737,0,0.4736842105263158]
[8,83.21052631578948,0,0.4736842105263158]
[7,83.36842105263159,1,0.31578947368421056]
[6,83.36842105263159,1,0.31578947368421056]
[5,83.6842105263158,0,0.31578947368421056]
[4,83.8421052631579,1,0.31578947368421056]
[3,83.8421052631579,1,0.31578947368421056]
[2,84.15789473684211,0,0.31578947368421056]
[1,84.31578947368422,1,0.31578947368421056]
[0,84.31578947368422,1,0.31578947368421056]
[8,84.63157894736842,0,0.31578947368421056]
[6,84.94736842105263,0,0.31578947368421056]
[4,85.10526315789474,0,0.31578947368421056]
[0,85.26315789473685,0,0.31578947368421056]
[5,85.42105263157895,0,0.31578947368421056]
[3,85.57894736842105,0,0.31578947368421056]
[8,85.73684210526316,0,0.31578947368421056]
[7,85.89473684210526,1,0.31578947368421056]
[6,85.89473684210526,1,0.31578947368421056]
[2,86.21052631578948,0,0.31578947368421056]
[1,86.36842105263159,1,0.31578947368421056]
[0,86.36842105263159,1,0.31578947368421056]
[5,86.6842105263158,0,0.31578947368421056]
[3,86.8421052631579,1,0.31578947368421056]
[6,86.8421052631579,1,0.31578947368421056]
[8,87.15789473684211,0,0.31578947368421056]
[0,87.47368421052632,0,0.31578947368421056]
[1,87.63157894736842,0,0.31578947368421056]
[5,87.78947368421053,0,0.31578947368421056]
[6,87.94736842105263,0,0.31578947368421056]
[8,88.10526315789474,0,0.31578947368421056]
[0,88.26315789473685,0,0.31578947368421056]
[2,88.42105263157895,1,0.31578947368421056]
[5,88.42105263157895,1,0.31578947368421056]
[3,88.73684210526316,0,0.31578947368421056]
[4,88.89473684210527,1,0.31578947368421056]
[7,88.89473684210527,1,0.31578947368421056]
[0,89.21052631578948,0,0.31578947368421056]
[1,89.36842105263159,1,0.31578947368421056]
[2,89.36842105263159,1,0.31578947368421056]
[6,89.6842105263158,0,0.31578947368421056]
[8,90,0,0.31578947368421056]
[6,90.15789473684211,0,0.31578947368421056]
[5,90.31578947368422,0,0.31578947368421056]
[0,90.47368421052632,0,0.31578947368421056]
[2,90.63157894736842,0,0.31578947368421056]
[3,90.78947368421053,0,0.31578947368421056]
[4,90.94736842105263,1,0.31578947368421056]
[5,90.94736842105263,1,0.31578947368421056]
[0,91.26315789473685,0,0.31578947368421056]
[1,91.42105263157895,1,0.31578947368421056]
[2,91.42105263157895,1,0.31578947368421056]
[6,91.73684210526316,0,0.31578947368421056]
[7,91.89473684210527,1,0.31578947368421056]
[8,91.89473684210527,1,0.31578947368421056]
[3,92.21052631578948,0,0.31578947368421056]
[5,92.52631578947368,0,0.31578947368421056]
[6,92.6842105263158,0,0.31578947368421056]
[8,92.8421052631579,0,0.31578947368421056]
[0,93,0,0.31578947368421056]
[2,93.15789473684211,0,0.31578947368421056]
[6,93.31578947368422,0,0.31578947368421056]
[5,93.47368421052632,1,0.31578947368421056]
[8,93.47368421052632,1,0.31578947368421056]
[0,93.78947368421053,0,0.31578947368421056]
[1,93.94736842105263,1,0.31578947368421056]
[4,93.94736842105263,1,0.31578947368421056]
[6,94.26315789473685,0,0.31578947368421056]
[7,94.42105263157895,1,0.31578947368421056]
[8,94.42105263157895,1,0.31578947368421056]
[3,94.73684210526316,0,0.31578947368421056]
[2,95.05263157894737,0,0.31578947368421056]
[1,95.21052631578948,0,0.31578947368421056]
[3,95.36842105263159,0,0.31578947368421056]
[4,95.52631578947368,0,0.31578947368421056]
[5,95.6842105263158,0,0.31578947368421056]
[6,95.8421052631579,0,0.31578947368421056]
[7,96,1,0.31578947368421056]
[8,96,1,0.31578947368421056]
[0,96.31578947368422,0,0.31578947368421056]
[1,96.47368421052632,1,0.31578947368421056]
[2,96.47368421052632,1,0.31578947368421056]
[3,96.78947368421053,0,0.31578947368421056]
[5,96.94736842105263,1,0.31578947368421056]
[8,96.94736842105263,1,0.31578947368421056]
[6,97.26315789473685,0,0.31578947368421056]
[2,97.57894736842105,0,0.31578947368421056]
[1,97.73684210526316,0,0.31578947368421056]
[6,97.89473684210527,0,0.31578947368421056]
[8,98.05263157894737,0,0.31578947368421056]
[0,98.21052631578948,0,0.31578947368421056]
[5,98.36842105263159,0,0.31578947368421056]
[3,98.52631578947368,1,0.31578947368421056]
[6,98.52631578947368,1,0.31578947368421056]
[2,98.8421052631579,0,0.31578947368421056]
[1,99,1,0.31578947368421056]
[4,99,1,0.31578947368421056]
[8,99.31578947368422,0,0.31578947368421056]
[6,99.47368421052632,1,0.31578947368421056]
[7,99.47368421052632,1,0.31578947368421056]
[5,99.78947368421053,0,0.31578947368421056]
[0,100.10526315789474,0,0.31578947368421056]
[8,100.26315789473685,0,0.31578947368421056]
[3,100.42105263157895,0,0.31578947368421056]
[2,100.57894736842105,0,0.31578947368421056]
[6,100.73684210526316,0,0.31578947368421056]
[5,100.89473684210527,0,0.31578947368421056]
[3,101.05263157894737,1,0.31578947368421056]
[4,101.05263157894737,1,0.31578947368421056]
[8,101.36842105263159,0,0.31578947368421056]
[6,101.52631578947368,1,0.31578947368421056]
[7,101.52631578947368,1,0.31578947368421056]
[2,101.8421052631579,0,0.31578947368421056]
[4,102,1,0.31578947368421056]
[0,102,1,0.31578947368421056]
[8,102.31578947368422,0,0.31578947368421056]
[6,102.63157894736842,0,0.31578947368421056]
[7,102.78947368421053,0,0.31578947368421056]
[2,102.94736842105263,0,0.31578947368421056]
[0,103.10526315789474,0,0.31578947368421056]
[5,103.26315789473685,0,0.31578947368421056]
[3,103.42105263157895,0,0.31578947368421056]
[8,103.57894736842105,0,0.31578947368421056]
[7,103.89473684210527,0,0.31578947368421056]
[6,104.21052631578948,0,0.31578947368421056]
[3,104.52631578947368,0,0.31578947368421056]
[4,104.8421052631579,0,0.31578947368421056]
[5,105.15789473684211,0,0.31578947368421056]
[2,105.47368421052632,0,0.31578947368421056]
[1,105.78947368421053,1,0.31578947368421056]
[6,106.42105263157896,0,0.31578947368421056]
[7,106.73684210526316,0,0.31578947368421056]
[8,107.05263157894737,0,0.31578947368421056]
[5,107.36842105263159,0,0.31578947368421056]
[4,107.6842105263158,0,0.31578947368421056]
[3,108,0,0.31578947368421056]
[2,108.23684210526316,0,0.31578947368421056]
[1,108.31578947368422,0,0.31578947368421056]
[6,108.47368421052632,0,0.31578947368421056]
[7,108.63157894736842,0,0.31578947368421056]
[8,108.63157894736842,0,0.31578947368421056]
[3,108.94736842105263,0,0.31578947368421056]
[5,109.26315789473685,0,0.31578947368421056]
[0,109.57894736842105,0,0.31578947368421056]
[1,109.73684210526316,0,0.31578947368421056]
[2,109.89473684210527,0,0.31578947368421056]
[6,110.21052631578948,0,0.31578947368421056]
[5,110.36842105263159,0,0.31578947368421056]
[4,110.52631578947368,0,0.31578947368421056]
[3,110.6842105263158,0,0.31578947368421056]
[8,110.8421052631579,1,0.31578947368421056]
[7,111.15789473684211,0,0.31578947368421056]
[0,111.47368421052632,0,0.31578947368421056]
[1,111.63157894736842,0,0.31578947368421056]
[2,111.78947368421053,0,0.31578947368421056]
[3,112.10526315789474,0,0.31578947368421056]
[5,112.42105263157896,0,0.31578947368421056]
[6,112.73684210526316,0,0.31578947368421056]
[7,112.89473684210527,0,0.31578947368421056]
[5,113.05263157894737,0,0.31578947368421056]
[4,113.21052631578948,0,0.31578947368421056]
[0,113.36842105263159,0,0.31578947368421056]
[1,113.52631578947368,0,0.31578947368421056]