[6,0,0,0.31578947368421056]
[5,1.2631578947368423,0,0.31578947368421056]
[3,2.210526315789474,1,0.6315789473684211]
[8,3.7894736842105265,0,0.6315789473684211]
[3,5.052631578947369,0,0.6315789473684211]
[5,6.315789473684211,0,0.6315789473684211]
[0,7.2631578947368425,1,0.6315789473684211]
[2,8.842105263157896,0,0.6315789473684211]
[4,10.105263157894738,1,1.2631578947368423]
[3,11.368421052631579,0,1.2631578947368423]
[0,12.31578947368421,0,1.2631578947368423]
[7,13.894736842105264,0,1.2631578947368423]
[4,14.842105263157896,0,1.2631578947368423]
[2,16.42105263157895,0,1.2631578947368423]
[5,17.36842105263158,0,1.2631578947368423]
[3,18.947368421052634,0,1.2631578947368423]
[4,19.894736842105264,0,1.2631578947368423]
[5,20.842105263157897,0,1.2631578947368423]
[6,21.473684210526315,0,1.2631578947368423]
[7,21.473684210526315,0,1.2631578947368423]
[4,22.736842105263158,0,1.2631578947368423]
[8,24,0,1.2631578947368423]
[0,25.263157894736842,0,1.2631578947368423]
[1,25.894736842105264,0,1.2631578947368423]
[2,26.526315789473685,0,1.2631578947368423]
[4,27.789473684210527,0,1.2631578947368423]
[6,29.05263157894737,0,1.2631578947368423]
[5,30.315789473684212,0,1.2631578947368423]
[4,30.947368421052634,0,1.2631578947368423]
[3,31.578947368421055,1,0.6315789473684211]
[5,32.8421052631579,1,0.6315789473684211]
[1,34.10526315789474,1,0.6315789473684211]
[8,35.36842105263158,0,0.6315789473684211]
[7,36,0,0.6315789473684211]
[6,36.631578947368425,1,0.6315789473684211]
[8,37.89473684210527,1,0.6315789473684211]
[0,39.15789473684211,1,0.6315789473684211]
[5,40.42105263157895,0,0.6315789473684211]
[4,41.05263157894737,0,0.6315789473684211]
[3,41.684210526315795,1,0.6315789473684211]
[2,42.94736842105263,1,0.6315789473684211]
[7,44.21052631578947,1,0.6315789473684211]
[5,45.473684210526315,0,0.6315789473684211]
[1,46.10526315789474,0,0.6315789473684211]
[3,46.73684210526316,0,0.6315789473684211]
[4,47.05263157894737,1,0.6315789473684211]
[5,48.631578947368425,0,0.6315789473684211]
[6,49.26315789473684,1,0.6315789473684211]
[2,50.526315789473685,1,0.6315789473684211]
[6,51.78947368421053,0,0.6315789473684211]
[7,52.26315789473684,0,0.6315789473684211]
[4,53.684210526315795,0,0.6315789473684211]
[2,54.31578947368421,0,0.6315789473684211]
[1,54.78947368421053,0,0.6315789473684211]
[4,56.21052631578948,0,0.6315789473684211]
[8,56.8421052631579,0,0.6315789473684211]
[5,57.31578947368421,0,0.6315789473684211]
[4,58.73684210526316,0,0.6315789473684211]
[0,59.36842105263158,0,0.6315789473684211]
[3,59.8421052631579,0,0.6315789473684211]
[4,61.26315789473684,0,0.6315789473684211]
[8,61.89473684210527,0,0.6315789473684211]
[7,62.36842105263158,0,0.6315789473684211]
[0,64.42105263157895,0,0.6315789473684211]
[1,64.89473684210526,0,0.6315789473684211]
[5,66.94736842105263,0,0.6315789473684211]
[4,67.42105263157895,0,0.6315789473684211]
[6,67.89473684210526,0,0.6315789473684211]
[7,68.36842105263158,0,0.6315789473684211]
[8,68.8421052631579,0,0.6315789473684211]
[0,69.47368421052632,0,0.6315789473684211]
[1,69.94736842105263,0,0.6315789473684211]
[5,70.42105263157895,0,0.6315789473684211]
[4,70.89473684210526,0,0.6315789473684211]
[3,71.36842105263158,0,0.6315789473684211]
[5,72,1,1.2631578947368423]
[4,73.26315789473685,0,1.2631578947368423]
[1,74.21052631578948,0,1.2631578947368423]
[6,75.78947368421053,0,1.2631578947368423]
[3,76.73684210526316,0,1.2631578947368423]
[2,78.31578947368422,0,1.2631578947368423]
[5,79.26315789473685,0,1.2631578947368423]
[3,80.8421052631579,0,1.2631578947368423]
[4,81.78947368421053,0,1.2631578947368423]
[8,82.73684210526316,0,1.2631578947368423]
[6,83.36842105263159,0,1.2631578947368423]
[3,83.8421052631579,0,1.2631578947368423]
[0,84.31578947368422,0,1.2631578947368423]
[5,85.26315789473685,0,1.2631578947368423]
[7,85.89473684210526,0,1.2631578947368423]
[4,86.36842105263159,0,1.2631578947368423]
[1,86.8421052631579,0,1.2631578947368423]
[3,87.78947368421053,0,1.2631578947368423]
[8,88.42105263157895,0,1.2631578947368423]
[5,88.89473684210527,0,1.2631578947368423]
[2,89.36842105263159,0,1.2631578947368423]
[4,90.31578947368422,0,1.2631578947368423]
[0,90.94736842105263,0,1.2631578947368423]
[3,91.42105263157895,0,1.2631578947368423]
[6,91.89473684210527,0,1.2631578947368423]
[8,92.8421052631579,1,0.6315789473684211]
[7,93.47368421052632,0,0.6315789473684211]
[4,93.94736842105263,0,0.6315789473684211]
[1,94.42105263157895,0,0.6315789473684211]
[5,95.36842105263159,0,0.6315789473684211]
[6,96,0,0.6315789473684211]
[3,96.47368421052632,0,0.6315789473684211]
[0,96.94736842105263,0,0.6315789473684211]
[4,97.89473684210527,0,0.6315789473684211]
[8,98.52631578947368,0,0.6315789473684211]
[5,99,0,0.6315789473684211]
[2,99.47368421052632,0,0.6315789473684211]
[3,100.42105263157895,0,0.6315789473684211]
[7,101.05263157894737,0,0.6315789473684211]
[5,101.52631578947368,0,0.6315789473684211]
[1,102,0,0.6315789473684211]
[3,102.94736842105263,1,0.6315789473684211]
[4,103.57894736842105,0,0.6315789473684211]
[8,104.8421052631579,0,0.6315789473684211]
[0,105.78947368421053,1,0.6315789473684211]
[5,107.36842105263159,0,0.6315789473684211]
[6,108.63157894736842,0,0.6315789473684211]
[7,109.26315789473685,0,0.6315789473684211]
[8,109.89473684210527,0,0.6315789473684211]
[3,110.8421052631579,1,0.6315789473684211]
[5,112.42105263157896,0,0.6315789473684211]
[4,113.05263157894737,0,0.6315789473684211]
