[6,0,0,0.25862068965517243]
[6,0.25862068965517243,0,0.25862068965517243]
[5,0.3879310344827586,0,0.25862068965517243]
[5,0.646551724137931,0,0.25862068965517243]
[0,0.7758620689655172,0,0.25862068965517243]
[8,1.0344827586206897,0,0.25862068965517243]
[7,1.1637931034482758,0,0.25862068965517243]
[0,1.293103448275862,0,0.25862068965517243]
[2,1.4224137931034482,0,0.25862068965517243]
[0,1.5517241379310345,0,0.25862068965517243]
[5,1.8103448275862069,0,0.25862068965517243]
[3,1.9396551724137931,0,0.25862068965517243]
[6,2.0689655172413794,0,0.25862068965517243]
[4,2.3275862068965516,0,0.25862068965517243]
[0,2.586206896551724,0,0.25862068965517243]
[8,2.8448275862068964,0,0.25862068965517243]
[7,2.9741379310344827,0,0.25862068965517243]
[3,3.103448275862069,1,0.25862068965517243]
[4,3.3620689655172415,0,0.25862068965517243]
[2,3.4913793103448274,0,0.25862068965517243]
[0,3.75,0,0.25862068965517243]
[5,3.8793103448275863,0,0.25862068965517243]
[3,4.008620689655173,0,0.25862068965517243]
[8,4.137931034482759,0,0.25862068965517243]
[8,4.396551724137931,0,0.25862068965517243]
[3,4.525862068965517,0,0.25862068965517243]
[3,4.7844827586206895,0,0.25862068965517243]
[2,4.913793103448276,0,0.25862068965517243]
[6,5.172413793103448,0,0.25862068965517243]
[7,5.301724137931035,0,0.25862068965517243]
[2,5.431034482758621,0,0.25862068965517243]
[0,5.560344827586207,0,0.25862068965517243]
[2,5.689655172413793,0,0.25862068965517243]
[3,5.948275862068965,0,0.25862068965517243]
[5,6.077586206896552,0,0.25862068965517243]
[6,6.206896551724138,0,0.25862068965517243]
[6,6.4655172413793105,0,0.25862068965517243]
[1,6.724137931034483,0,0.25862068965517243]
[2,6.724137931034483,0,0.25862068965517243]
[3,7.112068965517241,0,0.25862068965517243]
[6,7.241379310344827,0,0.25862068965517243]
[6,7.5,0,0.25862068965517243]
[7,7.629310344827586,0,0.25862068965517243]
[2,7.758620689655173,0,0.25862068965517243]
[0,7.887931034482759,0,0.25862068965517243]
[5,8.017241379310345,0,0.25862068965517243]
[3,8.14655172413793,0,0.25862068965517243]
[8,8.275862068965518,0,0.25862068965517243]
[8,8.53448275862069,0,0.25862068965517243]
[3,8.663793103448276,0,0.25862068965517243]
[3,8.922413793103448,0,0.25862068965517243]
[2,9.051724137931034,0,0.25862068965517243]
[6,9.310344827586206,0,0.25862068965517243]
[7,9.439655172413794,0,0.25862068965517243]
[2,9.568965517241379,0,0.25862068965517243]
[0,9.698275862068966,0,0.25862068965517243]
[2,9.827586206896552,0,0.25862068965517243]
[3,10.086206896551724,0,0.25862068965517243]
[5,10.21551724137931,0,0.25862068965517243]
[8,10.344827586206897,0,0.25862068965517243]
[4,10.60344827586207,0,0.25862068965517243]
[2,10.862068965517242,0,0.25862068965517243]
[6,11.120689655172415,0,0.25862068965517243]
[7,11.25,0,0.25862068965517243]
[5,11.379310344827585,1,0.25862068965517243]
[4,11.637931034482758,0,0.25862068965517243]
[0,11.767241379310345,0,0.25862068965517243]
[2,12.025862068965518,0,0.25862068965517243]
[3,12.155172413793103,0,0.25862068965517243]
[5,12.28448275862069,0,0.25862068965517243]
[6,12.413793103448276,0,0.25862068965517243]
[6,12.672413793103448,0,0.25862068965517243]
[5,12.801724137931034,0,0.25862068965517243]
[5,13.060344827586206,0,0.25862068965517243]
[0,13.189655172413794,0,0.25862068965517243]
[8,13.448275862068966,0,0.25862068965517243]
[7,13.577586206896552,0,0.25862068965517243]
[0,13.706896551724137,0,0.25862068965517243]
[2,13.836206896551724,0,0.25862068965517243]
[0,13.96551724137931,0,0.25862068965517243]
[5,14.224137931034482,0,0.25862068965517243]
[3,14.35344827586207,0,0.25862068965517243]
[6,14.482758620689655,0,0.25862068965517243]
[4,14.741379310344827,0,0.25862068965517243]
[2,15,0,0.25862068965517243]
[8,15.258620689655173,0,0.25862068965517243]
[7,15.387931034482758,0,0.25862068965517243]
[3,15.517241379310345,0,0.25862068965517243]
[5,15.775862068965518,0,0.25862068965517243]
[0,16.03448275862069,0,0.25862068965517243]
[1,16.03448275862069,0,0.25862068965517243]
[2,16.03448275862069,0,0.25862068965517243]
[8,16.551724137931036,0,0.25862068965517243]
[6,16.68103448275862,0,0.25862068965517243]
[1,16.810344827586206,0,0.25862068965517243]
[2,16.810344827586206,0,0.25862068965517243]
[3,16.939655172413794,0,0.25862068965517243]
[5,17.06896551724138,0,0.25862068965517243]
[5,17.198275862068964,0,0.25862068965517243]
[1,17.32758620689655,0,0.25862068965517243]
[0,17.32758620689655,0,0.25862068965517243]
[7,17.45689655172414,1,0.25862068965517243]
[8,17.45689655172414,1,0.25862068965517243]
[6,17.71551724137931,0,0.25862068965517243]
[1,17.844827586206897,0,0.25862068965517243]
[2,17.844827586206897,0,0.25862068965517243]
[0,17.974137931034484,0,0.25862068965517243]
[5,18.103448275862068,0,0.25862068965517243]
[6,18.232758620689655,0,0.25862068965517243]
[7,18.362068965517242,0,0.25862068965517243]
[8,18.362068965517242,0,0.25862068965517243]
[3,18.49137931034483,1,0.25862068965517243]
[4,18.49137931034483,1,0.25862068965517243]
[2,18.75,0,0.25862068965517243]
[1,18.879310344827587,0,0.25862068965517243]
[0,18.879310344827587,0,0.25862068965517243]
[5,19.00862068965517,0,0.25862068965517243]
[6,19.137931034482758,0,0.25862068965517243]
[6,19.267241379310345,0,0.25862068965517243]
[7,19.396551724137932,0,0.25862068965517243]
[8,19.396551724137932,0,0.25862068965517243]
[1,19.525862068965516,1,0.25862068965517243]
[0,19.525862068965516,1,0.25862068965517243]
[5,19.78448275862069,0,0.25862068965517243]
[4,19.913793103448274,0,0.25862068965517243]
[3,19.913793103448274,0,0.25862068965517243]
[8,20.04310344827586,0,0.25862068965517243]
[7,20.17241379310345,0,0.25862068965517243]
[6,20.17241379310345,0,0.25862068965517243]
[2,20.301724137931036,0,0.25862068965517243]
[0,20.43103448275862,0,0.25862068965517243]
[3,20.43103448275862,0,0.25862068965517243]
[4,20.560344827586206,0,0.25862068965517243]
[5,20.560344827586206,0,0.25862068965517243]
[7,20.689655172413794,1,0.25862068965517243]
[6,20.689655172413794,1,0.25862068965517243]
[1,20.948275862068964,0,0.25862068965517243]
[2,20.948275862068964,0,0.25862068965517243]
[3,21.07758620689655,0,0.25862068965517243]
[5,21.20689655172414,0,0.25862068965517243]
[5,21.336206896551722,0,0.25862068965517243]
[1,21.46551724137931,0,0.25862068965517243]
[0,21.46551724137931,0,0.25862068965517243]
[7,21.594827586206897,1,0.25862068965517243]
[8,21.594827586206897,1,0.25862068965517243]
[3,21.853448275862068,0,0.25862068965517243]
[4,21.982758620689655,0,0.25862068965517243]
[5,21.982758620689655,0,0.25862068965517243]
[0,22.112068965517242,0,0.25862068965517243]
[2,22.24137931034483,0,0.25862068965517243]
[6,22.370689655172413,0,0.25862068965517243]
[7,22.5,0,0.25862068965517243]
[8,22.5,0,0.25862068965517243]
[3,22.629310344827587,1,0.25862068965517243]
[0,22.629310344827587,1,0.25862068965517243]
[5,22.887931034482758,0,0.25862068965517243]
[7,23.017241379310345,0,0.25862068965517243]
[6,23.017241379310345,0,0.25862068965517243]
[8,23.146551724137932,0,0.25862068965517243]
[4,23.275862068965516,0,0.25862068965517243]
[4,23.405172413793103,0,0.25862068965517243]
[1,23.53448275862069,0,0.25862068965517243]
[2,23.53448275862069,0,0.25862068965517243]
[6,23.663793103448274,1,0.25862068965517243]
[7,23.663793103448274,1,0.25862068965517243]
[5,23.92241379310345,0,0.25862068965517243]
[4,24.051724137931036,0,0.25862068965517243]
[3,24.051724137931036,0,0.25862068965517243]
[2,24.18103448275862,0,0.25862068965517243]
[1,24.310344827586206,0,0.25862068965517243]
[0,24.310344827586206,0,0.25862068965517243]
[5,24.439655172413794,0,0.25862068965517243]
[8,24.439655172413794,0,0.25862068965517243]
[7,24.56896551724138,0,0.25862068965517243]
[6,24.56896551724138,0,0.25862068965517243]
[1,24.698275862068964,0,0.25862068965517243]
[2,24.698275862068964,0,0.25862068965517243]
[4,24.82758620689655,1,0.25862068965517243]
[3,24.82758620689655,1,0.25862068965517243]
[7,25.086206896551722,0,0.25862068965517243]
[8,25.086206896551722,0,0.25862068965517243]
[6,25.21551724137931,0,0.25862068965517243]
[5,25.344827586206897,0,0.25862068965517243]
[5,25.474137931034484,0,0.25862068965517243]
[1,25.603448275862068,0,0.25862068965517243]
[0,25.603448275862068,0,0.25862068965517243]
[7,25.732758620689655,1,0.25862068965517243]
[8,25.732758620689655,1,0.25862068965517243]
[3,25.991379310344826,0,0.25862068965517243]
[4,26.120689655172413,0,0.25862068965517243]
[5,26.120689655172413,0,0.25862068965517243]
[0,26.25,0,0.25862068965517243]
[2,26.379310344827587,0,0.25862068965517243]
[6,26.50862068965517,0,0.25862068965517243]
[4,26.637931034482758,0,0.25862068965517243]
[5,26.637931034482758,0,0.25862068965517243]
[0,26.767241379310345,1,0.25862068965517243]
[1,26.767241379310345,1,0.25862068965517243]
[8,27.025862068965516,0,0.25862068965517243]
[7,27.155172413793103,0,0.25862068965517243]
[6,27.155172413793103,0,0.25862068965517243]
[5,27.28448275862069,0,0.25862068965517243]
[3,27.413793103448274,0,0.25862068965517243]
[3,27.54310344827586,0,0.25862068965517243]
[1,27.67241379310345,0,0.25862068965517243]
[2,27.67241379310345,0,0.25862068965517243]
[7,27.801724137931036,1,0.25862068965517243]
[6,27.801724137931036,1,0.25862068965517243]
[5,28.060344827586206,0,0.25862068965517243]
[4,28.189655172413794,0,0.25862068965517243]
[3,28.189655172413794,0,0.25862068965517243]
[2,28.31896551724138,0,0.25862068965517243]
[1,28.448275862068964,0,0.25862068965517243]
[0,28.448275862068964,0,0.25862068965517243]
[8,28.57758620689655,0,0.25862068965517243]
[3,28.70689655172414,0,0.25862068965517243]
[6,28.70689655172414,0,0.25862068965517243]
[5,28.836206896551722,0,0.25862068965517243]
[4,28.836206896551722,0,0.25862068965517243]
[1,28.96551724137931,1,0.25862068965517243]
[0,28.96551724137931,1,0.25862068965517243]
[7,29.224137931034484,0,0.25862068965517243]
[8,29.224137931034484,0,0.25862068965517243]
[3,29.353448275862068,0,0.25862068965517243]
[5,29.482758620689655,0,0.25862068965517243]
[5,29.612068965517242,0,0.25862068965517243]
[0,29.741379310344826,0,0.25862068965517243]
[1,29.741379310344826,0,0.25862068965517243]
[7,29.870689655172413,1,0.25862068965517243]
[8,29.870689655172413,1,0.25862068965517243]
[6,30.129310344827587,0,0.25862068965517243]
[1,30.25862068965517,0,0.25862068965517243]
[2,30.25862068965517,0,0.25862068965517243]
[4,30.387931034482758,0,0.25862068965517243]
[3,30.387931034482758,0,0.25862068965517243]
[5,30.517241379310345,0,0.25862068965517243]
[6,30.646551724137932,0,0.25862068965517243]
[7,30.775862068965516,0,0.25862068965517243]
[8,30.905172413793103,0,0.25862068965517243]
[0,31.03448275862069,0,0.25862068965517243]
[3,31.03448275862069,0,0.25862068965517243]
[1,31.163793103448274,0,0.5172413793103449]
[5,31.42241379310345,0,0.25862068965517243]
[8,31.42241379310345,0,0.25862068965517243]
[7,31.551724137931036,0,0.25862068965517243]
[1,31.810344827586206,0,0.25862068965517243]
[0,31.810344827586206,0,0.25862068965517243]
[3,31.939655172413794,0,0.25862068965517243]
[4,32.19827586206897,0,0.25862068965517243]
[5,32.19827586206897,0,0.25862068965517243]
[8,32.32758620689655,0,0.25862068965517243]
[7,32.456896551724135,0,0.25862068965517243]
[6,32.58620689655172,1,0.5172413793103449]
[8,33.10344827586207,0,0.5172413793103449]
[3,33.36206896551724,1,0.25862068965517243]
[4,33.62068965517241,0,0.25862068965517243]
[5,33.75,0,0.25862068965517243]
[0,33.87931034482759,0,0.25862068965517243]
[2,34.008620689655174,1,0.25862068965517243]
[3,34.26724137931034,1,0.25862068965517243]
[8,34.525862068965516,1,0.25862068965517243]
[6,34.78448275862069,0,0.25862068965517243]
[5,34.91379310344828,0,0.25862068965517243]
[0,35.043103448275865,0,0.25862068965517243]
[2,35.172413793103445,1,0.25862068965517243]
[3,35.43103448275862,1,0.25862068965517243]
[8,35.689655172413794,0,0.25862068965517243]
[7,35.81896551724138,0,0.25862068965517243]
[0,35.94827586206897,0,0.25862068965517243]
[5,36.07758620689655,1,0.25862068965517243]
[4,36.33620689655172,0,0.25862068965517243]
[3,36.46551724137931,1,0.25862068965517243]
[8,36.724137931034484,0,0.25862068965517243]
[7,36.85344827586207,0,0.25862068965517243]
[0,36.98275862068966,0,0.25862068965517243]
[2,37.11206896551724,0,0.25862068965517243]
[6,37.241379310344826,0,0.25862068965517243]
[5,37.5,1,0.25862068965517243]
[6,37.758620689655174,0,0.25862068965517243]
[7,37.88793103448276,0,0.25862068965517243]
[2,38.01724137931034,0,0.25862068965517243]
[0,38.14655172413793,1,0.25862068965517243]
[5,38.4051724137931,0,0.25862068965517243]
[3,38.53448275862069,1,0.25862068965517243]
[8,38.793103448275865,0,0.25862068965517243]
[6,38.922413793103445,1,0.25862068965517243]
[5,39.18103448275862,0,0.25862068965517243]
[0,39.310344827586206,1,0.25862068965517243]
[2,39.56896551724138,1,0.25862068965517243]
[3,39.82758620689655,0,0.25862068965517243]
[4,39.956896551724135,0,0.25862068965517243]
[5,40.08620689655172,0,0.25862068965517243]
[6,40.21551724137931,1,0.25862068965517243]
[2,40.474137931034484,0,0.25862068965517243]
[1,40.60344827586207,1,0.25862068965517243]
[0,40.86206896551724,0,0.25862068965517243]
[8,40.991379310344826,0,0.25862068965517243]
[6,41.12068965517241,0,0.25862068965517243]
[2,41.25,0,0.25862068965517243]
[4,41.37931034482759,0,0.25862068965517243]
[3,41.37931034482759,0,0.25862068965517243]
[8,41.63793103448276,1,0.25862068965517243]
[6,41.89655172413793,0,0.25862068965517243]
[7,42.025862068965516,0,0.25862068965517243]
[2,42.1551724137931,0,0.25862068965517243]
[0,42.28448275862069,1,0.25862068965517243]
[5,42.543103448275865,1,0.25862068965517243]
[6,42.80172413793103,1,0.25862068965517243]
[8,43.060344827586206,0,0.25862068965517243]
[0,43.189655172413794,0,0.25862068965517243]
[2,43.31896551724138,0,0.25862068965517243]
[3,43.44827586206897,1,0.25862068965517243]
[8,43.706896551724135,1,0.25862068965517243]
[6,43.96551724137931,1,0.25862068965517243]
[2,44.224137931034484,0,0.25862068965517243]
[4,44.35344827586207,1,0.25862068965517243]
[8,44.61206896551724,0,0.25862068965517243]
[7,44.741379310344826,0,0.25862068965517243]
[6,44.87068965517241,1,0.25862068965517243]
[5,45.12931034482759,0,0.25862068965517243]
[0,45.258620689655174,0,0.25862068965517243]
[2,45.38793103448276,0,0.25862068965517243]
[7,45.51724137931034,0,0.25862068965517243]
[3,45.775862068965516,1,0.25862068965517243]
[1,46.03448275862069,1,0.25862068965517243]
[2,46.03448275862069,1,0.25862068965517243]
[6,46.293103448275865,0,0.25862068965517243]
[7,46.422413793103445,1,0.25862068965517243]
[8,46.422413793103445,1,0.25862068965517243]
[3,46.68103448275862,0,0.25862068965517243]
[4,46.810344827586206,1,0.25862068965517243]
[5,46.810344827586206,1,0.25862068965517243]
[1,47.06896551724138,1,0.25862068965517243]
[0,47.06896551724138,1,0.25862068965517243]
[8,47.32758620689655,0,0.25862068965517243]
[7,47.456896551724135,1,0.25862068965517243]
[6,47.456896551724135,1,0.25862068965517243]
[5,47.71551724137931,0,0.25862068965517243]
[2,47.8448275862069,0,0.25862068965517243]
[0,47.8448275862069,0,0.25862068965517243]
[4,48.10344827586207,0,0.25862068965517243]
[3,48.23275862068965,0,0.25862068965517243]
[6,48.36206896551724,0,0.25862068965517243]
[8,48.36206896551724,0,0.25862068965517243]
[4,48.62068965517241,0,0.25862068965517243]
[5,48.75,0,0.25862068965517243]
[2,48.87931034482759,0,0.25862068965517243]
[0,48.87931034482759,0,0.25862068965517243]
[4,49.13793103448276,0,0.25862068965517243]
[3,49.26724137931034,0,0.25862068965517243]
[7,49.6551724137931,1,0.25862068965517243]
[8,49.6551724137931,1,0.25862068965517243]
[1,49.91379310344828,0,0.25862068965517243]
[0,49.91379310344828,0,0.25862068965517243]
[5,50.043103448275865,0,0.25862068965517243]
[3,50.172413793103445,0,0.25862068965517243]
[3,50.30172413793103,0,0.25862068965517243]
[1,50.43103448275862,0,0.25862068965517243]
[2,50.43103448275862,0,0.25862068965517243]
[7,50.560344827586206,1,0.25862068965517243]
[6,50.560344827586206,1,0.25862068965517243]
[5,50.81896551724138,0,0.25862068965517243]
[4,50.94827586206897,0,0.25862068965517243]
[3,50.94827586206897,0,0.25862068965517243]
[8,51.07758620689655,0,0.25862068965517243]
[0,51.206896551724135,0,0.25862068965517243]
[2,51.33620689655172,0,0.25862068965517243]
[7,51.46551724137931,0,0.25862068965517243]
[6,51.46551724137931,0,0.25862068965517243]
[5,51.5948275862069,1,0.25862068965517243]
[4,51.5948275862069,1,0.25862068965517243]
[0,51.85344827586207,0,0.25862068965517243]
[2,51.98275862068965,0,0.25862068965517243]
[1,51.98275862068965,0,0.25862068965517243]
[6,52.11206896551724,0,0.25862068965517243]
[8,52.241379310344826,0,0.25862068965517243]
[8,52.37068965517241,0,0.25862068965517243]
[1,52.5,0,0.25862068965517243]
[0,52.5,0,0.25862068965517243]
[4,52.62931034482759,1,0.25862068965517243]
[5,52.62931034482759,1,0.25862068965517243]
[6,52.88793103448276,0,0.25862068965517243]
[7,53.01724137931034,0,0.25862068965517243]
[8,53.01724137931034,0,0.25862068965517243]
[0,53.14655172413793,0,0.25862068965517243]
[1,53.275862068965516,0,0.25862068965517243]
[2,53.275862068965516,0,0.25862068965517243]
[3,53.4051724137931,0,0.25862068965517243]
[5,53.53448275862069,0,0.25862068965517243]
[8,53.53448275862069,0,0.25862068965517243]
[7,53.66379310344828,0,0.25862068965517243]
[6,53.66379310344828,0,0.25862068965517243]
[2,53.793103448275865,1,0.25862068965517243]
[1,53.793103448275865,1,0.25862068965517243]
[7,54.05172413793103,0,0.25862068965517243]
[6,54.05172413793103,0,0.25862068965517243]
[5,54.18103448275862,0,0.25862068965517243]
[3,54.310344827586206,0,0.25862068965517243]
[3,54.439655172413794,0,0.25862068965517243]
[8,54.56896551724138,0,0.25862068965517243]
[7,54.56896551724138,0,0.25862068965517243]
[1,54.69827586206897,1,0.25862068965517243]
[0,54.69827586206897,1,0.25862068965517243]
[5,54.956896551724135,0,0.25862068965517243]
[4,55.08620689655172,0,0.25862068965517243]
[3,55.08620689655172,0,0.25862068965517243]
[8,55.21551724137931,0,0.25862068965517243]
[7,55.3448275862069,0,0.25862068965517243]
[6,55.3448275862069,0,0.25862068965517243]
[2,55.474137931034484,0,0.25862068965517243]
[1,55.474137931034484,0,0.25862068965517243]
[3,55.60344827586207,0,0.25862068965517243]
[0,55.60344827586207,0,0.25862068965517243]
[5,55.73275862068965,1,0.25862068965517243]
[8,55.73275862068965,1,0.25862068965517243]
[6,55.991379310344826,0,0.25862068965517243]
[7,56.12068965517241,0,0.25862068965517243]
[2,56.37931034482759,0,0.25862068965517243]
[1,56.46551724137931,0,0.25862068965517243]
[0,56.55172413793104,0,0.25862068965517243]
[5,56.63793103448276,0,0.25862068965517243]
[4,56.76724137931034,1,0.25862068965517243]
[3,56.76724137931034,1,0.25862068965517243]
[2,57.025862068965516,0,0.25862068965517243]
[1,57.1551724137931,0,0.25862068965517243]
[0,57.1551724137931,0,0.25862068965517243]
[5,57.28448275862069,0,0.25862068965517243]
[6,57.41379310344828,0,0.25862068965517243]
[2,57.543103448275865,0,0.25862068965517243]
[1,57.543103448275865,0,0.25862068965517243]
[3,57.672413793103445,0,0.25862068965517243]
[4,57.672413793103445,0,0.25862068965517243]
[7,57.80172413793103,0,0.25862068965517243]
[8,57.80172413793103,0,0.25862068965517243]
[6,57.93103448275862,1,0.25862068965517243]
[5,58.189655172413794,1,0.25862068965517243]
[0,58.44827586206897,0,0.25862068965517243]
[2,58.57758620689655,0,0.25862068965517243]
[7,58.706896551724135,0,0.25862068965517243]
[8,58.83620689655172,1,0.25862068965517243]
[3,59.0948275862069,1,0.25862068965517243]
[2,59.35344827586207,1,0.25862068965517243]
[6,59.61206896551724,0,0.25862068965517243]
[5,59.741379310344826,0,0.25862068965517243]
[0,59.87068965517241,0,0.25862068965517243]
[8,60,1,0.25862068965517243]
[3,60.258620689655174,1,0.25862068965517243]
[5,60.51724137931034,1,0.25862068965517243]
[0,60.775862068965516,0,0.25862068965517243]
[8,60.9051724137931,1,0.25862068965517243]
[7,61.16379310344828,0,0.25862068965517243]
[6,61.293103448275865,1,0.25862068965517243]
[5,61.55172413793103,0,0.25862068965517243]
[4,61.68103448275862,0,0.25862068965517243]
[0,61.810344827586206,0,0.25862068965517243]
[2,61.939655172413794,0,0.25862068965517243]
[6,62.06896551724138,0,0.25862068965517243]
[7,62.32758620689655,1,0.25862068965517243]
[0,62.58620689655172,1,0.25862068965517243]
[5,62.8448275862069,0,0.25862068965517243]
[3,62.974137931034484,1,0.25862068965517243]
[8,63.23275862068965,0,0.25862068965517243]
[6,63.36206896551724,1,0.25862068965517243]
[5,63.62068965517241,1,0.25862068965517243]
[0,63.87931034482759,0,0.25862068965517243]
[2,64.00862068965517,1,0.25862068965517243]
[6,64.26724137931035,0,0.25862068965517243]
[7,64.39655172413794,1,0.25862068965517243]
[8,64.6551724137931,1,0.25862068965517243]
[3,64.91379310344827,0,0.25862068965517243]
[2,65.04310344827586,1,0.25862068965517243]
[6,65.30172413793103,1,0.25862068965517243]
[8,65.5603448275862,0,0.25862068965517243]
[0,65.6896551724138,0,0.25862068965517243]
[5,65.81896551724138,0,0.25862068965517243]
[3,65.94827586206897,0,0.25862068965517243]
[8,66.07758620689656,0,0.25862068965517243]
[7,66.20689655172414,0,0.25862068965517243]
[6,66.20689655172414,0,0.25862068965517243]
[5,66.46551724137932,1,0.25862068965517243]
[6,66.72413793103448,1,0.25862068965517243]
[8,66.98275862068965,0,0.25862068965517243]
[4,67.11206896551724,1,0.25862068965517243]
[0,67.37068965517241,0,0.25862068965517243]
[2,67.5,1,0.25862068965517243]
[6,67.75862068965517,1,0.25862068965517243]
[5,68.01724137931035,1,0.25862068965517243]
[0,68.27586206896552,0,0.25862068965517243]
[1,68.4051724137931,0,0.25862068965517243]
[8,68.53448275862068,0,0.25862068965517243]
[7,68.66379310344827,0,0.25862068965517243]
[3,68.79310344827586,1,0.25862068965517243]
[2,69.05172413793103,1,0.25862068965517243]
[6,69.3103448275862,0,0.25862068965517243]
[5,69.4396551724138,0,0.25862068965517243]
[0,69.56896551724138,1,0.25862068965517243]
[7,69.82758620689656,1,0.25862068965517243]
[2,70.08620689655173,0,0.25862068965517243]
[3,70.21551724137932,0,0.25862068965517243]
[8,70.34482758620689,0,0.25862068965517243]
[0,70.60344827586206,0,0.25862068965517243]
[5,70.73275862068965,0,0.25862068965517243]
[6,70.86206896551724,1,0.25862068965517243]
[8,71.12068965517241,0,0.25862068965517243]
[7,71.25,0,0.25862068965517243]
[3,71.37931034482759,1,0.25862068965517243]
[5,71.63793103448276,0,0.25862068965517243]
[4,71.76724137931035,0,0.25862068965517243]
[0,71.89655172413794,0,0.25862068965517243]
[2,72.02586206896552,0,0.25862068965517243]
[3,72.1551724137931,0,0.25862068965517243]
[7,72.28448275862068,0,0.25862068965517243]
[4,72.41379310344827,0,0.25862068965517243]
[5,72.54310344827586,0,0.25862068965517243]
[6,72.67241379310344,0,0.25862068965517243]
[8,72.67241379310344,0,0.25862068965517243]
[4,72.93103448275862,0,0.25862068965517243]
[3,73.0603448275862,0,0.25862068965517243]
[0,73.1896551724138,0,0.25862068965517243]
[2,73.1896551724138,0,0.25862068965517243]
[4,73.44827586206897,0,0.25862068965517243]
[5,73.57758620689656,0,0.25862068965517243]
[6,73.70689655172414,0,0.25862068965517243]
[8,73.70689655172414,0,0.25862068965517243]
[4,73.96551724137932,0,0.25862068965517243]
[3,74.09482758620689,0,0.25862068965517243]
[5,74.22413793103448,0,0.25862068965517243]
[7,74.35344827586206,0,0.25862068965517243]
[6,74.48275862068965,1,0.25862068965517243]
[7,74.74137931034483,0,0.25862068965517243]
[8,74.74137931034483,0,0.25862068965517243]
[3,74.87068965517241,0,0.25862068965517243]
[5,75.12931034482759,0,0.25862068965517243]
[1,75.25862068965517,0,0.25862068965517243]
[0,75.25862068965517,0,0.25862068965517243]
[8,75.51724137931035,1,0.25862068965517243]
[7,75.77586206896552,0,0.25862068965517243]
[6,75.77586206896552,0,0.25862068965517243]
[5,75.9051724137931,0,0.25862068965517243]
[4,76.16379310344827,0,0.25862068965517243]
[3,76.16379310344827,0,0.25862068965517243]
[2,76.29310344827586,0,0.25862068965517243]
[1,76.42241379310344,0,0.25862068965517243]
[6,76.55172413793103,1,0.25862068965517243]
[5,76.8103448275862,0,0.25862068965517243]
[7,76.8103448275862,0,0.25862068965517243]
[3,76.9396551724138,0,0.25862068965517243]
[2,77.19827586206897,0,0.25862068965517243]
[4,77.32758620689656,0,0.25862068965517243]
[0,77.32758620689656,0,0.25862068965517243]
[8,77.58620689655173,1,0.25862068965517243]
[3,77.84482758620689,0,0.25862068965517243]
[7,77.84482758620689,0,0.25862068965517243]
[5,77.97413793103448,0,0.25862068965517243]
[0,78.23275862068965,0,0.25862068965517243]
[4,78.23275862068965,0,0.25862068965517243]
[2,78.36206896551724,0,0.25862068965517243]
[1,78.49137931034483,0,0.25862068965517243]
[4,78.62068965517241,1,0.25862068965517243]
[3,78.62068965517241,1,0.25862068965517243]
[5,78.87931034482759,0,0.25862068965517243]
[8,78.87931034482759,0,0.25862068965517243]
[6,79.00862068965517,0,0.25862068965517243]
[2,79.26724137931035,0,0.25862068965517243]
[0,79.39655172413794,0,0.25862068965517243]
[3,79.39655172413794,0,0.25862068965517243]
[5,79.6551724137931,1,0.25862068965517243]
[3,79.91379310344827,0,0.25862068965517243]
[6,79.91379310344827,0,0.25862068965517243]
[8,80.04310344827586,0,0.25862068965517243]
[0,80.30172413793103,0,0.25862068965517243]
[3,80.30172413793103,0,0.25862068965517243]
[2,80.43103448275862,0,0.25862068965517243]
[1,80.5603448275862,0,0.25862068965517243]
[6,80.6896551724138,1,0.25862068965517243]
[5,80.94827586206897,0,0.25862068965517243]
[4,80.94827586206897,0,0.25862068965517243]
[3,81.07758620689656,0,0.25862068965517243]
[2,81.33620689655173,0,0.25862068965517243]
[1,81.46551724137932,0,0.25862068965517243]
[0,81.46551724137932,0,0.25862068965517243]
[8,81.72413793103448,1,0.25862068965517243]
[3,81.98275862068965,0,0.25862068965517243]
[4,81.98275862068965,0,0.25862068965517243]
[2,82.11206896551724,0,0.25862068965517243]
[1,82.24137931034483,0,0.25862068965517243]
[7,82.37068965517241,0,0.25862068965517243]
[6,82.37068965517241,0,0.25862068965517243]
[5,82.5,0,0.25862068965517243]
[4,82.62931034482759,0,0.25862068965517243]
[3,82.62931034482759,0,0.25862068965517243]
[2,82.75862068965517,1,0.25862068965517243]
[1,83.01724137931035,0,0.25862068965517243]
[0,83.01724137931035,0,0.25862068965517243]
[5,83.14655172413794,0,0.25862068965517243]
[3,83.4051724137931,0,0.25862068965517243]
[7,83.53448275862068,0,0.25862068965517243]
[8,83.53448275862068,0,0.25862068965517243]
[0,83.79310344827586,1,0.25862068965517243]
[1,84.05172413793103,0,0.25862068965517243]
[2,84.05172413793103,0,0.25862068965517243]
[3,84.18103448275862,0,0.25862068965517243]
[4,84.4396551724138,0,0.25862068965517243]
[5,84.4396551724138,0,0.25862068965517243]
[6,84.56896551724138,0,0.25862068965517243]
[7,84.69827586206897,0,0.25862068965517243]
[2,84.82758620689656,1,0.25862068965517243]
[3,85.08620689655173,0,0.25862068965517243]
[7,85.08620689655173,0,0.25862068965517243]
[5,85.21551724137932,0,0.25862068965517243]
[0,85.47413793103448,0,0.25862068965517243]
[4,85.60344827586206,0,0.25862068965517243]
[2,85.60344827586206,0,0.25862068965517243]
[0,85.86206896551724,1,0.25862068965517243]
[5,86.12068965517241,0,0.25862068965517243]
[7,86.12068965517241,0,0.25862068965517243]
[3,86.25,0,0.25862068965517243]
[2,86.50862068965517,0,0.25862068965517243]
[4,86.50862068965517,0,0.25862068965517243]
[0,86.63793103448276,0,0.25862068965517243]
[1,86.76724137931035,0,0.25862068965517243]
[4,86.89655172413794,1,0.25862068965517243]
[5,86.89655172413794,1,0.25862068965517243]
[3,87.1551724137931,0,0.25862068965517243]
[6,87.1551724137931,0,0.25862068965517243]
[8,87.28448275862068,0,0.25862068965517243]
[0,87.54310344827586,0,0.25862068965517243]
[2,87.67241379310344,0,0.25862068965517243]
[5,87.67241379310344,0,0.25862068965517243]
[3,87.93103448275862,1,0.25862068965517243]
[2,88.1896551724138,0,0.25862068965517243]
[5,88.1896551724138,0,0.25862068965517243]
[0,88.31896551724138,0,0.25862068965517243]
[5,88.57758620689656,0,0.25862068965517243]
[8,88.57758620689656,0,0.25862068965517243]
[6,88.70689655172414,0,0.25862068965517243]
[7,88.83620689655173,0,0.25862068965517243]
[1,88.96551724137932,0,0.25862068965517243]
[2,88.96551724137932,0,0.25862068965517243]
[3,89.09482758620689,0,0.25862068965517243]
[6,89.09482758620689,0,0.25862068965517243]
[5,89.35344827586206,0,0.25862068965517243]
[8,89.35344827586206,0,0.25862068965517243]
[1,89.48275862068965,0,0.25862068965517243]
[0,89.48275862068965,0,0.25862068965517243]
[7,89.74137931034483,0,0.25862068965517243]
[6,89.74137931034483,0,0.25862068965517243]
[5,89.87068965517241,0,0.25862068965517243]
[2,89.87068965517241,0,0.25862068965517243]
[3,90.12931034482759,0,0.25862068965517243]
[0,90.12931034482759,0,0.25862068965517243]
[7,90.25862068965517,0,0.25862068965517243]
[8,90.25862068965517,0,0.25862068965517243]
[6,90.38793103448276,0,0.25862068965517243]
[1,90.51724137931035,0,0.25862068965517243]
[2,90.51724137931035,0,0.25862068965517243]
[3,90.64655172413794,0,0.25862068965517243]
[4,90.77586206896552,0,0.25862068965517243]
[5,90.9051724137931,0,0.25862068965517243]
[6,91.03448275862068,0,0.25862068965517243]
[6,91.16379310344827,0,0.25862068965517243]
[7,91.29310344827586,1,0.25862068965517243]
[8,91.29310344827586,1,0.25862068965517243]
[3,91.55172413793103,0,0.25862068965517243]
[3,91.68103448275862,0,0.25862068965517243]
[4,91.8103448275862,1,0.25862068965517243]
[5,91.8103448275862,1,0.25862068965517243]
[0,92.06896551724138,0,0.25862068965517243]
[0,92.19827586206897,0,0.25862068965517243]
[1,92.32758620689656,1,0.25862068965517243]
[2,92.32758620689656,1,0.25862068965517243]
[6,92.58620689655173,0,0.25862068965517243]
[5,92.71551724137932,0,0.25862068965517243]
[4,92.84482758620689,0,0.25862068965517243]
[3,92.97413793103448,0,0.25862068965517243]
[8,93.10344827586206,0,0.25862068965517243]
[8,93.23275862068965,0,0.25862068965517243]
[7,93.36206896551724,1,0.25862068965517243]
[6,93.36206896551724,1,0.25862068965517243]
[5,93.62068965517241,0,0.25862068965517243]
[5,93.75,0,0.25862068965517243]
[4,93.87931034482759,1,0.25862068965517243]
[3,93.87931034482759,1,0.25862068965517243]
[2,94.13793103448276,0,0.25862068965517243]
[2,94.26724137931035,0,0.25862068965517243]
[1,94.39655172413794,1,0.25862068965517243]
[0,94.39655172413794,1,0.25862068965517243]
[8,94.6551724137931,0,0.25862068965517243]
[3,94.78448275862068,0,0.25862068965517243]
[4,94.91379310344827,0,0.25862068965517243]
[5,95.04310344827586,0,0.25862068965517243]
[6,95.17241379310344,0,0.25862068965517243]
[6,95.30172413793103,0,0.25862068965517243]
[1,95.43103448275862,1,0.25862068965517243]
[2,95.43103448275862,1,0.25862068965517243]
[3,95.6896551724138,0,0.25862068965517243]
[3,95.81896551724138,0,0.25862068965517243]
[4,95.94827586206897,1,0.25862068965517243]
[5,95.94827586206897,1,0.25862068965517243]
[0,96.20689655172414,0,0.25862068965517243]
[0,96.33620689655173,0,0.25862068965517243]
[7,96.4655172413793,1,0.25862068965517243]
[8,96.4655172413793,1,0.25862068965517243]
[6,96.72413793103448,0,0.25862068965517243]
[5,96.85344827586206,0,0.25862068965517243]
[4,96.98275862068965,0,0.25862068965517243]
[3,97.11206896551724,0,0.25862068965517243]
[8,97.24137931034483,0,0.25862068965517243]
[8,97.37068965517241,0,0.25862068965517243]
[1,97.5,1,0.25862068965517243]
[0,97.5,1,0.25862068965517243]
[5,97.75862068965517,0,0.25862068965517243]
[5,97.88793103448276,0,0.25862068965517243]
[4,98.01724137931035,1,0.25862068965517243]
[3,98.01724137931035,1,0.25862068965517243]
[2,98.27586206896552,0,0.25862068965517243]
[2,98.4051724137931,0,0.25862068965517243]
[6,98.53448275862068,1,0.25862068965517243]
[7,98.53448275862068,1,0.25862068965517243]
[8,98.79310344827586,0,0.25862068965517243]
[3,98.92241379310344,0,0.25862068965517243]
[5,99.05172413793103,0,0.25862068965517243]
[0,99.18103448275862,0,0.25862068965517243]
[4,99.3103448275862,0,0.25862068965517243]
[2,99.3103448275862,0,0.25862068965517243]
[5,99.56896551724138,0,0.25862068965517243]
[7,99.56896551724138,0,0.25862068965517243]
[8,99.82758620689656,0,0.25862068965517243]
[6,99.82758620689656,0,0.25862068965517243]
[3,99.95689655172414,0,0.25862068965517243]
[2,100.08620689655173,0,0.25862068965517243]
[4,100.2155172413793,1,0.25862068965517243]
[0,100.2155172413793,1,0.25862068965517243]
[5,100.47413793103448,0,0.25862068965517243]
[3,100.60344827586206,0,0.25862068965517243]
[7,100.60344827586206,0,0.25862068965517243]
[6,100.86206896551724,0,0.25862068965517243]
[8,100.86206896551724,0,0.25862068965517243]
[5,100.99137931034483,0,0.25862068965517243]
[4,101.12068965517241,1,0.25862068965517243]
[2,101.37931034482759,0,0.25862068965517243]
[3,101.50862068965517,0,0.25862068965517243]
[6,101.50862068965517,0,0.25862068965517243]
[7,101.63793103448276,0,0.25862068965517243]
[8,101.63793103448276,0,0.25862068965517243]
[0,101.76724137931035,0,0.25862068965517243]
[1,101.76724137931035,0,0.25862068965517243]
[2,101.89655172413794,0,0.25862068965517243]
[4,101.89655172413794,0,0.25862068965517243]
[7,102.02586206896552,0,0.25862068965517243]
[6,102.02586206896552,0,0.25862068965517243]
[5,102.1551724137931,0,0.25862068965517243]
[8,102.1551724137931,0,0.25862068965517243]
[0,102.28448275862068,0,0.25862068965517243]
[3,102.28448275862068,0,0.25862068965517243]
[5,102.93103448275862,1,0.5172413793103449]
[3,103.44827586206897,0,0.5172413793103449]
[6,103.44827586206897,0,0.5172413793103449]
[8,103.44827586206897,0,0.5172413793103449]
[4,103.70689655172414,0,0.5172413793103449]
[2,103.70689655172414,0,0.5172413793103449]
[3,103.83620689655173,0,0.5172413793103449]
[7,103.9655172413793,0,0.5172413793103449]
[5,104.09482758620689,0,0.5172413793103449]
[4,104.22413793103448,0,0.5172413793103449]
[0,104.22413793103448,0,0.5172413793103449]
[8,104.35344827586206,0,0.5172413793103449]
[7,104.48275862068965,0,0.5172413793103449]
[6,104.48275862068965,0,0.5172413793103449]
[5,104.61206896551724,0,0.5172413793103449]
[4,104.74137931034483,0,0.5172413793103449]
[3,104.74137931034483,0,0.5172413793103449]
[2,104.87068965517241,0,0.5172413793103449]
[0,105,0,0.5172413793103449]
[0,105.12931034482759,0,0.5172413793103449]
[7,105.25862068965517,0,0.5172413793103449]
[8,105.25862068965517,0,0.5172413793103449]
[3,105.38793103448276,0,0.5172413793103449]
[6,105.51724137931035,0,0.5172413793103449]
[5,105.51724137931035,0,0.5172413793103449]
[2,105.51724137931035,0,0.5172413793103449]
[1,105.77586206896552,0,0.5172413793103449]
[0,105.77586206896552,0,0.5172413793103449]
[8,105.9051724137931,0,0.5172413793103449]
[3,106.03448275862068,0,0.5172413793103449]
[3,106.16379310344827,0,0.5172413793103449]
[5,106.29310344827586,0,0.5172413793103449]
[2,106.29310344827586,0,0.5172413793103449]
[6,106.42241379310344,0,0.5172413793103449]
[7,106.55172413793103,0,0.5172413793103449]
[8,106.55172413793103,0,0.5172413793103449]
[0,106.68103448275862,0,0.5172413793103449]
[1,106.8103448275862,0,0.5172413793103449]
[2,106.8103448275862,0,0.5172413793103449]
[4,106.9396551724138,0,0.5172413793103449]
[3,107.06896551724138,0,0.5172413793103449]
[5,107.06896551724138,0,0.5172413793103449]
[6,107.19827586206897,0,0.5172413793103449]
[4,107.32758620689656,0,0.5172413793103449]
[2,107.32758620689656,0,0.5172413793103449]
[1,107.45689655172414,0,0.5172413793103449]
[0,107.45689655172414,0,0.5172413793103449]
[5,107.58620689655173,0,0.5172413793103449]
[7,107.58620689655173,0,0.5172413793103449]
[3,107.58620689655173,0,0.5172413793103449]
[2,107.84482758620689,0,0.5172413793103449]
[4,107.84482758620689,0,0.5172413793103449]
[6,107.97413793103448,0,0.5172413793103449]
[5,108.10344827586206,0,0.25862068965517243]
[5,108.23275862068965,0,0.25862068965517243]
[1,108.36206896551724,0,0.5172413793103449]
[0,108.36206896551724,0,0.5172413793103449]
[2,108.49137931034483,0,0.25862068965517243]
[3,108.62068965517241,0,0.5172413793103449]
[6,108.62068965517241,0,0.25862068965517243]
[8,108.62068965517241,0,0.25862068965517243]
[1,108.87931034482759,0,0.5172413793103449]
[2,108.87931034482759,0,0.5172413793103449]
[0,109.00862068965517,0,0.25862068965517243]
[8,109.13793103448276,0,0.25862068965517243]
[8,109.26724137931035,0,0.25862068965517243]
[3,109.39655172413794,0,0.25862068965517243]
[4,109.39655172413794,0,0.25862068965517243]
[1,109.52586206896552,0,0.25862068965517243]
[2,109.52586206896552,0,0.25862068965517243]
[0,109.6551724137931,0,0.25862068965517243]
[5,109.78448275862068,0,0.25862068965517243]
[7,109.91379310344827,0,0.25862068965517243]
[6,109.91379310344827,0,0.25862068965517243]
[8,110.04310344827586,0,0.25862068965517243]
[3,110.17241379310344,0,0.25862068965517243]
[3,110.30172413793103,0,0.25862068965517243]
[1,110.43103448275862,0,0.25862068965517243]
[2,110.43103448275862,0,0.25862068965517243]
[6,110.5603448275862,0,0.25862068965517243]
[8,110.6896551724138,0,0.25862068965517243]
[5,110.6896551724138,0,0.25862068965517243]
[0,110.81896551724138,0,0.25862068965517243]
[1,110.94827586206897,0,0.25862068965517243]
[2,110.94827586206897,0,0.25862068965517243]
[6,111.07758620689656,0,0.25862068965517243]
[5,111.20689655172414,0,0.25862068965517243]
[8,111.20689655172414,0,0.25862068965517243]
[0,111.33620689655173,0,0.25862068965517243]
[3,111.33620689655173,0,0.25862068965517243]
[1,111.4655172413793,0,0.25862068965517243]
[2,111.4655172413793,0,0.25862068965517243]
[7,111.59482758620689,0,0.25862068965517243]
[6,111.59482758620689,0,0.25862068965517243]
[4,111.72413793103448,0,0.25862068965517243]
[5,111.72413793103448,0,0.25862068965517243]
[8,111.72413793103448,0,0.25862068965517243]
[0,111.98275862068965,0,0.25862068965517243]
[1,111.98275862068965,0,0.25862068965517243]
[5,112.11206896551724,0,0.25862068965517243]
[3,112.24137931034483,0,0.25862068965517243]
[7,112.24137931034483,0,0.25862068965517243]
[8,112.37068965517241,0,0.25862068965517243]
[1,112.5,0,0.25862068965517243]
[4,112.5,0,0.25862068965517243]
[2,112.62931034482759,0,0.25862068965517243]
[6,112.75862068965517,0,0.25862068965517243]
[6,112.88793103448276,0,0.25862068965517243]
[8,113.01724137931035,0,0.25862068965517243]
[7,113.01724137931035,0,0.25862068965517243]
[3,113.14655172413794,0,0.25862068965517243]
[5,113.27586206896552,0,0.25862068965517243]
[5,113.4051724137931,0,0.25862068965517243]
[1,113.53448275862068,0,0.25862068965517243]
[0,113.53448275862068,0,0.25862068965517243]
[8,113.66379310344827,0,0.25862068965517243]
[3,113.79310344827586,0,0.25862068965517243]
[6,113.79310344827586,0,0.25862068965517243]
[2,113.79310344827586,0,0.25862068965517243]
[5,114.05172413793103,0,0.25862068965517243]
[4,114.05172413793103,0,0.25862068965517243]
[0,114.18103448275862,0,0.25862068965517243]
[8,114.3103448275862,0,0.25862068965517243]
[6,114.4396551724138,0,0.25862068965517243]
[1,114.56896551724138,0,0.25862068965517243]
[2,114.56896551724138,0,0.25862068965517243]
[3,114.69827586206897,0,0.25862068965517243]
[4,114.82758620689656,0,0.25862068965517243]
[5,114.82758620689656,0,0.25862068965517243]
[7,114.95689655172414,0,0.25862068965517243]
[6,115.08620689655173,0,0.25862068965517243]
[8,115.08620689655173,0,0.25862068965517243]
[3,115.2155172413793,0,0.25862068965517243]
[4,115.34482758620689,0,0.25862068965517243]
[5,115.34482758620689,0,0.25862068965517243]
[0,115.47413793103448,0,0.25862068965517243]
[1,115.60344827586206,0,0.25862068965517243]
[2,115.60344827586206,0,0.25862068965517243]
[3,115.73275862068965,0,0.25862068965517243]
[7,115.86206896551724,0,0.25862068965517243]
[8,115.86206896551724,0,0.25862068965517243]
[6,115.99137931034483,0,0.25862068965517243]
[5,116.12068965517241,0,0.25862068965517243]
[0,116.25,0,0.25862068965517243]
[1,116.37931034482759,0,0.25862068965517243]
[2,116.37931034482759,0,0.25862068965517243]
[3,116.50862068965517,0,0.25862068965517243]
[3,116.63793103448276,0,0.25862068965517243]
[3,116.76724137931035,0,0.25862068965517243]
[7,116.89655172413794,0,0.25862068965517243]
[8,116.89655172413794,0,0.25862068965517243]
[6,117.02586206896552,0,0.25862068965517243]
[2,117.1551724137931,0,0.25862068965517243]
[0,117.28448275862068,0,0.25862068965517243]
[5,117.41379310344827,0,0.25862068965517243]
[8,117.41379310344827,0,0.25862068965517243]
[6,117.54310344827586,0,0.25862068965517243]
[6,117.67241379310344,0,0.25862068965517243]
[6,117.80172413793103,0,0.25862068965517243]
[1,117.93103448275862,0,0.25862068965517243]
[2,117.93103448275862,0,0.25862068965517243]
[3,118.0603448275862,0,0.25862068965517243]
[7,118.1896551724138,0,0.25862068965517243]
[5,118.31896551724138,0,0.25862068965517243]
[4,118.44827586206897,0,0.25862068965517243]
[0,118.44827586206897,0,0.25862068965517243]
[8,118.57758620689656,0,0.25862068965517243]
[8,118.70689655172414,0,0.25862068965517243]
[8,118.83620689655173,0,0.25862068965517243]
[7,118.9655172413793,0,0.25862068965517243]
[6,118.9655172413793,0,0.25862068965517243]
[5,119.09482758620689,0,0.25862068965517243]
[3,119.22413793103448,0,0.25862068965517243]
[2,119.35344827586206,0,0.25862068965517243]
[1,119.48275862068965,0,0.25862068965517243]
[0,119.48275862068965,0,0.25862068965517243]
[7,119.61206896551724,0,0.25862068965517243]
[8,119.61206896551724,0,0.25862068965517243]
[6,119.74137931034483,0,0.25862068965517243]
[5,119.87068965517241,0,0.25862068965517243]
[0,120,0,0.25862068965517243]
[3,120,0,0.25862068965517243]
[2,120,0,0.25862068965517243]
[5,120.25862068965517,0,0.25862068965517243]
[8,120.25862068965517,0,0.25862068965517243]
[7,120.38793103448276,0,0.25862068965517243]
[6,120.38793103448276,0,0.25862068965517243]
[2,120.51724137931035,0,0.25862068965517243]
[3,120.51724137931035,0,0.25862068965517243]
[1,120.51724137931035,0,0.25862068965517243]
[8,120.77586206896552,0,0.25862068965517243]
[6,120.9051724137931,0,0.25862068965517243]
[2,121.03448275862068,0,0.25862068965517243]
[1,121.03448275862068,0,0.25862068965517243]
[0,121.03448275862068,0,0.25862068965517243]
[7,121.29310344827586,0,0.25862068965517243]
[8,121.29310344827586,0,0.25862068965517243]
[1,121.42241379310344,0,0.25862068965517243]
[0,121.42241379310344,0,0.25862068965517243]
[3,121.55172413793103,0,0.25862068965517243]
[5,121.55172413793103,0,0.25862068965517243]
[2,121.55172413793103,0,0.25862068965517243]
[7,121.8103448275862,0,0.25862068965517243]
[4,121.9396551724138,0,0.25862068965517243]
[3,123.62068965517241,0,0.25862068965517243]
[4,123.62068965517241,0,0.25862068965517243]
[5,123.62068965517241,0,0.25862068965517243]
[8,124.13793103448276,0,0.25862068965517243]
[6,124.26724137931035,0,0.25862068965517243]
[1,124.39655172413794,0,0.25862068965517243]
[2,124.39655172413794,0,0.25862068965517243]
[3,124.52586206896552,0,0.25862068965517243]
[5,124.6551724137931,0,0.25862068965517243]
[5,124.78448275862068,0,0.25862068965517243]
[1,124.91379310344827,0,0.25862068965517243]
[0,124.91379310344827,0,0.25862068965517243]
[8,125.04310344827586,1,0.25862068965517243]
[7,125.04310344827586,1,0.25862068965517243]
[3,125.30172413793103,0,0.25862068965517243]
[4,125.43103448275862,0,0.25862068965517243]
[5,125.43103448275862,0,0.25862068965517243]
[0,125.5603448275862,0,0.25862068965517243]
[2,125.6896551724138,0,0.25862068965517243]
[6,125.81896551724138,0,0.25862068965517243]
[7,125.94827586206897,0,0.25862068965517243]
[8,125.94827586206897,0,0.25862068965517243]
[1,126.07758620689656,1,0.25862068965517243]
[0,126.07758620689656,1,0.25862068965517243]
[5,126.33620689655173,0,0.25862068965517243]
[4,126.4655172413793,0,0.25862068965517243]
[3,126.4655172413793,0,0.25862068965517243]
[8,126.59482758620689,0,0.25862068965517243]
[6,126.72413793103448,0,0.25862068965517243]
[6,126.85344827586206,0,0.25862068965517243]
[1,126.98275862068965,0,0.25862068965517243]
[2,126.98275862068965,0,0.25862068965517243]
[4,127.11206896551724,1,0.25862068965517243]
[3,127.11206896551724,1,0.25862068965517243]
[8,127.37068965517241,0,0.25862068965517243]
[7,127.5,0,0.25862068965517243]
[6,127.5,0,0.25862068965517243]
[2,127.62931034482759,0,0.25862068965517243]
[1,127.75862068965517,0,0.25862068965517243]
[0,127.75862068965517,0,0.25862068965517243]
[5,127.88793103448276,0,0.25862068965517243]
[3,128.01724137931035,0,0.25862068965517243]
[6,128.01724137931035,0,0.25862068965517243]
[7,128.14655172413794,0,0.25862068965517243]
[8,128.14655172413794,0,0.25862068965517243]
[0,128.27586206896552,1,0.25862068965517243]
[1,128.27586206896552,1,0.25862068965517243]
[4,128.5344827586207,0,0.25862068965517243]
[5,128.5344827586207,0,0.25862068965517243]
[3,128.66379310344828,0,0.25862068965517243]
[2,128.79310344827587,0,0.25862068965517243]
[2,128.92241379310346,0,0.25862068965517243]
[1,129.05172413793105,0,0.25862068965517243]
[0,129.05172413793105,0,0.25862068965517243]
[7,129.18103448275863,1,0.25862068965517243]
[8,129.18103448275863,1,0.25862068965517243]
[6,129.43965517241378,0,0.25862068965517243]
[4,129.56896551724137,0,0.25862068965517243]
[5,129.56896551724137,0,0.25862068965517243]
[3,129.69827586206895,0,0.25862068965517243]
[2,129.82758620689654,0,0.25862068965517243]
[6,129.95689655172413,0,0.25862068965517243]
[7,130.08620689655172,0,0.25862068965517243]
[8,130.08620689655172,0,0.25862068965517243]
[3,130.2155172413793,1,0.25862068965517243]
[0,130.2155172413793,1,0.25862068965517243]
[5,130.47413793103448,0,0.25862068965517243]
[7,130.60344827586206,0,0.25862068965517243]
[6,130.60344827586206,0,0.25862068965517243]
[8,130.73275862068965,0,0.25862068965517243]
[4,130.86206896551724,0,0.25862068965517243]
[4,130.99137931034483,0,0.25862068965517243]
[1,131.1206896551724,0,0.25862068965517243]
[2,131.1206896551724,0,0.25862068965517243]
[7,131.25,1,0.25862068965517243]
[6,131.25,1,0.25862068965517243]
[5,131.50862068965517,0,0.25862068965517243]
[4,131.63793103448276,0,0.25862068965517243]
[3,131.63793103448276,0,0.25862068965517243]
[2,131.76724137931035,0,0.25862068965517243]
[1,131.89655172413794,0,0.25862068965517243]
[0,131.89655172413794,0,0.25862068965517243]
[7,132.02586206896552,0,0.25862068965517243]
[8,132.02586206896552,0,0.25862068965517243]
[3,132.1551724137931,0,0.25862068965517243]
[6,132.1551724137931,0,0.25862068965517243]
[5,132.2844827586207,0,0.25862068965517243]
[2,132.2844827586207,0,0.25862068965517243]
[1,132.41379310344828,1,0.25862068965517243]
[0,132.41379310344828,1,0.25862068965517243]
[7,132.67241379310346,0,0.25862068965517243]
[8,132.67241379310346,0,0.25862068965517243]
[3,132.80172413793105,0,0.25862068965517243]
[5,132.93103448275863,0,0.25862068965517243]
[5,133.0603448275862,0,0.25862068965517243]
[1,133.18965517241378,0,0.25862068965517243]
[0,133.18965517241378,0,0.25862068965517243]
[7,133.31896551724137,1,0.25862068965517243]
[8,133.31896551724137,1,0.25862068965517243]
[6,133.57758620689654,0,0.25862068965517243]
[4,133.70689655172413,0,0.25862068965517243]
[5,133.70689655172413,0,0.25862068965517243]
[0,133.83620689655172,0,0.25862068965517243]
[2,133.9655172413793,0,0.25862068965517243]
[3,134.0948275862069,0,0.25862068965517243]
[7,134.22413793103448,0,0.25862068965517243]
[8,134.22413793103448,0,0.25862068965517243]
[1,134.35344827586206,1,0.25862068965517243]
[0,134.35344827586206,1,0.25862068965517243]
[5,134.61206896551724,0,0.25862068965517243]
[4,134.74137931034483,0,0.25862068965517243]
[3,134.74137931034483,0,0.25862068965517243]
[8,134.8706896551724,0,0.25862068965517243]
[6,135,0,0.25862068965517243]
[6,135.1293103448276,0,0.25862068965517243]
[5,135.25862068965517,0,0.25862068965517243]
[4,135.25862068965517,0,0.25862068965517243]
[0,135.38793103448276,1,0.25862068965517243]
[1,135.38793103448276,1,0.25862068965517243]
[2,135.64655172413794,0,0.25862068965517243]
[4,135.77586206896552,0,0.25862068965517243]
[3,135.77586206896552,0,0.25862068965517243]
[5,135.9051724137931,0,0.25862068965517243]
[7,136.0344827586207,0,0.25862068965517243]
[6,136.0344827586207,0,0.25862068965517243]
[8,136.16379310344828,0,0.25862068965517243]
[3,136.29310344827587,0,0.25862068965517243]
[0,136.29310344827587,0,0.25862068965517243]
[4,136.42241379310346,0,0.25862068965517243]
[5,136.42241379310346,0,0.25862068965517243]
[7,136.55172413793105,1,0.25862068965517243]
[6,136.55172413793105,1,0.25862068965517243]
[1,136.8103448275862,0,0.25862068965517243]
[2,136.8103448275862,0,0.25862068965517243]
[3,136.93965517241378,0,0.25862068965517243]
[5,137.06896551724137,0,0.25862068965517243]
[5,137.19827586206895,0,0.25862068965517243]
[1,137.32758620689654,0,0.25862068965517243]
[0,137.32758620689654,0,0.25862068965517243]
[8,137.45689655172413,1,0.25862068965517243]
[7,137.45689655172413,1,0.25862068965517243]
[6,137.7155172413793,0,0.25862068965517243]
[1,137.8448275862069,0,0.25862068965517243]
[2,137.8448275862069,0,0.25862068965517243]
[4,137.97413793103448,0,0.25862068965517243]
[3,137.97413793103448,0,0.25862068965517243]
[5,138.10344827586206,0,0.25862068965517243]
[6,138.23275862068965,0,0.25862068965517243]
[7,138.36206896551724,0,0.25862068965517243]
[8,138.49137931034483,0,0.25862068965517243]
[0,138.6206896551724,0,0.25862068965517243]
[3,138.6206896551724,0,0.25862068965517243]
[1,138.75,0,0.5172413793103449]
[5,139.00862068965517,0,0.25862068965517243]
[8,139.00862068965517,0,0.25862068965517243]
[7,139.13793103448276,0,0.25862068965517243]
[1,139.3965517241379,0,0.25862068965517243]
[0,139.3965517241379,0,0.25862068965517243]
[3,139.52586206896552,0,0.25862068965517243]
[4,139.7844827586207,0,0.25862068965517243]
[5,139.7844827586207,0,0.25862068965517243]
[8,139.91379310344828,1,0.5172413793103449]
[3,140.43103448275863,0,0.5172413793103449]
[5,140.5603448275862,0,0.5172413793103449]
[7,140.68965517241378,0,0.5172413793103449]
[0,140.94827586206895,1,0.25862068965517243]
[1,141.20689655172413,1,0.25862068965517243]
[2,141.4655172413793,0,0.25862068965517243]
[3,141.5948275862069,1,0.25862068965517243]
[4,141.85344827586206,1,0.25862068965517243]
[5,142.11206896551724,1,0.25862068965517243]
[6,142.3706896551724,0,0.25862068965517243]
[7,142.5,1,0.25862068965517243]
[8,142.75862068965517,1,0.25862068965517243]
[0,143.01724137931035,1,0.25862068965517243]
[1,143.27586206896552,1,0.25862068965517243]
[2,143.5344827586207,0,0.25862068965517243]
[3,143.66379310344828,1,0.25862068965517243]
[4,143.92241379310346,0,0.25862068965517243]
[5,144.05172413793105,1,0.25862068965517243]
[6,144.3103448275862,0,0.25862068965517243]
[7,144.43965517241378,0,0.25862068965517243]
[8,144.56896551724137,0,0.25862068965517243]
[3,144.69827586206895,0,0.25862068965517243]
[4,144.82758620689654,0,0.25862068965517243]
[2,145.08620689655172,1,0.25862068965517243]
[1,145.3448275862069,1,0.25862068965517243]
[0,145.60344827586206,0,0.25862068965517243]
[5,145.73275862068965,1,0.25862068965517243]
[4,145.99137931034483,0,0.25862068965517243]
[3,146.1206896551724,1,0.25862068965517243]
[8,146.3793103448276,0,0.25862068965517243]
[7,146.50862068965517,1,0.25862068965517243]
[6,146.76724137931035,0,0.25862068965517243]
[2,146.89655172413794,1,0.25862068965517243]
[1,147.1551724137931,1,0.25862068965517243]
[0,147.41379310344828,1,0.25862068965517243]
[5,147.67241379310346,0,0.25862068965517243]
[3,147.80172413793105,1,0.25862068965517243]
[8,148.0603448275862,0,0.25862068965517243]
[6,148.18965517241378,0,0.25862068965517243]
[5,148.31896551724137,0,0.25862068965517243]
[0,148.44827586206895,0,0.25862068965517243]
[1,148.57758620689654,1,0.25862068965517243]
[2,148.57758620689654,1,0.25862068965517243]
[6,148.83620689655172,0,0.25862068965517243]
[7,148.9655172413793,0,0.25862068965517243]
[8,148.9655172413793,0,0.25862068965517243]
[3,149.22413793103448,1,0.25862068965517243]
[5,149.48275862068965,1,0.25862068965517243]
[6,149.74137931034483,0,0.25862068965517243]
[8,149.8706896551724,1,0.25862068965517243]
[3,150.1293103448276,1,0.25862068965517243]
[2,150.38793103448276,1,0.25862068965517243]
[0,150.64655172413794,0,0.25862068965517243]
[5,150.77586206896552,0,0.25862068965517243]
[6,150.9051724137931,0,0.25862068965517243]
[8,151.0344827586207,1,0.25862068965517243]
[4,151.29310344827587,1,0.25862068965517243]
[3,151.55172413793105,1,0.25862068965517243]
[2,151.8103448275862,0,0.25862068965517243]
[0,151.93965517241378,1,0.25862068965517243]
[5,152.19827586206895,0,0.25862068965517243]
[7,152.32758620689654,0,0.25862068965517243]
[6,152.45689655172413,1,0.25862068965517243]
[8,152.7155172413793,0,0.25862068965517243]
[0,152.8448275862069,0,0.25862068965517243]
[2,152.97413793103448,0,0.25862068965517243]
[7,153.10344827586206,0,0.25862068965517243]
[8,153.36206896551724,1,0.25862068965517243]
[0,153.6206896551724,1,0.25862068965517243]
[5,153.8793103448276,0,0.25862068965517243]
[3,154.00862068965517,1,0.25862068965517243]
[8,154.26724137931035,0,0.25862068965517243]
[6,154.39655172413794,0,0.25862068965517243]
[5,154.52586206896552,0,0.25862068965517243]
[0,154.6551724137931,1,0.25862068965517243]
[2,154.91379310344828,0,0.25862068965517243]
[3,155.04310344827587,0,0.25862068965517243]
[4,155.17241379310346,0,0.25862068965517243]
[5,155.30172413793105,0,0.25862068965517243]
[2,155.43103448275863,0,0.25862068965517243]
[0,155.43103448275863,0,0.25862068965517243]
[4,155.68965517241378,0,0.25862068965517243]
[3,155.81896551724137,0,0.25862068965517243]
[6,155.94827586206895,0,0.25862068965517243]
[8,155.94827586206895,0,0.25862068965517243]
[4,156.20689655172413,0,0.25862068965517243]
[5,156.33620689655172,0,0.25862068965517243]
[2,156.4655172413793,0,0.25862068965517243]
[0,156.4655172413793,0,0.25862068965517243]
[8,156.72413793103448,0,0.25862068965517243]
[6,156.85344827586206,0,0.25862068965517243]
[5,156.98275862068965,0,0.25862068965517243]
[0,157.11206896551724,0,0.25862068965517243]
[7,157.24137931034483,0,0.25862068965517243]
[7,157.5,0,0.25862068965517243]
[0,157.75862068965517,0,0.25862068965517243]
[2,157.75862068965517,0,0.25862068965517243]
[4,158.01724137931035,0,0.25862068965517243]
[6,158.14655172413794,0,0.25862068965517243]
[8,158.14655172413794,0,0.25862068965517243]
[3,158.4051724137931,0,0.25862068965517243]
[2,158.5344827586207,0,0.25862068965517243]
[0,158.59913793103448,0,0.25862068965517243]
[2,158.66379310344828,0,0.25862068965517243]
[0,158.72844827586206,0,0.25862068965517243]
[2,158.79310344827587,0,0.25862068965517243]
[0,158.85775862068965,0,0.25862068965517243]
[2,158.92241379310346,0,0.25862068965517243]
[0,158.98706896551724,0,0.25862068965517243]
[2,159.05172413793105,0,0.25862068965517243]
[0,159.11637931034483,0,0.25862068965517243]
[2,159.18103448275863,0,0.25862068965517243]
[0,159.2456896551724,0,0.25862068965517243]
[5,159.3103448275862,0,0.25862068965517243]
[8,159.56896551724137,0,0.25862068965517243]
[6,159.82758620689654,0,0.25862068965517243]
[7,159.82758620689654,0,0.25862068965517243]
[0,160.08620689655172,0,0.25862068965517243]
[1,160.2155172413793,0,0.25862068965517243]
[2,160.2155172413793,0,0.25862068965517243]
[3,160.47413793103448,0,0.25862068965517243]
[8,160.60344827586206,0,0.25862068965517243]
[6,160.66810344827587,0,0.25862068965517243]
[8,160.73275862068965,0,0.25862068965517243]
[6,160.79741379310346,0,0.25862068965517243]
[8,160.86206896551724,0,0.25862068965517243]
[6,160.92672413793105,0,0.25862068965517243]
[8,160.99137931034483,0,0.25862068965517243]
[6,161.05603448275863,0,0.25862068965517243]
[8,161.1206896551724,0,0.25862068965517243]
[6,161.1853448275862,0,0.25862068965517243]
[8,161.25,0,0.25862068965517243]
[6,161.31465517241378,0,0.25862068965517243]
[5,161.3793103448276,0,0.25862068965517243]
[1,161.63793103448276,0,0.25862068965517243]
[0,161.89655172413794,0,0.25862068965517243]
[3,161.89655172413794,0,0.25862068965517243]
[7,162.1551724137931,0,0.25862068965517243]
[8,162.2844827586207,0,0.25862068965517243]
[5,162.2844827586207,0,0.25862068965517243]
[3,162.54310344827587,0,0.25862068965517243]
[2,162.67241379310346,0,0.25862068965517243]
[0,162.73706896551724,0,0.25862068965517243]
[2,162.80172413793105,0,0.25862068965517243]
[0,162.86637931034483,0,0.25862068965517243]
[2,162.93103448275863,0,0.25862068965517243]
[0,162.9956896551724,0,0.25862068965517243]
[2,163.0603448275862,0,0.25862068965517243]
[0,163.125,0,0.25862068965517243]
[2,163.18965517241378,0,0.25862068965517243]
[0,163.2543103448276,0,0.25862068965517243]
[2,163.31896551724137,0,0.25862068965517243]
[0,163.38362068965517,0,0.25862068965517243]
[5,163.44827586206895,0,0.25862068965517243]
[8,163.70689655172413,0,0.25862068965517243]
[3,163.9655172413793,0,0.25862068965517243]
[7,163.9655172413793,0,0.25862068965517243]
[0,164.22413793103448,0,0.25862068965517243]
[2,164.35344827586206,0,0.25862068965517243]
[4,164.35344827586206,0,0.25862068965517243]
[6,164.61206896551724,0,0.25862068965517243]
[8,164.74137931034483,0,0.25862068965517243]
[3,164.8706896551724,0,0.25862068965517243]
[2,165,0,0.25862068965517243]
[0,165.06465517241378,0,0.25862068965517243]
[2,165.1293103448276,0,0.25862068965517243]
[0,165.19396551724137,0,0.25862068965517243]
[2,165.25862068965517,0,0.25862068965517243]
[0,165.32327586206895,0,0.25862068965517243]
[2,165.38793103448276,0,0.25862068965517243]
[0,165.45258620689654,0,0.25862068965517243]
[5,165.51724137931035,0,0.25862068965517243]
[3,165.77586206896552,0,0.3017241206896552]
[4,165.77586206896552,0,0.3017241206896552]
[8,165.9051724137931,0,0.25862068965517243]
[6,166.0344827586207,0,0.25862068965517243]
[6,166.16379310344828,0,0.25862068965517243]
[1,166.29310344827587,0,0.25862068965517243]
[2,166.29310344827587,0,0.25862068965517243]
[4,166.42241379310346,1,0.25862068965517243]
[3,166.42241379310346,1,0.25862068965517243]
[8,166.68103448275863,0,0.25862068965517243]
[1,166.8103448275862,0,0.25862068965517243]
[0,166.8103448275862,0,0.25862068965517243]
[5,166.93965517241378,0,0.25862068965517243]
[6,167.06896551724137,0,0.25862068965517243]
[2,167.19827586206895,0,0.25862068965517243]
[4,167.32758620689654,0,0.25862068965517243]
[3,167.32758620689654,0,0.25862068965517243]
[8,167.45689655172413,0,0.25862068965517243]
[6,167.58620689655172,1,0.25862068965517243]
[7,167.58620689655172,1,0.25862068965517243]
[2,167.8448275862069,0,0.25862068965517243]
[1,167.8448275862069,0,0.25862068965517243]
[3,167.97413793103448,0,0.25862068965517243]
[5,168.10344827586206,0,0.25862068965517243]
[5,168.23275862068965,0,0.25862068965517243]
[0,168.36206896551724,0,0.25862068965517243]
[1,168.36206896551724,0,0.25862068965517243]
[7,168.49137931034483,0,0.25862068965517243]
[8,168.49137931034483,0,0.25862068965517243]
[6,168.6206896551724,0,0.25862068965517243]
[4,168.75,0,0.25862068965517243]
[2,168.8793103448276,0,0.25862068965517243]
[3,169.00862068965517,0,0.25862068965517243]
[7,169.13793103448276,0,0.25862068965517243]
[8,169.13793103448276,0,0.25862068965517243]
[0,169.26724137931035,0,0.25862068965517243]
[2,169.39655172413794,0,0.25862068965517243]
[5,169.39655172413794,0,0.25862068965517243]
[4,169.52586206896552,0,0.25862068965517243]
[3,169.52586206896552,0,0.25862068965517243]
[7,169.6551724137931,1,0.25862068965517243]
[8,169.6551724137931,1,0.25862068965517243]
[1,169.91379310344828,0,0.25862068965517243]
[0,169.91379310344828,0,0.25862068965517243]
[5,170.04310344827587,0,0.25862068965517243]
[6,170.17241379310346,0,0.25862068965517243]
[6,170.30172413793105,0,0.25862068965517243]
[1,170.43103448275863,0,0.25862068965517243]
[2,170.43103448275863,0,0.25862068965517243]
[0,170.5603448275862,0,0.25862068965517243]
[3,170.5603448275862,0,0.25862068965517243]
[7,170.68965517241378,0,0.25862068965517243]
[8,170.68965517241378,0,0.25862068965517243]
[6,170.81896551724137,0,0.25862068965517243]
[2,170.94827586206895,1,0.25862068965517243]
[5,170.94827586206895,1,0.25862068965517243]
[3,171.20689655172413,0,0.25862068965517243]
[8,171.33620689655172,0,0.25862068965517243]
[0,171.4655172413793,0,0.25862068965517243]
[1,171.4655172413793,0,0.25862068965517243]
[5,171.5948275862069,0,0.25862068965517243]
[4,171.6594827586207,0,0.25862068965517243]
[6,171.72413793103448,1,0.25862068965517243]
[1,171.98275862068965,0,0.25862068965517243]
[2,171.98275862068965,0,0.25862068965517243]
[3,172.11206896551724,0,0.25862068965517243]
[8,172.24137931034483,0,0.25862068965517243]
[8,172.3706896551724,0,0.25862068965517243]
[0,172.5,0,0.25862068965517243]
[1,172.5,0,0.25862068965517243]
[5,172.6293103448276,0,0.25862068965517243]
[6,172.75862068965517,0,0.25862068965517243]
[6,172.88793103448276,0,0.25862068965517243]
[7,173.01724137931035,0,0.25862068965517243]
[8,173.01724137931035,0,0.25862068965517243]
[3,173.14655172413794,0,0.25862068965517243]
[2,173.27586206896552,0,0.25862068965517243]
[4,173.27586206896552,0,0.25862068965517243]
[0,173.4051724137931,0,0.25862068965517243]
[1,173.4051724137931,0,0.25862068965517243]
[7,173.5344827586207,0,0.25862068965517243]
[8,173.5344827586207,0,0.25862068965517243]
[3,173.66379310344828,0,0.25862068965517243]
[6,173.66379310344828,0,0.25862068965517243]
[2,173.79310344827587,1,0.25862068965517243]
[5,173.79310344827587,1,0.25862068965517243]
[4,174.05172413793105,0,0.25862068965517243]
[0,174.05172413793105,0,0.25862068965517243]
[8,174.18103448275863,0,0.25862068965517243]
[6,174.3103448275862,0,0.25862068965517243]
[6,174.43965517241378,0,0.25862068965517243]
[1,174.56896551724137,0,0.25862068965517243]
[2,174.56896551724137,0,0.25862068965517243]
[3,174.69827586206895,0,0.25862068965517243]
[4,174.82758620689654,0,0.25862068965517243]
[5,174.82758620689654,0,0.25862068965517243]
[6,174.95689655172413,0,0.25862068965517243]
[7,175.08620689655172,0,0.25862068965517243]
[8,175.08620689655172,0,0.25862068965517243]
[1,175.2155172413793,0,0.25862068965517243]
[0,175.2155172413793,0,0.25862068965517243]
[5,175.3448275862069,0,0.25862068965517243]
[5,175.47413793103448,0,0.25862068965517243]
[6,175.60344827586206,0,0.25862068965517243]
[7,175.60344827586206,0,0.25862068965517243]
[8,175.73275862068965,0,0.25862068965517243]
[0,175.86206896551724,1,0.25862068965517243]
[4,175.86206896551724,1,0.25862068965517243]
[1,176.1206896551724,0,0.25862068965517243]
[2,176.1206896551724,0,0.25862068965517243]
[3,176.25,0,0.25862068965517243]
[8,176.3793103448276,0,0.25862068965517243]
[6,176.50862068965517,0,0.25862068965517243]
[4,176.63793103448276,0,0.25862068965517243]
[5,176.63793103448276,0,0.25862068965517243]
[0,176.76724137931035,0,0.25862068965517243]
[1,176.89655172413794,0,0.25862068965517243]
[2,176.89655172413794,0,0.25862068965517243]
[3,177.02586206896552,0,0.25862068965517243]
[7,177.1551724137931,0,0.25862068965517243]
[8,177.1551724137931,0,0.25862068965517243]
[6,177.2844827586207,0,0.25862068965517243]
[2,177.41379310344828,0,0.25862068965517243]
[4,177.41379310344828,0,0.25862068965517243]
[0,177.54310344827587,0,0.25862068965517243]
[1,177.54310344827587,0,0.25862068965517243]
[5,177.67241379310346,0,0.25862068965517243]
[8,177.67241379310346,0,0.25862068965517243]
[3,177.80172413793105,0,0.25862068965517243]
[6,177.80172413793105,0,0.25862068965517243]
[4,177.93103448275863,1,0.25862068965517243]
[2,177.93103448275863,1,0.25862068965517243]
[1,178.18965517241378,0,0.25862068965517243]
[0,178.18965517241378,0,0.25862068965517243]
[5,178.31896551724137,0,0.25862068965517243]
[6,178.44827586206895,0,0.25862068965517243]
[8,178.57758620689654,0,0.25862068965517243]
[3,178.70689655172413,0,0.25862068965517243]
[7,178.70689655172413,0,0.25862068965517243]
[5,178.83620689655172,0,0.25862068965517243]
[4,178.9655172413793,1,0.25862068965517243]
[0,178.9655172413793,1,0.25862068965517243]
[1,179.22413793103448,0,0.25862068965517243]
[2,179.22413793103448,0,0.25862068965517243]
[3,179.35344827586206,0,0.25862068965517243]
[8,179.48275862068965,0,0.25862068965517243]
[6,179.61206896551724,0,0.25862068965517243]
[5,179.74137931034483,0,0.25862068965517243]
[7,179.74137931034483,0,0.25862068965517243]
[3,179.8706896551724,0,0.25862068965517243]
[2,180,1,0.25862068965517243]
[4,180,1,0.25862068965517243]
[1,180.25862068965517,0,0.25862068965517243]
[0,180.25862068965517,0,0.25862068965517243]
[5,180.38793103448276,0,0.25862068965517243]
[6,180.51724137931035,0,0.25862068965517243]
[6,180.64655172413794,0,0.25862068965517243]
[7,180.77586206896552,0,0.25862068965517243]
[8,180.77586206896552,0,0.25862068965517243]
[3,180.9051724137931,0,0.25862068965517243]
[3,181.0344827586207,0,0.25862068965517243]
[2,181.16379310344828,0,0.25862068965517243]
[5,181.16379310344828,0,0.25862068965517243]
[6,181.29310344827587,0,0.25862068965517243]
[7,181.42241379310346,0,0.25862068965517243]
[8,181.42241379310346,0,0.25862068965517243]
[0,181.55172413793105,0,0.25862068965517243]
[1,181.68103448275863,0,0.25862068965517243]
[2,181.68103448275863,0,0.25862068965517243]
[4,181.8103448275862,0,0.25862068965517243]
[3,181.8103448275862,0,0.25862068965517243]
[7,181.93965517241378,0,0.25862068965517243]
[8,181.93965517241378,0,0.25862068965517243]
[6,182.0689655172414,1,0.25862068965517243]
[7,182.32758620689657,0,0.25862068965517243]
[8,182.32758620689657,0,0.25862068965517243]
[3,182.45689655172416,0,0.25862068965517243]
[5,182.71551724137933,0,0.25862068965517243]
[1,182.84482758620692,0,0.25862068965517243]
[0,182.84482758620692,0,0.25862068965517243]
[8,183.1034482758621,1,0.25862068965517243]
[7,183.36206896551727,0,0.25862068965517243]
[6,183.36206896551727,0,0.25862068965517243]
[5,183.49137931034483,0,0.25862068965517243]
[4,183.75,0,0.25862068965517243]
[3,183.75,0,0.25862068965517243]
[2,183.87931034482762,0,0.25862068965517243]
[1,184.00862068965517,0,0.25862068965517243]
[6,184.1379310344828,1,0.25862068965517243]
[5,184.39655172413796,0,0.25862068965517243]
[7,184.39655172413796,0,0.25862068965517243]
[3,184.52586206896552,0,0.25862068965517243]
[2,184.7844827586207,0,0.25862068965517243]
[4,184.9137931034483,0,0.25862068965517243]
[0,184.9137931034483,0,0.25862068965517243]
[8,185.1724137931035,1,0.25862068965517243]
[7,185.43103448275863,0,0.25862068965517243]
[3,185.43103448275863,0,0.25862068965517243]
[5,185.56034482758622,0,0.25862068965517243]
[4,185.8189655172414,0,0.25862068965517243]
[0,185.8189655172414,0,0.25862068965517243]
[2,185.94827586206898,0,0.25862068965517243]
[1,186.07758620689657,0,0.25862068965517243]
[3,186.20689655172416,1,0.25862068965517243]
[4,186.20689655172416,1,0.25862068965517243]
[5,186.46551724137933,0,0.25862068965517243]
[8,186.46551724137933,0,0.25862068965517243]
[6,186.59482758620692,0,0.25862068965517243]
[2,186.8534482758621,0,0.25862068965517243]
[0,186.98275862068968,0,0.25862068965517243]
[3,186.98275862068968,0,0.25862068965517243]
[5,187.24137931034483,1,0.25862068965517243]
[3,187.5,0,0.25862068965517243]
[6,187.5,0,0.25862068965517243]
[8,187.62931034482762,0,0.25862068965517243]
[0,187.8879310344828,0,0.25862068965517243]
[3,187.8879310344828,0,0.25862068965517243]
[2,188.01724137931035,0,0.25862068965517243]
[1,188.14655172413796,0,0.25862068965517243]
[6,188.27586206896552,1,0.25862068965517243]
[5,188.5344827586207,0,0.25862068965517243]
[4,188.5344827586207,0,0.25862068965517243]
[3,188.6637931034483,0,0.25862068965517243]
[2,188.9224137931035,0,0.25862068965517243]
[1,189.05172413793105,0,0.25862068965517243]
[0,189.05172413793105,0,0.25862068965517243]
[8,189.31034482758622,1,0.25862068965517243]
[4,189.5689655172414,0,0.25862068965517243]
[3,189.5689655172414,0,0.25862068965517243]
[2,189.69827586206898,0,0.25862068965517243]
[1,189.82758620689657,0,0.25862068965517243]
[7,189.95689655172416,0,0.25862068965517243]
[6,189.95689655172416,0,0.25862068965517243]
[5,190.08620689655174,0,0.25862068965517243]
[3,190.21551724137933,0,0.25862068965517243]
[4,190.21551724137933,0,0.25862068965517243]
[2,190.34482758620692,1,0.25862068965517243]
[1,190.6034482758621,0,0.25862068965517243]
[0,190.6034482758621,0,0.25862068965517243]
[5,190.73275862068968,0,0.25862068965517243]
[3,190.99137931034483,0,0.25862068965517243]
[7,191.12068965517244,0,0.25862068965517243]
[8,191.12068965517244,0,0.25862068965517243]
[0,191.37931034482762,1,0.25862068965517243]
[1,191.6379310344828,0,0.25862068965517243]
[2,191.6379310344828,0,0.25862068965517243]
[3,191.76724137931035,0,0.25862068965517243]
[4,192.02586206896552,0,0.25862068965517243]
[5,192.02586206896552,0,0.25862068965517243]
[6,192.15517241379314,0,0.25862068965517243]
[7,192.2844827586207,0,0.25862068965517243]
[2,192.4137931034483,1,0.25862068965517243]
[3,192.6724137931035,0,0.25862068965517243]
[7,192.6724137931035,0,0.25862068965517243]
[5,192.80172413793105,0,0.25862068965517243]
[0,193.06034482758622,0,0.25862068965517243]
[4,193.1896551724138,0,0.25862068965517243]
[2,193.1896551724138,0,0.25862068965517243]
[0,193.44827586206898,1,0.25862068965517243]
[5,193.70689655172416,0,0.25862068965517243]
[7,193.70689655172416,0,0.25862068965517243]
[3,193.83620689655174,0,0.25862068965517243]
[2,194.09482758620692,0,0.25862068965517243]
[4,194.09482758620692,0,0.25862068965517243]
[0,194.2241379310345,0,0.25862068965517243]
[1,194.3534482758621,0,0.25862068965517243]
[5,194.48275862068968,1,0.25862068965517243]
[4,194.48275862068968,1,0.25862068965517243]
[3,194.74137931034483,0,0.25862068965517243]
[6,194.74137931034483,0,0.25862068965517243]
[8,194.87068965517244,0,0.25862068965517243]
[0,195.12931034482762,0,0.25862068965517243]
[2,195.25862068965517,0,0.25862068965517243]
[5,195.25862068965517,0,0.25862068965517243]
[3,195.51724137931035,1,0.25862068965517243]
[5,195.77586206896552,0,0.25862068965517243]
[2,195.77586206896552,0,0.25862068965517243]
[0,195.90517241379314,0,0.25862068965517243]
[5,196.1637931034483,0,0.25862068965517243]
[8,196.1637931034483,0,0.25862068965517243]
[3,196.29310344827587,0,0.25862068965517243]
[4,196.42241379310346,0,0.25862068965517243]
[5,196.55172413793105,0,0.25862068965517243]
[2,196.55172413793105,0,0.25862068965517243]
[7,196.6810344827586,0,0.25862068965517243]
[6,196.6810344827586,0,0.25862068965517243]
[1,196.93965517241378,0,0.25862068965517243]
[0,196.93965517241378,0,0.25862068965517243]
[5,197.06896551724137,0,0.25862068965517243]
[8,197.06896551724137,0,0.25862068965517243]
[3,197.32758620689654,0,0.25862068965517243]
[6,197.32758620689654,0,0.25862068965517243]
[1,197.45689655172413,0,0.25862068965517243]
[2,197.45689655172413,0,0.25862068965517243]
[3,197.7155172413793,0,0.25862068965517243]
[0,197.7155172413793,0,0.25862068965517243]
[7,197.8448275862069,0,0.25862068965517243]
[8,197.8448275862069,0,0.25862068965517243]
[6,197.97413793103448,0,0.25862068965517243]
[1,198.10344827586206,0,0.25862068965517243]
[2,198.10344827586206,0,0.25862068965517243]
[3,198.23275862068965,0,0.25862068965517243]
[4,198.36206896551724,0,0.25862068965517243]
[5,198.49137931034483,0,0.25862068965517243]
[6,198.6206896551724,0,0.25862068965517243]
[6,198.75,0,0.25862068965517243]
[4,198.8793103448276,1,0.25862068965517243]
[5,198.8793103448276,1,0.25862068965517243]
[3,199.13793103448276,0,0.25862068965517243]
[3,199.26724137931035,0,0.5172413793103449]
[7,199.39655172413794,1,0.25862068965517243]
[8,199.39655172413794,1,0.25862068965517243]
[0,199.6551724137931,0,0.25862068965517243]
[0,199.7844827586207,0,0.25862068965517243]
[1,199.91379310344828,1,0.25862068965517243]
[2,199.91379310344828,1,0.25862068965517243]
[6,200.17241379310346,0,0.25862068965517243]
[5,200.30172413793105,0,0.25862068965517243]
[5,200.4310344827586,0,0.25862068965517243]
[0,200.5603448275862,0,0.25862068965517243]
[8,200.68965517241378,0,0.25862068965517243]
[8,200.81896551724137,0,0.25862068965517243]
[4,200.94827586206895,1,0.25862068965517243]
[3,200.94827586206895,1,0.25862068965517243]
[5,201.20689655172413,0,0.25862068965517243]
[5,201.33620689655172,0,0.25862068965517243]
[6,201.4655172413793,1,0.25862068965517243]
[7,201.4655172413793,1,0.25862068965517243]
[2,201.72413793103448,0,0.25862068965517243]
[2,201.85344827586206,0,0.25862068965517243]
[0,201.98275862068965,1,0.25862068965517243]
[1,201.98275862068965,1,0.25862068965517243]
[8,202.24137931034483,0,0.25862068965517243]
[3,202.3706896551724,0,0.25862068965517243]
[3,202.5,0,0.25862068965517243]
[2,202.6293103448276,0,0.25862068965517243]
[6,202.75862068965517,0,0.25862068965517243]
[6,202.88793103448276,0,0.25862068965517243]
[4,203.01724137931035,1,0.25862068965517243]
[5,203.01724137931035,1,0.25862068965517243]
[3,203.27586206896552,0,0.25862068965517243]
[3,203.4051724137931,0,0.25862068965517243]
[1,203.5344827586207,1,0.25862068965517243]
[2,203.5344827586207,1,0.25862068965517243]
[0,203.79310344827587,0,0.25862068965517243]
[0,203.92241379310346,0,0.25862068965517243]
[7,204.05172413793105,1,0.25862068965517243]
[8,204.05172413793105,1,0.25862068965517243]
[6,204.3103448275862,0,0.25862068965517243]
[5,204.43965517241378,0,0.25862068965517243]
[5,204.56896551724137,0,0.25862068965517243]
[0,204.69827586206895,0,0.25862068965517243]
[8,204.82758620689654,0,0.25862068965517243]
[8,204.95689655172413,0,0.25862068965517243]
[4,205.08620689655172,1,0.25862068965517243]
[3,205.08620689655172,1,0.25862068965517243]
[5,205.3448275862069,0,0.25862068965517243]
[5,205.47413793103448,0,0.25862068965517243]
[1,205.60344827586206,1,0.25862068965517243]
[0,205.60344827586206,1,0.25862068965517243]
[2,205.86206896551724,0,0.25862068965517243]
[2,205.99137931034483,0,0.25862068965517243]
[7,206.1206896551724,1,0.25862068965517243]
[6,206.1206896551724,1,0.25862068965517243]
[8,206.3793103448276,0,0.25862068965517243]
[0,206.50862068965517,0,0.25862068965517243]
[5,206.63793103448276,0,0.25862068965517243]
[4,206.76724137931035,0,0.25862068965517243]
[2,206.89655172413794,0,0.25862068965517243]
[3,206.89655172413794,0,0.25862068965517243]
[0,207.1551724137931,0,0.25862068965517243]
[5,207.1551724137931,0,0.25862068965517243]
[6,207.41379310344828,0,0.25862068965517243]
[7,207.41379310344828,0,0.25862068965517243]
[8,207.54310344827587,0,0.25862068965517243]
[4,207.67241379310346,0,0.25862068965517243]
[0,207.80172413793105,1,0.25862068965517243]
[5,207.80172413793105,1,0.25862068965517243]
[1,208.0603448275862,0,0.25862068965517243]
[2,208.18965517241378,0,0.25862068965517243]
[3,208.18965517241378,0,0.25862068965517243]
[7,208.44827586206895,0,0.25862068965517243]
[8,208.44827586206895,0,0.25862068965517243]
[6,208.57758620689654,0,0.25862068965517243]
[4,208.70689655172413,1,0.25862068965517243]
[5,208.9655172413793,0,0.25862068965517243]
[0,209.0948275862069,0,0.25862068965517243]
[3,209.0948275862069,0,0.25862068965517243]
[1,209.22413793103448,0,0.25862068965517243]
[2,209.22413793103448,0,0.25862068965517243]
[6,209.35344827586206,0,0.25862068965517243]
[7,209.35344827586206,0,0.25862068965517243]
[4,209.48275862068965,0,0.25862068965517243]
[5,209.48275862068965,0,0.25862068965517243]
[1,209.61206896551724,0,0.25862068965517243]
[0,209.61206896551724,0,0.25862068965517243]
[8,209.74137931034483,0,0.25862068965517243]
[7,209.74137931034483,0,0.25862068965517243]
[3,209.8706896551724,0,0.25862068965517243]
[6,209.8706896551724,0,0.25862068965517243]
[5,210.51724137931035,1,0.5172413793103449]
[4,211.0344827586207,0,0.5172413793103449]
[0,211.0344827586207,0,0.5172413793103449]
[6,211.0344827586207,0,0.25862068965517243]
[1,211.29310344827587,0,0.25862068965517243]
[2,211.29310344827587,0,0.25862068965517243]
[3,211.42241379310346,0,0.25862068965517243]
[8,211.55172413793105,0,0.25862068965517243]
[6,211.6810344827586,0,0.25862068965517243]
[5,211.8103448275862,0,0.25862068965517243]
[7,211.8103448275862,0,0.25862068965517243]
[0,211.93965517241378,0,0.25862068965517243]
[1,212.06896551724137,0,0.25862068965517243]
[2,212.06896551724137,0,0.25862068965517243]
[6,212.19827586206895,0,0.25862068965517243]
[7,212.32758620689654,0,0.25862068965517243]
[8,212.32758620689654,0,0.25862068965517243]
[3,212.45689655172413,0,0.25862068965517243]
[5,212.58620689655172,0,0.25862068965517243]
[5,212.7155172413793,0,0.25862068965517243]
[0,212.8448275862069,0,0.25862068965517243]
[1,212.8448275862069,0,0.25862068965517243]
[4,212.97413793103448,0,0.25862068965517243]
[2,213.10344827586206,0,0.25862068965517243]
[3,213.10344827586206,0,0.25862068965517243]
[6,213.10344827586206,0,0.25862068965517243]
[7,213.36206896551724,0,0.25862068965517243]
[8,213.36206896551724,0,0.25862068965517243]
[6,213.49137931034483,0,0.25862068965517243]
[5,213.6206896551724,0,0.25862068965517243]
[5,213.75,0,0.25862068965517243]
[4,213.8793103448276,0,0.25862068965517243]
[0,213.8793103448276,0,0.25862068965517243]
[2,214.00862068965517,0,0.25862068965517243]
[3,214.13793103448276,0,0.25862068965517243]
[6,214.13793103448276,0,0.25862068965517243]
[8,214.26724137931035,0,0.25862068965517243]
[1,214.39655172413794,0,0.25862068965517243]
[0,214.39655172413794,0,0.25862068965517243]
[4,214.52586206896552,0,0.25862068965517243]
[6,214.6551724137931,0,0.25862068965517243]
[8,214.6551724137931,0,0.25862068965517243]
[7,214.7844827586207,0,0.25862068965517243]
[4,214.91379310344828,0,0.25862068965517243]
[5,214.91379310344828,0,0.25862068965517243]
[0,215.04310344827587,0,0.25862068965517243]
[3,215.04310344827587,0,0.25862068965517243]
[1,215.17241379310346,0,0.25862068965517243]
[2,215.17241379310346,0,0.25862068965517243]
[6,215.17241379310346,0,0.25862068965517243]
[4,215.4310344827586,0,0.25862068965517243]
[5,215.4310344827586,0,0.25862068965517243]
[0,215.5603448275862,0,0.25862068965517243]
[8,215.68965517241378,0,0.25862068965517243]
[8,215.81896551724137,0,0.25862068965517243]
[7,215.94827586206895,0,0.25862068965517243]
[6,215.94827586206895,0,0.25862068965517243]
[5,216.07758620689654,0,0.25862068965517243]
[3,216.20689655172413,0,0.25862068965517243]
[2,216.20689655172413,0,0.25862068965517243]
[4,216.20689655172413,0,0.25862068965517243]
[1,216.4655172413793,0,0.25862068965517243]
[0,216.4655172413793,0,0.25862068965517243]
[8,216.5948275862069,0,0.25862068965517243]
[3,216.72413793103448,0,0.25862068965517243]
[3,216.85344827586206,0,0.25862068965517243]
[1,216.98275862068965,0,0.25862068965517243]
[2,216.98275862068965,0,0.25862068965517243]
[7,217.11206896551724,0,0.25862068965517243]
[6,217.11206896551724,0,0.25862068965517243]
[5,217.24137931034483,0,0.25862068965517243]
[0,217.3706896551724,0,0.25862068965517243]
[8,217.5,0,0.25862068965517243]
[7,217.5,0,0.25862068965517243]
[6,217.6293103448276,0,0.25862068965517243]
[2,217.75862068965517,0,0.25862068965517243]
[2,217.88793103448276,0,0.25862068965517243]
[3,218.01724137931035,0,0.25862068965517243]
[7,218.01724137931035,0,0.25862068965517243]
[8,218.14655172413794,0,0.25862068965517243]
[1,218.27586206896552,0,0.25862068965517243]
[0,218.27586206896552,0,0.25862068965517243]
[5,218.4051724137931,0,0.25862068965517243]
[4,218.5344827586207,0,0.25862068965517243]
[3,218.5344827586207,0,0.25862068965517243]
[2,218.66379310344828,0,0.25862068965517243]
[7,218.79310344827587,0,0.25862068965517243]
[6,218.79310344827587,0,0.25862068965517243]
[8,218.92241379310346,0,0.25862068965517243]
[5,218.92241379310346,0,0.25862068965517243]
[1,219.05172413793105,0,0.25862068965517243]
[0,219.05172413793105,0,0.25862068965517243]
[4,219.1810344827586,0,0.25862068965517243]
[2,219.1810344827586,0,0.25862068965517243]
[3,219.3103448275862,0,0.25862068965517243]
[6,219.3103448275862,0,0.25862068965517243]
[7,219.3103448275862,0,0.25862068965517243]
[5,219.56896551724137,0,0.25862068965517243]
[8,219.56896551724137,0,0.25862068965517243]
[0,219.69827586206895,0,0.25862068965517243]
[1,219.82758620689654,0,0.25862068965517243]
[2,219.82758620689654,0,0.25862068965517243]
[6,219.95689655172413,0,0.25862068965517243]
[5,220.08620689655172,0,0.25862068965517243]
[7,220.08620689655172,0,0.25862068965517243]
[3,220.2155172413793,0,0.25862068965517243]
[2,220.3448275862069,0,0.25862068965517243]
[2,220.47413793103448,0,0.25862068965517243]
[1,220.60344827586206,0,0.25862068965517243]
[0,220.60344827586206,0,0.25862068965517243]
[8,220.73275862068965,0,0.25862068965517243]
[6,220.86206896551724,0,0.25862068965517243]
[4,220.99137931034483,0,0.25862068965517243]
[3,221.1206896551724,0,0.25862068965517243]
[7,221.1206896551724,0,0.25862068965517243]
[2,221.25,0,0.25862068965517243]
[0,221.3793103448276,0,0.25862068965517243]
[1,221.3793103448276,0,0.25862068965517243]
[5,221.3793103448276,0,0.25862068965517243]
[7,221.63793103448276,0,0.25862068965517243]
[8,221.63793103448276,0,0.25862068965517243]
[3,221.76724137931035,0,0.25862068965517243]
[5,221.89655172413794,0,0.25862068965517243]
[5,222.02586206896552,0,0.25862068965517243]
[1,222.1551724137931,0,0.25862068965517243]
[0,222.1551724137931,0,0.25862068965517243]
[2,222.2844827586207,0,0.25862068965517243]
[7,222.41379310344828,0,0.25862068965517243]
[6,222.41379310344828,0,0.25862068965517243]
[4,222.54310344827587,0,0.25862068965517243]
[3,222.67241379310346,0,0.25862068965517243]
[5,222.67241379310346,0,0.25862068965517243]
[0,222.80172413793105,0,0.25862068965517243]
[1,222.9310344827586,0,0.25862068965517243]
[2,222.9310344827586,0,0.25862068965517243]
[6,223.0603448275862,0,0.25862068965517243]
[7,223.18965517241378,0,0.25862068965517243]
[8,223.18965517241378,0,0.25862068965517243]
[3,223.31896551724137,0,0.25862068965517243]
[4,223.44827586206895,0,0.25862068965517243]
[5,223.44827586206895,0,0.25862068965517243]
[0,223.57758620689654,0,0.25862068965517243]
[2,223.70689655172413,0,0.25862068965517243]
[6,223.83620689655172,0,0.25862068965517243]
[7,223.9655172413793,0,0.25862068965517243]
[8,223.9655172413793,0,0.25862068965517243]
[3,224.0948275862069,0,0.25862068965517243]
[3,224.22413793103448,0,0.25862068965517243]
[3,224.35344827586206,0,0.25862068965517243]
[1,224.48275862068965,0,0.25862068965517243]
[2,224.48275862068965,0,0.25862068965517243]
[6,224.61206896551724,0,0.25862068965517243]
[8,224.74137931034483,0,0.25862068965517243]
[3,224.8706896551724,0,0.25862068965517243]
[4,225,0,0.25862068965517243]
[5,225,0,0.25862068965517243]
[0,225.1293103448276,0,0.25862068965517243]
[0,225.25862068965517,0,0.25862068965517243]
[0,225.38793103448276,0,0.25862068965517243]
[1,225.51724137931035,0,0.25862068965517243]
[2,225.51724137931035,0,0.25862068965517243]
[3,225.64655172413794,0,0.25862068965517243]
[7,225.77586206896552,0,0.25862068965517243]
[5,225.9051724137931,0,0.25862068965517243]
[1,226.0344827586207,0,0.25862068965517243]
[0,226.0344827586207,0,0.25862068965517243]
[2,226.16379310344828,0,0.25862068965517243]
[2,226.29310344827587,0,0.25862068965517243]
[2,226.42241379310346,0,0.25862068965517243]
[7,226.55172413793105,0,0.25862068965517243]
[6,226.55172413793105,0,0.25862068965517243]
[5,226.6810344827586,0,0.25862068965517243]
[3,226.8103448275862,0,0.25862068965517243]
[2,226.93965517241378,0,0.25862068965517243]
[1,227.06896551724137,0,0.25862068965517243]
[0,227.06896551724137,0,0.25862068965517243]
[7,227.19827586206895,0,0.25862068965517243]
[8,227.19827586206895,0,0.25862068965517243]
[6,227.32758620689654,0,0.25862068965517243]
[5,227.45689655172413,0,0.25862068965517243]
[4,227.58620689655172,0,0.25862068965517243]
[3,227.58620689655172,0,0.25862068965517243]
[2,227.58620689655172,0,0.25862068965517243]
[8,227.8448275862069,0,0.25862068965517243]
[7,227.8448275862069,0,0.25862068965517243]
[1,227.97413793103448,0,0.25862068965517243]
[0,227.97413793103448,0,0.25862068965517243]
[2,228.10344827586206,0,0.25862068965517243]
[5,228.10344827586206,0,0.25862068965517243]
[3,228.10344827586206,0,0.25862068965517243]
[8,228.36206896551724,0,0.25862068965517243]
[6,228.49137931034483,0,0.25862068965517243]
[2,228.6206896551724,0,0.25862068965517243]
[1,228.6206896551724,0,0.25862068965517243]
[0,228.6206896551724,0,0.25862068965517243]
[5,228.8793103448276,0,0.25862068965517243]
[7,228.8793103448276,0,0.25862068965517243]
[4,229.00862068965517,0,0.25862068965517243]
[3,229.00862068965517,0,0.25862068965517243]
[8,229.13793103448276,0,0.25862068965517243]
[1,229.13793103448276,0,0.25862068965517243]
[0,229.13793103448276,0,0.25862068965517243]
[6,229.39655172413794,0,0.25862068965517243]
[4,229.52586206896552,0,0.25862068965517243]
[4,230.4310344827586,0,0.25862068965517243]
[4,230.68965517241378,0,0.25862068965517243]
[4,230.94827586206895,0,0.25862068965517243]
[7,231.20689655172413,0,0.25862068965517243]
[7,231.33620689655172,0,0.25862068965517243]
[0,231.4655172413793,0,0.25862068965517243]
[2,231.4655172413793,0,0.25862068965517243]
[5,231.72413793103448,0,0.25862068965517243]
[4,231.72413793103448,0,0.25862068965517243]
[6,231.85344827586206,0,0.25862068965517243]
[1,231.98275862068965,0,0.25862068965517243]
[2,231.98275862068965,0,0.25862068965517243]
[3,232.11206896551724,0,0.25862068965517243]
[8,232.24137931034483,0,0.25862068965517243]
[8,232.3706896551724,0,0.25862068965517243]
[1,232.5,0,0.25862068965517243]
[0,232.5,0,0.25862068965517243]
[5,232.6293103448276,0,0.25862068965517243]
[6,232.75862068965517,0,0.25862068965517243]
[2,232.88793103448276,0,0.25862068965517243]
[4,233.01724137931035,0,0.25862068965517243]
[3,233.01724137931035,0,0.25862068965517243]
[8,233.14655172413794,0,0.25862068965517243]
[8,233.27586206896552,0,0.25862068965517243]
[0,233.4051724137931,0,0.25862068965517243]
[1,233.5344827586207,0,0.25862068965517243]
[2,233.5344827586207,0,0.25862068965517243]
[7,233.66379310344828,0,0.25862068965517243]
[6,233.66379310344828,0,0.25862068965517243]
[4,233.79310344827587,0,0.25862068965517243]
[5,233.79310344827587,0,0.25862068965517243]
[0,233.92241379310346,0,0.25862068965517243]
[3,233.92241379310346,0,0.25862068965517243]
[1,234.1810344827586,0,0.25862068965517243]
[2,234.1810344827586,0,0.25862068965517243]
[7,234.3103448275862,0,0.25862068965517243]
[6,234.3103448275862,0,0.25862068965517243]
[3,234.56896551724137,0,0.25862068965517243]
[4,234.56896551724137,0,0.25862068965517243]
[5,234.69827586206895,0,0.25862068965517243]
[8,234.69827586206895,0,0.25862068965517243]
[7,234.95689655172413,0,0.25862068965517243]
[4,235.08620689655172,1,0.25862068965517243]
[3,235.3448275862069,0,0.25862068965517243]
[5,235.3448275862069,0,0.25862068965517243]
[3,236.3793103448276,0,0.25862068965517243]
[0,236.3793103448276,0,0.25862068965517243]
[5,236.3793103448276,0,0.25862068965517243]
[2,236.3793103448276,0,0.25862068965517243]
[7,236.63793103448276,0,0.06465517241379311]
[8,236.63793103448276,0,0.06465517241379311]
[6,236.76724137931035,0,0.06465517241379311]
[5,236.89655172413794,0,0.06465517241379311]
[3,237.02586206896552,0,0.06465517241379311]
[1,237.1551724137931,0,0.06465517241379311]
[2,237.1551724137931,0,0.06465517241379311]
[6,237.2844827586207,0,0.06465517241379311]
[7,237.41379310344828,0,0.06465517241379311]
[8,237.41379310344828,0,0.06465517241379311]
[0,237.54310344827587,0,0.06465517241379311]
[4,237.67241379310346,0,0.06465517241379311]
[2,237.67241379310346,0,0.06465517241379311]
[3,237.80172413793105,0,0.06465517241379311]
[6,237.9310344827586,0,0.06465517241379311]
[7,237.9310344827586,0,0.06465517241379311]
[5,237.9310344827586,0,0.06465517241379311]
[1,238.18965517241378,0,0.06465517241379311]
[0,238.18965517241378,0,0.06465517241379311]
[8,238.31896551724137,0,0.06465517241379311]
[3,238.44827586206895,0,0.06465517241379311]
[3,238.57758620689654,0,0.06465517241379311]
[4,238.70689655172413,0,0.06465517241379311]
[5,238.70689655172413,0,0.06465517241379311]
[7,238.83620689655172,0,0.06465517241379311]
[6,238.9655172413793,0,0.06465517241379311]
[8,238.9655172413793,0,0.06465517241379311]
[3,239.0948275862069,0,0.06465517241379311]
[1,239.22413793103448,0,0.06465517241379311]
[2,239.22413793103448,0,0.06465517241379311]
[0,239.35344827586206,0,0.06465517241379311]
[8,239.48275862068965,0,0.06465517241379311]
[7,239.48275862068965,0,0.06465517241379311]
[3,239.61206896551724,0,0.06465517241379311]
[6,239.61206896551724,0,0.06465517241379311]
[5,239.74137931034483,0,0.06465517241379311]
[2,239.74137931034483,0,0.06465517241379311]
[1,239.8706896551724,0,0.06465517241379311]
[0,239.8706896551724,0,0.06465517241379311]
[4,240,0,0.06465517241379311]
[3,240,0,0.06465517241379311]
[7,240,0,0.06465517241379311]
[8,240,0,0.06465517241379311]
[5,240.25862068965517,0,0.06465517241379311]
[2,240.25862068965517,0,0.06465517241379311]
[6,240.38793103448276,0,0.06465517241379311]
[8,240.51724137931035,0,0.06465517241379311]
[8,240.64655172413794,0,0.06465517241379311]
[1,240.77586206896552,0,0.06465517241379311]
[0,240.77586206896552,0,0.06465517241379311]
[2,240.9051724137931,0,0.06465517241379311]
[5,241.0344827586207,0,0.06465517241379311]
[4,241.0344827586207,0,0.06465517241379311]
[7,241.0344827586207,0,0.06465517241379311]
[6,241.0344827586207,0,0.06465517241379311]
[0,241.29310344827587,0,0.06465517241379311]
[3,241.29310344827587,0,0.06465517241379311]
[8,241.42241379310346,0,0.06465517241379311]
[6,241.55172413793105,0,0.06465517241379311]
[6,241.6810344827586,0,0.06465517241379311]
[2,241.8103448275862,0,0.06465517241379311]
[5,241.8103448275862,0,0.06465517241379311]
[4,241.93965517241378,0,0.06465517241379311]
[3,241.93965517241378,0,0.06465517241379311]
[7,242.06896551724137,0,0.06465517241379311]
[8,242.06896551724137,0,0.06465517241379311]
[1,242.06896551724137,0,0.06465517241379311]
[0,242.06896551724137,0,0.06465517241379311]
[2,242.32758620689654,0,0.06465517241379311]
[5,242.32758620689654,0,0.06465517241379311]
[6,242.45689655172413,0,0.06465517241379311]
[8,242.58620689655172,0,0.06465517241379311]
[3,242.7155172413793,0,0.06465517241379311]
[2,242.8448275862069,0,0.06465517241379311]
[4,242.8448275862069,0,0.06465517241379311]
[0,242.97413793103448,0,0.06465517241379311]
[5,243.10344827586206,0,0.06465517241379311]
[7,243.10344827586206,0,0.06465517241379311]
[3,243.23275862068965,0,0.06465517241379311]
[1,243.36206896551724,0,0.06465517241379311]
[2,243.36206896551724,0,0.06465517241379311]
[6,243.49137931034483,0,0.06465517241379311]
[7,243.6206896551724,0,0.06465517241379311]
[8,243.6206896551724,0,0.06465517241379311]
[0,243.75,0,0.06465517241379311]
[3,243.75,0,0.06465517241379311]
[2,243.8793103448276,0,0.06465517241379311]
[4,243.8793103448276,0,0.06465517241379311]
[7,244.00862068965517,0,0.06465517241379311]
[6,244.00862068965517,0,0.06465517241379311]
[1,244.13793103448276,0,0.06465517241379311]
[0,244.13793103448276,0,0.06465517241379311]
[5,244.13793103448276,0,0.06465517241379311]
[8,244.13793103448276,0,0.06465517241379311]
[4,244.39655172413794,0,0.06465517241379311]
[3,244.39655172413794,0,0.06465517241379311]
[8,244.52586206896552,0,0.06465517241379311]
[7,244.6551724137931,0,0.06465517241379311]
[6,244.6551724137931,0,0.06465517241379311]
[2,244.7844827586207,0,0.06465517241379311]
[1,244.91379310344828,0,0.06465517241379311]
[0,244.91379310344828,0,0.06465517241379311]
[8,245.04310344827587,0,0.06465517241379311]
[3,245.17241379310346,0,0.06465517241379311]
[3,245.30172413793105,0,0.06465517241379311]
[5,245.4310344827586,0,0.06465517241379311]
[7,245.4310344827586,0,0.06465517241379311]
[6,245.5603448275862,0,0.06465517241379311]
[8,245.68965517241378,0,0.06465517241379311]
[0,245.81896551724137,0,0.06465517241379311]
[1,245.94827586206895,0,0.06465517241379311]
[2,245.94827586206895,0,0.06465517241379311]
[3,246.07758620689654,0,0.06465517241379311]
[5,246.20689655172413,0,0.06465517241379311]
[7,246.20689655172413,0,0.06465517241379311]
[6,246.20689655172413,0,0.06465517241379311]
[1,246.4655172413793,0,0.06465517241379311]
[0,246.4655172413793,0,0.06465517241379311]
[8,246.5948275862069,0,0.06465517241379311]
[6,246.72413793103448,0,0.06465517241379311]
[2,246.85344827586206,0,0.06465517241379311]
[3,246.98275862068965,0,0.06465517241379311]
[4,246.98275862068965,0,0.06465517241379311]
[5,247.11206896551724,0,0.06465517241379311]
[1,247.24137931034483,0,0.06465517241379311]
[0,247.24137931034483,0,0.06465517241379311]
[7,247.3706896551724,0,0.06465517241379311]
[6,247.5,0,0.06465517241379311]
[8,247.5,0,0.06465517241379311]
[3,247.6293103448276,0,0.06465517241379311]
[4,247.75862068965517,0,0.06465517241379311]
[5,247.75862068965517,0,0.06465517241379311]
[0,247.88793103448276,0,0.06465517241379311]
[1,248.01724137931035,0,0.06465517241379311]
[2,248.01724137931035,0,0.06465517241379311]
[6,248.14655172413794,0,0.06465517241379311]
[5,248.27586206896552,0,0.06465517241379311]
[7,248.27586206896552,0,0.06465517241379311]
[3,248.4051724137931,0,0.06465517241379311]
[8,248.5344827586207,0,0.06465517241379311]
[0,248.66379310344828,0,0.06465517241379311]
[1,248.79310344827587,0,0.06465517241379311]
[2,248.79310344827587,0,0.06465517241379311]
[7,248.92241379310346,0,0.06465517241379311]
[7,249.05172413793105,0,0.06465517241379311]
[7,249.1810344827586,0,0.06465517241379311]
[4,249.3103448275862,0,0.06465517241379311]
[5,249.3103448275862,0,0.06465517241379311]
[0,249.43965517241378,0,0.06465517241379311]
[1,249.56896551724137,0,0.06465517241379311]
[2,249.69827586206895,0,0.06465517241379311]
[3,249.82758620689654,0,0.06465517241379311]
[6,249.82758620689654,0,0.06465517241379311]
[4,249.95689655172413,0,0.06465517241379311]
[4,250.08620689655172,0,0.06465517241379311]
[4,250.2155172413793,0,0.06465517241379311]
[1,250.3448275862069,0,0.06465517241379311]
[0,250.3448275862069,0,0.06465517241379311]
[5,250.47413793103448,0,0.06465517241379311]
[6,250.60344827586206,0,0.06465517241379311]
[8,250.73275862068965,0,0.06465517241379311]
[0,250.86206896551724,0,0.06465517241379311]
[3,250.86206896551724,0,0.06465517241379311]
[1,250.99137931034483,0,0.06465517241379311]
[1,251.1206896551724,0,0.06465517241379311]
[1,251.25,0,0.06465517241379311]
[7,251.3793103448276,0,0.06465517241379311]
[6,251.3793103448276,0,0.06465517241379311]
[5,251.50862068965517,0,0.06465517241379311]
[4,251.63793103448276,0,0.06465517241379311]
[3,251.76724137931035,0,0.06465517241379311]
[7,251.89655172413794,0,0.06465517241379311]
[8,251.89655172413794,0,0.06465517241379311]
[1,252.02586206896552,0,0.06465517241379311]
[0,252.02586206896552,0,0.06465517241379311]
[2,252.1551724137931,0,0.06465517241379311]
[6,252.2844827586207,0,0.06465517241379311]
[5,252.41379310344828,0,0.06465517241379311]
[4,252.41379310344828,0,0.06465517241379311]
[3,252.41379310344828,0,0.06465517241379311]
[7,252.67241379310346,0,0.06465517241379311]
[8,252.67241379310346,0,0.06465517241379311]
[1,252.80172413793105,0,0.06465517241379311]
[0,252.80172413793105,0,0.06465517241379311]
[3,252.9310344827586,0,0.06465517241379311]
[5,252.9310344827586,0,0.06465517241379311]
[2,252.9310344827586,0,0.06465517241379311]
[7,253.18965517241378,0,0.06465517241379311]
[4,253.31896551724137,0,0.06465517241379311]
[2,253.44827586206895,0,0.06465517241379311]
[8,253.44827586206895,0,0.06465517241379311]
[0,253.44827586206895,0,0.06465517241379311]
[6,253.44827586206895,0,0.06465517241379311]
[5,253.70689655172413,0,0.06465517241379311]
[7,253.70689655172413,0,0.06465517241379311]
[4,253.83620689655172,0,0.06465517241379311]
[3,253.83620689655172,0,0.06465517241379311]
[2,253.9655172413793,0,0.06465517241379311]
[1,253.9655172413793,0,0.06465517241379311]
[0,253.9655172413793,0,0.06465517241379311]
[7,254.22413793103448,0,0.06465517241379311]
[3,254.35344827586206,0,0.06465517241379311]
[4,254.35344827586206,0,0.06465517241379311]
[5,254.35344827586206,0,0.06465517241379311]
[0,256.0344827586207,0,0.06465517241379311]
[4,256.0344827586207,0,0.06465517241379311]
[6,256.0344827586207,0,0.06465517241379311]
[8,256.0344827586207,0,0.06465517241379311]
[2,256.0344827586207,0,0.06465517241379311]
[4,257.26293103448273,1,6.788793103448277]