[6,11.821204285186553,0,0.3694126339120798]
[8,11.821204285186553,0,0.3694126339120798]
[2,12.190616919098634,1,0.3694126339120798]
[0,12.560029553010713,0,0.3694126339120798]
[8,12.929442186922794,0,0.3694126339120798]
[7,13.114148503878834,0,0.3694126339120798]
[6,13.298854820834872,0,0.3694126339120798]
[5,13.668267454746953,0,0.3694126339120798]
[0,13.852973771702993,0,0.3694126339120798]
[1,14.037680088659032,0,0.3694126339120798]
[2,14.222386405615072,0,0.3694126339120798]
[3,14.407092722571113,1,0.3694126339120798]
[8,14.776505356483193,0,0.3694126339120798]
[6,15.145917990395272,0,0.3694126339120798]
[8,15.515330624307353,0,0.3694126339120798]
[5,15.884743258219432,0,0.3694126339120798]
[4,16.069449575175472,0,0.3694126339120798]
[3,16.25415589213151,0,0.3694126339120798]
[2,16.62356852604359,0,0.3694126339120798]
[1,16.80827484299963,0,0.3694126339120798]
[3,16.992981159955672,0,0.3694126339120798]
[4,17.17768747691171,0,0.3694126339120798]
[8,17.362393793867753,0,0.3694126339120798]
[7,17.54710011082379,0,0.3694126339120798]
[3,17.73180642777983,0,0.3694126339120798]
[4,17.916512744735872,0,0.3694126339120798]
[2,18.10121906169191,0,0.3694126339120798]
[0,18.47063169560399,0,0.3694126339120798]
[5,18.840044329516072,0,0.3694126339120798]
[4,19.02475064647211,0,0.3694126339120798]
[3,19.20945696342815,0,0.3694126339120798]
[8,19.57886959734023,0,0.3694126339120798]
[7,19.76357591429627,0,0.3694126339120798]
[6,19.94828223125231,0,0.3694126339120798]
[5,20.13298854820835,0,0.3694126339120798]
[4,20.31769486516439,0,0.3694126339120798]
[0,20.50240118212043,0,0.3694126339120798]
[1,20.68710749907647,0,0.3694126339120798]
[2,20.87181381603251,0,0.3694126339120798]
[6,21.05652013298855,0,0.3694126339120798]
[8,21.42593276690063,0,0.3694126339120798]
[3,21.79534540081271,0,0.3694126339120798]
[4,21.98005171776875,0,0.3694126339120798]
[5,22.164758034724787,0,0.3694126339120798]
[0,22.534170668636868,0,0.3694126339120798]
[2,22.90358330254895,0,0.3694126339120798]
[3,23.27299593646103,0,0.3694126339120798]
[4,23.457702253417068,0,0.3694126339120798]
[5,23.642408570373107,0,0.3694126339120798]
[6,23.82711488732915,0,0.3694126339120798]
[7,24.011821204285187,0,0.3694126339120798]
[2,24.381233838197268,0,0.3694126339120798]
[6,24.75064647210935,0,0.3694126339120798]
[7,24.935352789065387,0,0.3694126339120798]
[8,25.120059106021426,0,0.3694126339120798]
[0,25.489471739933506,0,0.3694126339120798]
[1,25.67417805688955,0,0.3694126339120798]
[8,25.858884373845587,0,0.3694126339120798]
[7,26.043590690801626,0,0.3694126339120798]
[3,26.228297007757668,0,0.3694126339120798]
[4,26.413003324713706,0,0.3694126339120798]
[5,26.597709641669745,1,0.3694126339120798]
[0,26.967122275581826,0,0.3694126339120798]
[8,27.336534909493906,0,0.3694126339120798]
[3,27.705947543405987,0,0.3694126339120798]
[4,27.890653860362026,0,0.3694126339120798]
[5,28.075360177318064,0,0.3694126339120798]
[0,28.444772811230145,0,0.3694126339120798]
[1,28.629479128186187,0,0.3694126339120798]
[5,28.814185445142225,0,0.3694126339120798]
[4,28.998891762098264,0,0.3694126339120798]
[6,29.183598079054306,0,0.3694126339120798]
[7,29.368304396010345,0,0.3694126339120798]
[2,29.553010712966387,0,0.3694126339120798]
[1,29.737717029922425,0,0.3694126339120798]
[0,29.922423346878464,1,0.3694126339120798]
[5,30.291835980790545,0,0.3694126339120798]
[6,30.661248614702625,0,0.3694126339120798]
[7,30.845954931658664,0,0.3694126339120798]
[8,31.030661248614706,0,0.3694126339120798]
[0,31.400073882526783,0,0.3694126339120798]
[1,31.584780199482825,0,0.3694126339120798]
[2,31.769486516438864,0,0.3694126339120798]
[3,31.954192833394902,0,0.3694126339120798]
[4,32.138899150350944,0,0.3694126339120798]
[8,32.32360546730698,0,0.3694126339120798]
[7,32.50831178426302,0,0.3694126339120798]
[5,32.877724418175106,0,0.3694126339120798]
[4,33.062430735131144,0,0.3694126339120798]
[3,33.24713705208718,0,0.3694126339120798]
[8,33.61654968599926,0,0.3694126339120798]
[6,33.985962319911344,0,0.3694126339120798]
[2,34.35537495382342,0,0.3694126339120798]
[1,34.54008127077946,0,0.3694126339120798]
[0,34.724787587735506,0,0.3694126339120798]
[8,35.09420022164758,0,0.3694126339120798]
[7,35.27890653860362,0,0.3694126339120798]
[6,35.46361285555966,1,0.3694126339120798]
[5,35.833025489471744,0,0.3694126339120798]
[3,36.20243812338382,0,0.3694126339120798]
[2,36.5718507572959,0,0.3694126339120798]
[6,36.94126339120798,0,0.3694126339120798]
[7,37.12596970816402,0,0.3694126339120798]
[5,37.31067602512006,0,0.3694126339120798]
[4,37.4953823420761,0,0.3694126339120798]
[0,37.680088659032144,0,0.3694126339120798]
[1,37.86479497598818,0,0.3694126339120798]
[8,38.04950129294422,0,0.3694126339120798]
[7,38.23420760990026,0,0.3694126339120798]
[3,38.4189139268563,0,0.3694126339120798]
[4,38.603620243812344,0,0.3694126339120798]
[2,38.78832656076838,1,0.3694126339120798]
[3,39.15773919468046,0,0.3694126339120798]
[5,39.52715182859254,0,0.3694126339120798]
[6,39.89656446250462,0,0.3694126339120798]
[7,40.08127077946066,0,0.3694126339120798]
[8,40.2659770964167,0,0.3694126339120798]
[3,40.45068341337274,0,0.3694126339120798]
[4,40.63538973032878,0,0.3694126339120798]
[2,40.82009604728482,0,0.3694126339120798]
[1,41.00480236424086,0,0.3694126339120798]
[0,41.1895086811969,0,0.3694126339120798]
[5,41.37421499815294,0,0.3694126339120798]
[4,41.55892131510898,0,0.3694126339120798]
[3,41.74362763206502,1,0.3694126339120798]
[8,42.1130402659771,0,0.3694126339120798]
[6,42.482452899889175,0,0.3694126339120798]
[0,42.85186553380126,0,0.3694126339120798]
[1,43.0365718507573,0,0.3694126339120798]
[5,43.221278167713336,0,0.3694126339120798]
[4,43.405984484669375,0,0.3694126339120798]
[6,43.59069080162542,0,0.3694126339120798]
[7,43.77539711858146,0,0.3694126339120798]
[5,43.9601034355375,0,0.3694126339120798]
[4,44.144809752493536,0,0.3694126339120798]
[0,44.329516069449575,0,0.3694126339120798]
[1,44.51422238640562,0,0.3694126339120798]
[2,44.69892870336166,1,0.3694126339120798]
[3,45.068341337273736,1,0.3694126339120798]
[5,45.43775397118582,1,0.3694126339120798]
[6,45.8071666050979,1,0.3694126339120798]
[8,46.176579239009975,0,0.3694126339120798]
[3,46.36128555596601,0,0.3694126339120798]
[4,46.54599187292206,0,0.3694126339120798]
[2,46.915404506834136,0,0.3694126339120798]
[1,47.100110823790175,0,0.3694126339120798]
[0,47.28481714074621,0,0.3694126339120798]
[5,47.46952345770226,0,0.3694126339120798]
[3,47.6542297746583,1,0.7388252678241596]
[5,48.762467676394536,0,0.7388252678241596]
[6,49.13188031030661,0,0.3694126339120798]
[7,49.31658662726265,0,0.7388252678241596]
[8,49.5012929442187,0,0.7388252678241596]
[1,49.685999261174736,0,0.3694126339120798]
[0,49.870705578130774,0,0.7388252678241596]
[5,50.24011821204285,0,0.7388252678241596]
[6,50.609530845954936,1,0.7388252678241596]
[8,51.717768747691174,0,0.7388252678241596]
[4,52.08718138160325,0,0.7388252678241596]
[3,52.2718876985593,0,0.7388252678241596]
[1,52.456594015515336,0,0.7388252678241596]
[2,52.641300332471374,0,0.7388252678241596]
[7,52.82600664942741,0,0.7388252678241596]
[6,53.01071296638345,0,0.7388252678241596]
[4,53.19541928333949,0,0.3694126339120798]
[5,53.380125600295536,0,0.3694126339120798]
[0,53.564831917251574,0,0.7388252678241596]
[5,53.93424455116365,0,0.7388252678241596]
[4,54.11895086811969,0,0.7388252678241596]
[3,54.303657185075735,0,0.7388252678241596]
[2,54.67306981898781,0,0.7388252678241596]
[6,55.04248245289989,0,0.7388252678241596]
[7,55.227188769855935,0,0.7388252678241596]
[5,55.411895086811974,0,0.3694126339120798]
[4,55.59660140376801,0,0.3694126339120798]
[0,55.78130772072405,0,0.3694126339120798]
[1,55.96601403768009,0,0.9235315847801996]
[2,56.15072035463613,1,0.7388252678241596]
[0,56.88954562246029,1,0.7388252678241596]
[5,57.62837089028445,0,0.7388252678241596]
[6,57.99778352419653,0,0.7388252678241596]
[7,58.182489841152574,0,0.7388252678241596]
[8,58.36719615810861,0,0.7388252678241596]
[4,58.73660879202069,0,0.7388252678241596]
[5,58.92131510897673,0,0.7388252678241596]
[0,59.106021425932774,0,0.7388252678241596]
[1,59.29072774288881,1,0.5541189508681197]
[5,59.84484669375693,0,0.5541189508681197]
[6,60.21425932766901,0,0.5541189508681197]
[7,60.39896564462505,0,0.5541189508681197]
[8,60.58367196158109,0,0.5541189508681197]
[3,60.953084595493166,0,0.5541189508681197]
[4,61.13779091244921,0,0.3694126339120798]
[2,61.32249722940525,0,0.5541189508681197]
[1,61.50720354636129,0,0.5541189508681197]
[6,61.69190986331733,0,0.5541189508681197]
[7,61.876616180273366,0,0.5541189508681197]
[5,62.06132249722941,0,0.5541189508681197]
[4,62.24602881418545,0,0.5541189508681197]
[0,62.43073513114149,0,0.5541189508681197]
[2,62.800147765053566,0,0.5541189508681197]
[6,63.16956039896565,0,0.5541189508681197]
[7,63.35426671592169,0,0.5541189508681197]
[8,63.53897303287773,0,0.5541189508681197]
[2,63.908385666789805,0,0.3694126339120798]
[1,64.09309198374585,0,0.3694126339120798]
[6,64.27779830070189,0,0.3694126339120798]
[7,64.46250461765793,0,0.3694126339120798]
[5,64.64721093461397,0,0.3694126339120798]
[4,64.83191725157,0,0.3694126339120798]
[0,65.01662356852604,0,0.3694126339120798]
[1,65.20132988548208,0,0.3694126339120798]
[2,65.38603620243812,0,0.3694126339120798]
[6,65.75544883635021,0,0.3694126339120798]
[5,66.12486147026229,0,0.3694126339120798]
[4,66.30956778721833,0,0.3694126339120798]
[3,66.49427410417437,0,0.3694126339120798]
[8,66.86368673808644,0,0.3694126339120798]
[0,67.23309937199852,0,0.3694126339120798]
[1,67.41780568895457,0,0.3694126339120798]
[2,67.60251200591061,0,0.3694126339120798]
[3,67.78721832286665,0,0.3694126339120798]
[4,67.97192463982269,0,0.3694126339120798]
[6,68.34133727373477,0,0.3694126339120798]
[8,68.71074990764684,0,0.3694126339120798]
[3,69.08016254155892,0,0.3694126339120798]
[4,69.26486885851496,0,0.3694126339120798]
[5,69.44957517547101,0,0.3694126339120798]
[0,69.81898780938309,0,0.3694126339120798]
[2,70.18840044329517,0,0.3694126339120798]
[6,70.55781307720724,0,0.3694126339120798]
[7,70.74251939416328,0,0.3694126339120798]
[8,70.92722571111932,1,0.3694126339120798]
[3,71.2966383450314,0,0.3694126339120798]
[5,71.66605097894349,0,0.3694126339120798]
[0,72.03546361285557,0,0.3694126339120798]
[8,72.40487624676764,0,0.3694126339120798]
[7,72.58958256372368,0,0.3694126339120798]
[3,72.77428888067972,0,0.3694126339120798]
[4,72.95899519763576,0,0.3694126339120798]
[2,73.1437015145918,0,0.3694126339120798]
[1,73.32840783154785,0,0.3694126339120798]
[6,73.51311414850389,0,0.3694126339120798]
[7,73.69782046545993,0,0.3694126339120798]
[5,73.88252678241597,0,0.3694126339120798]
[4,74.067233099372,0,0.3694126339120798]
[0,74.25193941632804,1,0.3694126339120798]
[5,74.62135205024012,0,0.3694126339120798]
[6,74.9907646841522,0,0.3694126339120798]
[2,75.36017731806429,0,0.3694126339120798]
[1,75.54488363502033,0,0.3694126339120798]
[6,75.72958995197637,0,0.3694126339120798]
[7,75.9142962689324,0,0.3694126339120798]
[5,76.09900258588844,0,0.3694126339120798]
[4,76.28370890284448,0,0.3694126339120798]
[0,76.46841521980052,0,0.3694126339120798]
[1,76.65312153675656,0,0.3694126339120798]
[8,76.8378278537126,0,0.3694126339120798]
[7,77.02253417066864,0,0.3694126339120798]
[6,77.20724048762469,1,0.3694126339120798]
[5,77.57665312153676,0,0.3694126339120798]
[0,77.94606575544884,0,0.3694126339120798]
[8,78.31547838936092,0,0.3694126339120798]
[7,78.50018470631696,0,0.3694126339120798]
[3,78.684891023273,0,0.3694126339120798]
[4,78.86959734022903,0,0.3694126339120798]
[2,79.05430365718507,0,0.3694126339120798]
[1,79.23900997414113,0,0.3694126339120798]
[6,79.42371629109716,0,0.3694126339120798]
[7,79.6084226080532,0,0.3694126339120798]
[5,79.79312892500924,0,0.3694126339120798]
[4,79.97783524196528,0,0.3694126339120798]
[3,80.16254155892132,1,0.3694126339120798]
[2,80.5319541928334,1,0.3694126339120798]
[6,80.90136682674547,1,0.3694126339120798]
[8,81.27077946065756,1,0.3694126339120798]
[3,81.64019209456964,0,0.3694126339120798]
[5,82.00960472848172,0,0.3694126339120798]
[6,82.3790173623938,0,0.3694126339120798]
[7,82.56372367934983,0,0.3694126339120798]
[8,82.74842999630587,1,0.3694126339120798]
[3,83.11784263021796,0,0.3694126339120798]
[2,83.48725526413004,0,0.3694126339120798]
[6,83.85666789804212,0,0.3694126339120798]
[2,84.2260805319542,0,0.3694126339120798]
[1,84.41078684891023,0,0.3694126339120798]
[6,84.59549316586627,0,0.3694126339120798]
[7,84.78019948282231,0,0.3694126339120798]
[5,84.96490579977835,0,0.3694126339120798]
[4,85.1496121167344,0,0.3694126339120798]
[0,85.33431843369044,0,0.3694126339120798]
[1,85.51902475064648,0,0.3694126339120798]
[8,85.70373106760252,0,0.3694126339120798]
[7,85.88843738455856,0,0.3694126339120798]
[6,86.0731437015146,1,0.3694126339120798]
[5,86.44255633542667,0,0.3694126339120798]
[0,86.81196896933875,0,0.3694126339120798]
[2,87.18138160325084,0,0.3694126339120798]
[1,87.36608792020688,0,0.3694126339120798]
[6,87.55079423716292,0,0.3694126339120798]
[7,87.73550055411896,0,0.3694126339120798]
[5,87.920206871075,0,0.3694126339120798]
[4,88.10491318803103,0,0.3694126339120798]
[0,88.28961950498707,0,0.3694126339120798]
[1,88.47432582194311,0,0.3694126339120798]
[8,88.65903213889915,0,0.3694126339120798]
[7,88.84373845585519,0,0.3694126339120798]
[6,89.02844477281124,1,0.3694126339120798]
[5,89.39785740672332,0,0.3694126339120798]
[0,89.7672700406354,0,0.3694126339120798]
[5,90.13668267454747,0,0.3694126339120798]
[4,90.32138899150351,0,0.3694126339120798]
[6,90.50609530845955,0,0.3694126339120798]
[7,90.69080162541559,0,0.3694126339120798]
[2,90.87550794237164,0,0.3694126339120798]
[1,91.06021425932768,0,0.3694126339120798]
[3,91.24492057628372,0,0.3694126339120798]
[4,91.42962689323976,0,0.3694126339120798]
[8,91.6143332101958,0,0.3694126339120798]
[7,91.79903952715183,0,0.3694126339120798]
[6,91.98374584410787,1,0.3694126339120798]
[5,92.35315847801995,1,0.3694126339120798]
[3,92.72257111193203,1,0.3694126339120798]
[2,93.09198374584412,1,0.3694126339120798]
[0,93.4613963797562,0,0.3694126339120798]
[8,93.64610269671223,0,0.3694126339120798]
[7,93.73845585519025,0,0.3694126339120798]
[3,93.83080901366827,0,0.3694126339120798]
[4,93.92316217214629,0,0.3694126339120798]
[2,94.01551533062431,0,0.3694126339120798]
[1,94.10786848910233,0,0.3694126339120798]
[6,94.20022164758035,0,0.3694126339120798]
[7,94.29257480605837,0,0.3694126339120798]
[5,94.38492796453639,0,0.3694126339120798]
[4,94.47728112301441,0,0.3694126339120798]
[0,94.56963428149243,0,0.3694126339120798]
[1,94.66198743997045,0,0.3694126339120798]
[5,94.75434059844848,0,0.3694126339120798]
[4,94.8466937569265,0,0.3694126339120798]
[3,94.93904691540452,0,0.3694126339120798]
[2,95.12375323236056,0,0.3694126339120798]
[0,95.3084595493166,0,0.3694126339120798]
[8,95.49316586627263,0,0.3694126339120798]
[7,95.67787218322867,0,0.3694126339120798]
[6,95.86257850018471,0,0.3694126339120798]
[5,96.04728481714075,0,0.3694126339120798]
[4,96.23199113409679,0,0.3694126339120798]
[3,96.41669745105283,1,0.3694126339120798]
[2,96.78611008496492,0,0.3694126339120798]
[0,96.97081640192096,1,0.3694126339120798]
[8,97.34022903583303,0,0.3694126339120798]
[7,97.52493535278907,0,0.3694126339120798]
[6,97.70964166974511,0,0.3694126339120798]
[5,97.89434798670115,1,0.3694126339120798]
[3,98.26376062061323,0,0.3694126339120798]
[2,98.44846693756926,0,0.3694126339120798]
[0,98.6331732545253,1,0.3694126339120798]
[8,99.0025858884374,0,0.3694126339120798]
[7,99.18729220539343,0,0.3694126339120798]
[6,99.37199852234947,0,0.3694126339120798]
[5,99.55670483930551,0,0.3694126339120798]
[4,99.74141115626155,0,0.3694126339120798]
[3,99.92611747321759,1,0.3694126339120798]
[2,100.29553010712966,0,0.3694126339120798]
[1,100.4802364240857,0,0.3694126339120798]
[0,100.66494274104176,0,0.3694126339120798]
[5,100.8496490579978,0,0.3694126339120798]
[4,101.03435537495383,0,0.3694126339120798]
[6,101.21906169190987,0,0.3694126339120798]
[7,101.40376800886591,0,0.3694126339120798]
[2,101.58847432582195,0,0.3694126339120798]
[1,101.77318064277799,0,0.3694126339120798]
[3,101.95788695973403,0,0.3694126339120798]
[4,102.14259327669006,0,0.3694126339120798]
[5,102.3272995936461,1,0.3694126339120798]
[6,102.6967122275582,0,0.3694126339120798]
[8,102.88141854451423,1,0.3694126339120798]
[3,103.25083117842631,0,0.3694126339120798]
[4,103.43553749538235,0,0.3694126339120798]
[5,103.62024381233839,0,0.3694126339120798]
[0,103.80495012929443,0,0.3694126339120798]
[1,103.98965644625046,0,0.3694126339120798]
[5,104.1743627632065,0,0.3694126339120798]
[4,104.35906908016254,0,0.3694126339120798]
[6,104.5437753971186,0,0.3694126339120798]
[7,104.72848171407463,0,0.3694126339120798]
[2,104.91318803103067,0,0.3694126339120798]
[1,105.09789434798671,0,0.3694126339120798]
[6,105.28260066494275,0,0.3694126339120798]
[5,105.46730698189879,0,0.3694126339120798]
[0,105.65201329885483,0,0.3694126339120798]
[8,105.83671961581086,0,0.3694126339120798]
[3,106.0214259327669,0,0.3694126339120798]
[5,106.20613224972294,0,0.3694126339120798]
[0,106.39083856667898,0,0.3694126339120798]
[1,106.57554488363503,0,0.3694126339120798]
[2,106.76025120059107,1,0.3694126339120798]
[6,107.12966383450315,0,0.3694126339120798]
[7,107.31437015145919,0,0.3694126339120798]
[8,107.49907646841523,1,0.3694126339120798]
[3,107.8684891023273,0,0.3694126339120798]
[4,108.05319541928334,0,0.3694126339120798]
[5,108.23790173623938,1,0.3694126339120798]
[0,108.60731437015147,0,0.3694126339120798]
[1,108.79202068710751,0,0.3694126339120798]
[2,108.97672700406355,1,0.3694126339120798]
[0,109.34613963797563,0,0.3694126339120798]
[1,109.53084595493166,0,0.3694126339120798]
[5,109.7155522718877,1,0.3694126339120798]
[3,110.08496490579978,0,0.3694126339120798]
[4,110.26967122275582,0,0.3694126339120798]
[8,110.45437753971187,1,0.3694126339120798]
[6,110.82379017362395,0,0.3694126339120798]
[7,111.00849649057999,0,0.3694126339120798]
[5,111.19320280753603,1,0.3694126339120798]
[3,111.5626154414481,0,0.3694126339120798]
[4,111.74732175840414,0,0.3694126339120798]
[2,111.93202807536018,1,0.3694126339120798]
[0,112.30144070927226,0,0.3694126339120798]
[5,112.48614702622831,0,0.3694126339120798]
[6,112.67085334318435,0,0.3694126339120798]
[7,112.85555966014039,0,0.3694126339120798]
[5,113.04026597709642,0,0.3694126339120798]
[4,113.22497229405246,0,0.3694126339120798]
[0,113.4096786110085,0,0.3694126339120798]
[1,113.59438492796454,0,0.3694126339120798]
[8,113.77909124492058,0,0.3694126339120798]
[7,113.96379756187662,0,0.3694126339120798]
[3,114.14850387883266,0,0.3694126339120798]
[4,114.33321019578871,0,0.3694126339120798]
[2,114.51791651274475,0,0.3694126339120798]
[1,114.70262282970079,0,0.3694126339120798]
[6,114.88732914665682,0,0.3694126339120798]
[7,115.07203546361286,0,0.3694126339120798]
[5,115.2567417805689,0,0.3694126339120798]
[4,115.44144809752494,0,0.3694126339120798]
[0,115.62615441448098,0,0.3694126339120798]
[7,115.81086073143702,0,0.3694126339120798]
[2,115.99556704839306,0,0.3694126339120798]
[6,116.1802733653491,0,0.3694126339120798]
[1,116.36497968230515,0,0.3694126339120798]
[8,116.54968599926119,0,0.3694126339120798]
[0,116.73439231621722,0,0.3694126339120798]
[7,116.91909863317326,0,0.3694126339120798]
[2,117.1038049501293,0,0.3694126339120798]
[6,117.28851126708534,0,0.3694126339120798]
[1,117.47321758404138,0,0.3694126339120798]
[8,117.65792390099742,0,0.3694126339120798]
[3,117.84263021795346,0,0.3694126339120798]
[5,118.21204285186555,0,0.3694126339120798]
[4,118.58145548577762,1,0.7388252678241596]
[5,120.24381233838199,0,0.3694126339120798]
[6,120.42851865533802,0,0.7388252678241596]
[7,120.61322497229406,0,0.7388252678241596]
[8,120.7979312892501,1,0.3694126339120798]
[0,121.16734392316218,0,0.7388252678241596]
[2,121.53675655707426,0,0.7388252678241596]
[6,121.90616919098633,0,0.7388252678241596]
[7,122.09087550794237,0,0.7388252678241596]
[8,122.27558182489842,0,0.7388252678241596]
[3,122.46028814185446,0,0.7388252678241596]
[4,122.6449944588105,0,0.7388252678241596]
[0,123.01440709272258,0,0.7388252678241596]
[1,123.19911340967862,0,0.7388252678241596]
[5,123.38381972663466,0,0.7388252678241596]
[4,123.5685260435907,0,0.7388252678241596]
[6,123.75323236054673,0,0.7388252678241596]
[7,123.93793867750277,0,0.7388252678241596]
[8,124.12264499445882,1,0.3694126339120798]
[0,124.4920576283709,0,0.7388252678241596]
[2,124.86147026228298,0,0.7388252678241596]
[6,125.23088289619506,0,0.7388252678241596]
[7,125.4155892131511,0,0.7388252678241596]
[8,125.60029553010713,0,0.7388252678241596]
[3,125.96970816401921,0,0.7388252678241596]
[5,126.3391207979313,0,0.7388252678241596]
[4,126.52382711488734,0,0.7388252678241596]
[0,126.70853343184338,0,0.7388252678241596]
[1,126.89323974879942,0,0.7388252678241596]
[2,127.07794606575546,1,0.7388252678241596]
[3,127.81677133357961,1,0.7388252678241596]
[8,128.55559660140378,0,0.7388252678241596]
[5,128.92500923531585,0,0.3694126339120798]
[4,129.1097155522719,0,0.7388252678241596]
[3,129.29442186922793,0,0.3694126339120798]
[8,129.66383450314,0,0.3694126339120798]
[7,129.84854082009605,0,0.3694126339120798]
[0,130.0332471370521,0,0.3694126339120798]
[1,130.21795345400812,0,0.3694126339120798]
[2,130.40265977096416,0,0.3694126339120798]
[6,130.77207240487624,0,0.3694126339120798]
[5,131.14148503878835,0,0.7388252678241596]
[4,131.32619135574438,0,0.7388252678241596]
[3,131.51089767270042,0,0.3694126339120798]
[8,131.69560398965646,0,0.7388252678241596]
[7,131.8803103066125,0,0.7388252678241596]
[0,132.06501662356854,0,0.3694126339120798]
[1,132.24972294052458,0,0.3694126339120798]
[2,132.43442925748062,0,0.3694126339120798]
[6,132.61913557443665,0,0.7388252678241596]
[8,132.98854820834873,0,0.3694126339120798]
[0,133.3579608422608,0,0.3694126339120798]
[1,133.54266715921685,0,0.3694126339120798]
[2,133.7273734761729,0,0.3694126339120798]
[3,133.91207979312892,0,0.7388252678241596]
[4,134.09678611008496,0,0.7388252678241596]
[8,134.46619874399704,0,0.7388252678241596]
[6,134.83561137790915,0,0.3694126339120798]
[7,135.02031769486518,0,0.3694126339120798]
[5,135.20502401182122,0,0.3694126339120798]
[4,135.38973032877726,0,0.3694126339120798]
[0,135.5744366457333,0,0.3694126339120798]
[1,135.75914296268934,0,0.3694126339120798]
[8,135.94384927964538,0,0.3694126339120798]
[7,136.12855559660142,0,0.3694126339120798]
[6,136.31326191355745,1,0.3694126339120798]
[5,136.68267454746953,0,0.3694126339120798]
[0,137.0520871813816,0,0.3694126339120798]
[2,137.42149981529369,0,0.3694126339120798]
[6,137.79091244920576,0,0.3694126339120798]
[7,137.9756187661618,0,0.3694126339120798]
[5,138.16032508311784,0,0.3694126339120798]
[4,138.34503140007388,0,0.3694126339120798]
[0,138.52973771702992,0,0.3694126339120798]
[1,138.71444403398598,0,0.3694126339120798]
[8,138.89915035094202,0,0.3694126339120798]
[7,139.08385666789806,0,0.3694126339120798]
[3,139.2685629848541,0,0.3694126339120798]
[4,139.45326930181014,0,0.3694126339120798]
[5,139.63797561876618,0,0.3694126339120798]
[0,140.00738825267825,0,0.3694126339120798]
[2,140.37680088659033,0,0.3694126339120798]
[6,140.7462135205024,0,0.3694126339120798]
[7,140.93091983745845,0,0.3694126339120798]
[8,141.11562615441449,0,0.3694126339120798]
[0,141.48503878832656,0,0.3694126339120798]
[1,141.6697451052826,0,0.3694126339120798]
[2,141.85445142223864,1,0.3694126339120798]
[6,142.22386405615072,0,0.3694126339120798]
[5,142.5932766900628,0,0.3694126339120798]
[0,142.9626893239749,0,0.3694126339120798]
[5,143.33210195788698,0,0.3694126339120798]
[4,143.51680827484302,0,0.3694126339120798]
[6,143.70151459179905,0,0.3694126339120798]
[7,143.8862209087551,0,0.3694126339120798]
[2,144.07092722571113,0,0.3694126339120798]
[1,144.25563354266717,0,0.3694126339120798]
[6,144.4403398596232,0,0.3694126339120798]
[7,144.62504617657925,0,0.3694126339120798]
[5,144.80975249353529,0,0.3694126339120798]
[4,144.99445881049132,0,0.3694126339120798]
[3,145.17916512744736,1,0.3694126339120798]
[2,145.54857776135944,0,0.3694126339120798]
[0,145.91799039527152,0,0.3694126339120798]
[8,146.2874030291836,0,0.3694126339120798]
[7,146.47210934613963,0,0.3694126339120798]
[0,146.6568156630957,0,0.3694126339120798]
[1,146.84152198005174,0,0.3694126339120798]
[5,147.02622829700778,0,0.3694126339120798]
[4,147.21093461396381,0,0.3694126339120798]
[6,147.39564093091985,0,0.3694126339120798]
[7,147.5803472478759,0,0.3694126339120798]
[2,147.76505356483193,0,0.3694126339120798]
[1,147.94975988178797,0,0.3694126339120798]
[0,148.134466198744,1,0.3694126339120798]
[5,148.50387883265608,0,0.3694126339120798]
[6,148.87329146656816,0,0.3694126339120798]
[2,149.24270410048024,0,0.3694126339120798]
[1,149.42741041743628,0,0.3694126339120798]
[3,149.61211673439232,0,0.3694126339120798]
[4,149.79682305134835,0,0.3694126339120798]
[8,149.9815293683044,0,0.3694126339120798]
[7,150.16623568526043,0,0.3694126339120798]
[0,150.35094200221647,0,0.3694126339120798]
[1,150.53564831917254,0,0.3694126339120798]
[5,150.72035463612858,0,0.3694126339120798]
[4,150.90506095308461,0,0.3694126339120798]
[3,151.08976727004065,1,0.3694126339120798]
[8,151.45917990395273,1,0.3694126339120798]
[6,151.8285925378648,1,0.3694126339120798]
[5,152.19800517177688,1,0.3694126339120798]
[0,152.56741780568896,0,0.3694126339120798]
[2,152.93683043960104,0,0.3694126339120798]
[6,153.30624307351312,0,0.3694126339120798]
[7,153.49094939046915,0,0.3694126339120798]
[8,153.6756557074252,1,0.3694126339120798]
[3,154.04506834133727,0,0.3694126339120798]
[2,154.41448097524938,0,0.3694126339120798]
[0,154.78389360916145,0,0.3694126339120798]
[1,154.9685999261175,0,0.3694126339120798]
[8,155.15330624307353,0,0.3694126339120798]
[7,155.33801256002957,0,0.3694126339120798]
[3,155.5227188769856,0,0.3694126339120798]
[4,155.70742519394165,0,0.3694126339120798]
[2,155.89213151089768,0,0.3694126339120798]
[1,156.07683782785372,0,0.3694126339120798]
[6,156.26154414480976,0,0.3694126339120798]
[7,156.4462504617658,0,0.3694126339120798]
[5,156.63095677872184,0,0.3694126339120798]
[4,156.81566309567788,0,0.3694126339120798]
[3,157.00036941263392,1,0.3694126339120798]
[2,157.369782046546,0,0.3694126339120798]
[0,157.73919468045807,0,0.3694126339120798]
[6,158.10860731437015,0,0.3694126339120798]
[7,158.2933136313262,0,0.3694126339120798]
[2,158.47801994828225,0,0.3694126339120798]
[1,158.6627262652383,0,0.3694126339120798]
[3,158.84743258219433,0,0.3694126339120798]
[4,159.03213889915037,0,0.3694126339120798]
[8,159.2168452161064,0,0.3694126339120798]
[7,159.40155153306245,0,0.3694126339120798]
[0,159.58625785001848,0,0.3694126339120798]
[1,159.77096416697452,0,0.3694126339120798]
[2,159.95567048393056,1,0.3694126339120798]
[6,160.32508311784264,0,0.3694126339120798]
[5,160.69449575175472,0,0.3694126339120798]
[0,161.0639083856668,0,0.3694126339120798]
[1,161.24861470262283,0,0.3694126339120798]
[8,161.43332101957887,0,0.3694126339120798]
[7,161.6180273365349,0,0.3694126339120798]
[3,161.80273365349095,0,0.3694126339120798]
[4,161.98743997044699,0,0.3694126339120798]
[2,162.17214628740305,0,0.3694126339120798]
[1,162.3568526043591,0,0.3694126339120798]
[6,162.54155892131513,0,0.3694126339120798]
[7,162.72626523827117,0,0.3694126339120798]
[8,162.9109715552272,1,0.3694126339120798]
[3,163.28038418913928,0,0.3694126339120798]
[5,163.64979682305136,0,0.3694126339120798]
[4,163.8345031400074,0,0.3694126339120798]
[3,164.01920945696344,0,0.3694126339120798]
[2,164.20391577391948,0,0.3694126339120798]
[0,164.20391577391948,0,0.3694126339120798]