[5,0,1,0.4]
[3,0.6,0,0.4]
[4,0.7,0,0.4]
[5,0.8,0,0.4]
[6,1,0,0.4]
[7,1.2,0,0.4]
[5,1.4,0,0.4]
[1,1.6,0,0.4]
[0,1.8,0,0.4]
[4,2,0,0.4]
[5,2.2,0,0.4]
[7,2.4,1,0.4]
[5,3,0,0.4]
[5,3.2,0,0.4]
[5,3.4,0,0.4]
[3,3.6,0,0.4]
[4,3.8,0,0.4]
[5,4,1,0.3]
[4,4.3,1,0.3]
[6,4.6,1,0.2]
[7,4.8,1,0.4]
[3,5.4,0,0.4]
[4,5.5,0,0.4]
[5,5.6,0,0.4]
[0,5.8,0,0.4]
[2,5.9,0,0.4]
[1,6,0,0.4]
[4,6.4,0,0.4]
[6,6.8,0,0.4]
[8,7,0,0.4]
[7,7.1,0,0.4]
[6,7.2,0,0.4]
[5,7.5,0,0.4]
[3,7.8,0,0.4]
[4,8,0,0.4]
[5,8.2,0,0.4]
[0,8.4,0,0.4]
[2,8.6,0,0.4]
[1,8.8,1,0.4]
[3,9.4,0,0.4]
[5,9.6,0,0.4]
[4,9.8,0,0.4]
[5,10,0,0.4]
[3,10.2,0,0.4]
[2,10.4,0,0.4]
[0,10.6,0,0.4]
[1,10.7,0,0.4]
[5,10.8,0,0.4]
[4,10.9,0,0.4]
[6,11,0,0.4]
[7,11.1,0,0.4]
[8,11.2,1,0.4]
[8,11.8,0,0.4]
[7,11.866666666666667,0,0.4]
[6,11.933333333333334,0,0.4]
[5,12,0,0.4]
[4,12.2,0,0.4]
[5,12.4,0,0.4]
[5,12.6,0,0.4]
[4,12.7,0,0.4]
[3,12.8,1,0.4]
[3,13.4,0,0.4]
[4,13.5,0,0.4]
[5,13.6,0,0.4]
[3,13.8,0,0.4]
[4,14,0,0.4]
[2,14.2,0,0.4]
[1,14.4,0,0.4]
[0,14.6,0,0.4]
[4,14.8,0,0.4]
[5,15,0,0.4]
[3,15.2,1,0.4]
[4,15.8,0,0.4]
[5,16,0,0.4]
[4,16.2,0,0.4]
[3,16.4,0,0.4]
[8,16.6,0,0.4]
[6,16.8,1,0.3]
[7,17.1,1,0.3]
[5,17.4,1,0.2]
[4,17.6,1,0.4]
[0,18.2,0,0.4]
[1,18.3,0,0.4]
[2,18.4,0,0.4]
[3,18.6,0,0.4]
[5,18.7,0,0.4]
[4,18.8,1,0.4]
[3,19.2,1,0.4]
[4,19.6,0,0.4]
[8,19.8,0,0.4]
[7,19.9,0,0.4]
[6,20,0,0.4]
[4,20.3,0,0.4]
[5,20.6,0,0.4]
[0,20.8,0,0.4]
[1,21,0,0.4]
[5,21.2,0,0.4]
[4,21.4,0,0.4]
[3,21.6,1,0.4]
[8,22.2,0,0.4]
[8,22.4,0,0.4]
[6,22.6,0,0.4]
[7,22.8,0,0.4]
[3,23,0,0.4]
[5,23.2,0,0.4]
[6,23.4,0,0.4]
[7,23.5,0,0.4]
[8,23.6,0,0.4]
[5,23.7,0,0.4]
[4,23.8,0,0.4]
[3,23.9,0,0.4]
[2,24,1,0.4]
[0,24.6,0,0.4]
[1,24.666666666666668,0,0.4]
[2,24.733333333333334,0,0.4]
[3,24.8,0,0.4]
[7,25,0,0.4]
[6,25.1,0,0.4]
[8,25.2,0,0.4]
[5,25.4,0,0.4]
[4,25.5,0,0.4]
[3,25.6,0,0.4]
[4,25.8,0,0.4]
[5,26,0,0.4]
[6,26.2,0,0.4]
[7,26.3,0,0.4]
[8,26.4,0,0.4]
[8,26.5,0,0.4]
[4,26.6,0,0.4]
[3,26.7,0,0.4]
[0,26.8,0,0.4]
[1,27,0,0.4]
[2,27.2,0,0.4]
[3,27.4,0,0.4]
[4,27.6,0,0.4]
[4,27.7,0,0.4]
[5,27.8,0,0.4]
[5,27.9,0,0.4]
[3,28,1,0.4]
[6,28.6,0,0.4]
[7,28.7,0,0.4]
[8,28.8,0,0.4]
[8,28.9,0,0.4]
[4,29,0,0.4]
[3,29.1,0,0.4]
[3,29.2,0,0.4]
[4,29.4,0,0.4]
[4,29.5,0,0.4]
[5,29.6,0,0.4]
[1,29.8,0,0.4]
[2,29.9,0,0.4]
[4,30.1,0,0.4]
[3,30.2,0,0.4]
[8,30.4,1,0.4]
[6,31,0,0.4]
[7,31.1,0,0.4]
[8,31.2,0,0.4]
[8,31.3,0,0.4]
[5,31.4,0,0.4]
[4,31.5,0,0.4]
[3,31.6,0,0.4]
[3,31.7,0,0.4]
[3,31.8,0,0.4]
[0,32,0,0.4]
[1,32,0,0.4]
[5,32.2,0,0.4]
[4,32.3,0,0.4]
[3,32.4,0,0.4]
[8,32.6,0,0.4]
[7,32.7,0,0.4]
[6,32.8,0,0.4]
[6,32.9,0,0.4]
[4,33.1,0,0.4]
[4,33.2,0,0.4]
[2,33.4,0,0.4]
[2,33.5,0,0.4]
[3,33.6,0,0.4]
[4,33.8,0,0.4]
[5,34,0,0.4]
[4,34.2,0,0.4]
[3,34.4,1,0.4]
[5,35,0,0.4]
[4,35.2,0,0.4]
[3,35.4,0,0.4]
[5,35.6,0,0.4]
[3,35.8,0,0.4]
[4,36,0,0.4]
[6,36.2,0,0.4]
[7,36.3,0,0.4]
[5,36.4,0,0.4]
[4,36.5,0,0.4]
[0,36.6,0,0.4]
[1,36.7,0,0.4]
[2,36.8,1,1.6]
[5,38.4,0,0.4]
[4,38.53333333333333,0,0.4]
[3,38.666666666666664,0,0.4]
[8,38.8,0,0.4]
[7,38.93333333333333,0,0.4]
[6,39.06666666666667,0,0.4]
[3,39.2,0,0.4]
[4,39.333333333333336,0,0.4]
[5,39.46666666666667,0,0.4]
[0,39.6,0,0.4]
[0,39.7,0,0.4]
[1,39.8,0,0.4]
[2,39.9,0,0.4]
[2,40,0,0.4]
[4,40.13333333333333,0,0.4]
[2,40.266666666666666,0,0.4]
[2,40.4,0,0.4]
[3,40.53333333333333,0,0.4]
[3,40.666666666666664,0,0.4]
[6,40.8,0,0.4]
[8,40.9,0,0.4]
[7,41,0,0.4]
[6,41.1,0,0.4]
[5,41.2,0,0.4]
[4,41.4,0,0.4]
[5,41.6,0,0.4]
[3,41.733333333333334,0,0.4]
[4,41.8,0,0.4]
[5,41.86666666666667,0,0.4]
[2,42,0,0.4]
[0,42.13333333333333,0,0.4]
[1,42.266666666666666,0,0.4]
[5,42.4,0,0.4]
[7,42.5,0,0.4]
[4,42.6,0,0.4]
[6,42.7,0,0.4]
[6,42.8,0,0.4]
[7,42.9,0,0.4]
[5,43,0,0.4]
[4,43.1,0,0.4]
[2,43.2,0,0.4]
[4,43.333333333333336,0,0.4]
[2,43.46666666666667,0,0.4]
[2,43.6,0,0.4]
[4,43.733333333333334,0,0.4]
[2,43.86666666666667,0,0.4]
[0,44,0,0.4]
[1,44.1,0,0.4]
[5,44.2,0,0.4]
[4,44.3,0,0.4]
[6,44.4,0,0.4]
[7,44.6,0,0.4]
[8,44.8,0,0.4]
[3,45,0,0.4]
[5,45.2,0,0.4]
[5,45.333333333333336,0,0.4]
[5,45.46666666666667,0,0.4]
[5,45.6,0,0.4]
[2,45.733333333333334,0,0.4]
[1,45.8,0,0.4]
[0,45.86666666666667,0,0.4]
[3,46,0,0.4]
[5,46.2,0,0.4]
[4,46.3,0,0.4]
[3,46.4,0,0.4]
[6,46.6,0,0.4]
[7,46.7,0,0.4]
[8,46.8,0,0.4]
[3,47,0,0.4]
[4,47.1,0,0.4]
[2,47.2,0,0.4]
[1,47.3,0,0.4]
[3,47.4,0,0.4]
[4,47.46666666666667,0,0.4]
[5,47.53333333333333,0,0.4]
[6,47.6,0,0.4]
[7,47.7,0,0.4]
[8,47.8,0,0.4]
[6,47.9,0,0.4]
[4,48,0,0.4]
[5,48,0,0.4]
[3,48.2,0,0.4]
[3,48.4,0,0.4]
[4,48.6,0,0.4]
[5,48.6,0,0.4]
[3,48.8,0,0.4]
[4,48.9,0,0.4]
[5,49,0,0.4]
[6,49.1,0,0.4]
[7,49.2,0,0.4]
[8,49.3,0,0.4]
[5,49.4,0,0.4]
[3,49.5,0,0.4]
[4,49.6,0,0.4]
[5,49.6,0,0.4]
[3,49.8,0,0.4]
[3,50,0,0.4]
[5,50.2,0,0.4]
[4,50.2,0,0.4]
[3,50.4,0,0.4]
[3,50.5,0,0.4]
[3,50.6,0,0.4]
[6,50.8,0,0.4]
[7,50.9,0,0.4]
[5,51,0,0.4]
[4,51.1,0,0.4]
[3,51.2,0,0.4]
[5,52.4,0,0.4]
[6,52.8,0,0.4]
[6,52.9,0,0.4]
[6,53,0,0.4]
[6,53.1,0,0.4]
[5,53.2,0,0.4]
[6,53.2,0,0.4]
[6,53.4,0,0.4]
[6,53.5,0,0.4]
[3,53.6,0,0.4]
[3,53.8,0,0.4]
[3,53.9,0,0.4]
[0,54,0,0.4]
[5,54,0,0.4]
[0,54.2,0,0.4]
[0,54.3,0,0.4]
[3,54.4,0,0.4]
[3,54.5,0,0.4]
[3,54.6,0,0.4]
[3,54.7,0,0.4]
[3,54.8,0,0.4]
[5,54.8,0,0.4]
[3,54.9,0,0.4]
[3,55,0,0.4]
[3,55.1,0,0.4]
[3,55.2,0,0.4]
[3,55.3,0,0.4]
[3,55.4,0,0.4]
[3,55.5,0,0.4]
[5,55.6,0,0.4]
[3,55.6,0,0.4]
[6,55.8,0,0.4]
[6,55.9,0,0.4]
[5,56,0,0.4]
[6,56,0,0.4]
[3,56.2,0,0.4]
[3,56.3,0,0.4]
[5,56.4,0,0.4]
[3,56.4,0,0.4]
[0,56.6,0,0.4]
[0,56.7,0,0.4]
[0,56.8,0,0.4]
[3,57,0,0.4]
[3,57.1,0,0.4]
[5,57.2,0,0.4]
[3,57.2,0,0.4]
[6,57.4,0,0.4]
[6,57.5,0,0.4]
[3,57.6,0,0.4]
[3,57.7,0,0.4]
[3,57.8,0,0.4]
[3,57.9,0,0.4]
[5,58,0,0.4]
[3,58,0,0.4]
[0,58.2,0,0.4]
[3,58.3,0,0.4]
[6,58.4,0,0.4]
[6,58.5,0,0.4]
[6,58.6,0,0.4]
[6,58.7,0,0.4]
[5,58.8,0,0.4]
[6,58.8,0,0.4]
[3,59,0,0.4]
[3,59.1,0,0.4]
[5,59.2,0,0.4]
[6,59.2,0,0.4]
[6,59.3,0,0.4]
[6,59.4,0,0.4]
[6,59.5,0,0.4]
[5,59.6,0,0.4]
[3,59.6,0,0.4]
[3,59.7,0,0.4]
[6,59.8,0,0.4]
[6,59.9,0,0.4]
[6,60,0,0.4]
[6,60.1,0,0.4]
[6,60.2,0,0.4]
[5,60.4,0,0.4]
[0,60.4,0,0.4]
[0,60.5,0,0.4]
[0,60.6,0,0.4]
[3,60.8,0,0.4]
[3,60.9,0,0.4]
[3,61,0,0.4]
[3,61.1,0,0.4]
[5,61.2,0,0.4]
[6,61.2,0,0.4]
[6,61.3,0,0.4]
[3,61.4,0,0.4]
[3,61.5,0,0.4]
[3,61.6,0,0.4]
[3,61.8,0,0.4]
[5,62,0,0.4]
[6,62,0,0.4]
[6,62.1,0,0.4]
[6,62.2,0,0.4]
[6,62.3,0,0.4]
[5,62.4,0,0.4]
[3,62.4,0,0.4]
[3,62.6,0,0.4]
[3,62.7,0,0.4]
[5,62.8,0,0.4]
[0,62.8,0,0.4]
[0,63,0,0.4]
[0,63.2,0,0.4]
[0,63.3,0,0.4]
[3,63.4,0,0.4]
[3,63.5,0,0.4]
[5,63.6,0,0.4]
[3,63.6,0,0.4]
[3,63.8,0,0.4]
[3,63.9,0,0.4]
[5,64,0,0.4]
[0,64,0,0.4]
[0,64.2,0,0.4]
[0,64.3,0,0.4]
[5,64.4,0,0.4]
[0,64.4,0,0.4]
[0,64.6,0,0.4]
[3,64.7,0,0.4]
[5,64.8,0,0.4]
[6,64.8,0,0.4]
[6,64.9,0,0.4]
[5,65,0,0.4]
[6,65,0,0.4]
[6,65.1,0,0.4]
[5,65.2,0,0.4]
[6,65.2,0,0.4]
[5,65.4,0,0.4]
[6,65.4,0,0.4]
[4,65.6,0,0.4]
[5,65.6,0,0.4]
[6,65.6,0,0.4]
[6,65.7,0,0.4]
[6,65.8,0,0.4]
[6,65.9,0,0.4]
[5,66,0,0.4]
[6,66,0,0.4]
[6,66.2,0,0.4]
[6,66.3,0,0.4]
[3,66.4,0,0.4]
[3,66.5,0,0.4]
[3,66.6,0,0.4]
[3,66.7,0,0.4]
[5,66.8,0,0.4]
[0,66.8,0,0.4]
[0,66.9,0,0.4]
[0,67,0,0.4]
[0,67.1,0,0.4]
[3,67.2,0,0.4]
[3,67.3,0,0.4]
[3,67.4,0,0.4]
[3,67.5,0,0.4]
[5,67.6,0,0.4]
[3,67.6,0,0.4]
[3,67.8,0,0.4]
[3,67.9,0,0.4]
[5,68,0,0.4]
[3,68,0,0.4]
[3,68.2,0,0.4]
[5,68.4,0,0.4]
[6,68.4,0,0.4]
[6,68.5,0,0.4]
[0,68.6,0,0.4]
[0,68.7,0,0.4]
[5,68.8,0,0.4]
[3,68.8,0,0.4]
[3,68.9,0,0.4]
[3,69,0,0.4]
[3,69.1,0,0.4]
[5,69.2,0,0.4]
[0,69.2,0,0.4]
[0,69.3,0,0.4]
[3,69.4,0,0.4]
[3,69.5,0,0.4]
[6,69.6,0,0.4]
[6,69.7,0,0.4]
[6,69.8,0,0.4]
[6,69.9,0,0.4]
[5,70,0,0.4]
[3,70,0,0.4]
[3,70.1,0,0.4]
[3,70.2,0,0.4]
[3,70.3,0,0.4]
[0,70.4,0,0.4]
[0,70.5,0,0.4]
[0,70.6,0,0.4]
[0,70.7,0,0.4]
[5,70.8,0,0.4]
[0,70.8,0,0.4]
[0,71,0,0.4]
[3,71.1,0,0.4]
[5,71.2,0,0.4]
[6,71.2,0,0.4]
[6,71.3,0,0.4]
[6,71.4,0,0.4]
[6,71.5,0,0.4]
[5,71.6,0,0.4]
[6,71.6,0,0.4]
[6,71.8,0,0.4]
[6,71.9,0,0.4]
[5,72,0,0.4]
[3,72,0,0.4]
[3,72.1,0,0.4]
[3,72.2,0,0.4]
[3,72.3,0,0.4]
[5,72.4,0,0.4]
[6,72.4,0,0.4]
[6,72.5,0,0.4]
[3,72.6,0,0.4]
[3,72.7,0,0.4]
[3,72.8,0,0.4]
[3,72.9,0,0.4]
[3,73,0,0.4]
[5,73.2,0,0.4]
[0,73.2,0,0.4]
[0,73.3,0,0.4]
[0,73.4,0,0.4]
[0,73.5,0,0.4]
[3,73.6,0,0.4]
[3,73.7,0,0.4]
[3,73.8,0,0.4]
[3,73.9,0,0.4]
[5,74,0,0.4]
[6,74,0,0.4]
[6,74.1,0,0.4]
[3,74.2,0,0.4]
[3,74.3,0,0.4]
[5,74.4,0,0.4]
[3,74.4,0,0.4]
[3,74.5,0,0.4]
[3,74.6,0,0.4]
[3,74.7,0,0.4]
[5,74.8,0,0.4]
[6,74.8,0,0.4]
[6,74.9,0,0.4]
[6,75,0,0.4]
[6,75.1,0,0.4]
[5,75.2,0,0.4]
[0,75.2,0,0.4]
[0,75.3,0,0.4]
[0,75.4,0,0.4]
[0,75.5,0,0.4]
[5,75.6,0,0.4]
[6,75.6,0,0.4]
[6,75.7,0,0.4]
[3,75.8,0,0.4]
[3,75.9,0,0.4]
[3,76,0,0.4]
[3,76.2,0,0.4]
[5,76.4,0,0.4]
[3,76.4,0,0.4]
[3,76.6,0,0.4]
[3,76.7,0,0.4]
[5,76.8,0,0.4]
[0,76.8,0,0.4]
[0,76.9,0,0.4]
[0,77,0,0.4]
[0,77.1,0,0.4]
[5,77.2,0,0.4]
[0,77.2,0,0.4]
[3,77.4,0,0.4]
[5,77.6,0,0.4]
[6,77.6,0,0.4]
[6,77.7,0,0.4]
[5,77.8,0,0.4]
[6,77.8,0,0.4]
[6,77.9,0,0.4]
[5,78,0,0.4]
[6,78,0,0.4]
[5,78.2,0,0.4]
[6,78.2,0,0.4]
[5,78.3,0,0.4]
[6,78.3,0,0.4]
[6,78.4,1,1.6]
[5,78.4,1,1.6]
[5,81.2,0,1.6]
[6,81.6,0,1.6]
[7,81.6,0,1.6]
[6,81.7,0,1.6]
[7,81.7,0,1.6]
[6,81.8,0,1.6]
[7,81.8,0,1.6]
[6,81.9,0,1.6]
[7,81.9,0,1.6]
[6,82,0,1.6]
[7,82,0,1.6]
[8,82,0,1.6]
[6,82.1,0,1.6]
[7,82.1,0,1.6]
[6,82.2,0,1.6]
[7,82.2,0,1.6]
[3,82.3,0,1.6]
[4,82.3,0,1.6]
[0,82.4,0,1.6]
[1,82.4,0,1.6]
[0,82.5,0,1.6]
[1,82.5,0,1.6]
[3,82.6,0,1.6]
[4,82.6,0,1.6]
[5,82.6,0,1.6]
[3,82.7,0,1.6]
[4,82.7,0,1.6]
[6,82.8,0,1.6]
[7,82.8,0,1.6]
[6,82.9,0,1.6]
[7,82.9,0,1.6]
[3,83,0,1.6]
[4,83,0,1.6]
[5,83,0,1.6]
[3,83.1,0,1.6]
[4,83.1,0,1.6]
[0,83.2,0,1.6]
[1,83.2,0,1.6]
[2,83.2,0,1.6]
[0,83.3,0,1.6]
[1,83.3,0,1.6]
[3,83.4,0,1.6]
[4,83.4,0,1.6]
[4,83.5,0,1.6]
[3,83.5,0,1.6]
[6,83.6,0,1.6]
[7,83.6,0,1.6]
[8,83.6,0,1.6]
[6,83.7,0,1.6]
[7,83.7,0,1.6]
[0,83.8,0,1.6]
[1,83.8,0,1.6]
[0,83.9,0,1.6]
[1,83.9,0,1.6]
[3,84,0,1.6]
[4,84,0,1.6]
[4,84.1,0,1.6]
[3,84.1,0,1.6]
[3,84.2,0,1.6]
[4,84.2,0,1.6]
[5,84.2,0,1.6]
[3,84.3,0,1.6]
[4,84.3,0,1.6]
[3,84.4,0,1.6]
[4,84.4,0,1.6]
[3,84.5,0,1.6]
[4,84.5,0,1.6]
[0,84.6,0,1.6]
[1,84.6,0,1.6]
[2,84.6,0,1.6]
[0,84.7,0,1.6]
[1,84.7,0,1.6]
[0,84.8,0,1.6]
[1,84.8,0,1.6]
[2,84.8,0,1.6]
[0,84.9,0,1.6]
[1,84.9,0,1.6]
[3,85,0,1.6]
[4,85,0,1.6]
[3,85.1,0,1.6]
[4,85.1,0,1.6]
[6,85.2,0,1.6]
[7,85.2,0,1.6]
[8,85.2,0,1.6]
[6,85.3,0,1.6]
[7,85.3,0,1.6]
[3,85.4,0,1.6]
[4,85.4,0,1.6]
[3,85.5,0,1.6]
[4,85.5,0,1.6]
[0,85.6,0,1.6]
[1,85.6,0,1.6]
[0,85.7,0,1.6]
[1,85.7,0,1.6]
[0,85.8,0,1.6]
[1,85.8,0,1.6]
[2,85.8,0,1.6]
[3,85.9,0,1.6]
[4,85.9,0,1.6]
[3,86,0,1.6]
[4,86,0,1.6]
[3,86.1,0,1.6]
[4,86.1,0,1.6]
[6,86.2,0,1.6]
[7,86.2,0,1.6]
[8,86.2,0,1.6]
[7,86.3,0,1.6]
[6,86.3,0,1.6]
[7,86.4,0,1.6]
[6,86.4,0,1.6]
[8,86.4,0,1.6]
[6,86.5,0,1.6]
[7,86.5,0,1.6]
[6,86.6,0,1.6]
[7,86.6,0,1.6]
[6,86.7,0,1.6]
[7,86.7,0,1.6]
[6,86.8,0,1.6]
[7,86.8,0,1.6]
[8,86.8,0,1.6]
[6,86.9,0,1.6]
[7,86.9,0,1.6]
[8,87,0,1.6]
[3,87.06666666666666,0,1.6]
[4,87.13333333333334,0,1.6]
[5,87.2,0,1.6]
[5,87.3,0,1.6]
[0,87.4,0,1.6]
[1,87.425,0,1.6]
[2,87.45,0,1.6]
[3,87.5,0,1.6]
[5,87.525,0,1.6]
[4,87.55,0,1.6]
[6,87.6,0,1.6]
[7,87.6,0,1.6]
[6,87.73333333333333,0,1.6]
[7,87.73333333333333,0,1.6]
[6,87.86666666666666,0,1.6]
[7,87.86666666666666,0,1.6]
[7,88,0,1.6]
[8,88,0,1.6]
[8,88.1,0,1.6]
[7,88.1,0,1.6]
[8,88.2,0,1.6]
[7,88.2,0,1.6]
[7,88.3,0,1.6]
[8,88.3,0,1.6]
[4,88.4,0,1.6]
[5,88.4,0,1.6]
[3,88.4,0,1.6]
[4,88.5,0,1.6]
[5,88.5,0,1.6]
[1,88.6,0,1.6]
[2,88.6,0,1.6]
[4,88.7,0,1.6]
[5,88.7,0,1.6]
[8,88.8,0,1.6]
[7,88.8,0,1.6]
[7,88.9,0,1.6]
[8,88.9,0,1.6]
[7,89,0,1.6]
[8,89,0,1.6]
[6,89,0,1.6]
[4,89.1,0,1.6]
[5,89.1,0,1.6]
[4,89.2,0,1.6]
[5,89.2,0,1.6]
[4,89.3,0,1.6]
[5,89.3,0,1.6]
[1,89.4,0,1.6]
[2,89.4,0,1.6]
[0,89.4,0,1.6]
[1,89.5,0,1.6]
[2,89.5,0,1.6]
[4,89.6,0,1.6]
[5,89.6,0,1.6]
[3,89.6,0,1.6]
[4,89.7,0,1.6]
[5,89.7,0,1.6]
[7,89.8,0,1.6]
[8,89.8,0,1.6]
[7,89.9,0,1.6]
[8,89.9,0,1.6]
[1,90,0,1.6]
[2,90,0,1.6]
[0,90,0,1.6]
[1,90.1,0,1.6]
[2,90.1,0,1.6]
[4,90.2,0,1.6]
[5,90.2,0,1.6]
[4,90.3,0,1.6]
[5,90.3,0,1.6]
[7,90.4,0,1.6]
[8,90.4,0,1.6]
[6,90.4,0,1.6]
[7,90.5,0,1.6]
[8,90.5,0,1.6]
[7,90.6,0,1.6]
[8,90.6,0,1.6]
[6,90.6,0,1.6]
[7,90.7,0,1.6]
[8,90.7,0,1.6]
[7,90.8,0,1.6]
[8,90.8,0,1.6]
[7,90.9,0,1.6]
[8,90.9,0,1.6]
[4,91,0,1.6]
[5,91,0,1.6]
[3,91,0,1.6]
[4,91.1,0,1.6]
[5,91.1,0,1.6]
[1,91.2,0,1.6]
[2,91.2,0,1.6]
[0,91.2,0,1.6]
[1,91.3,0,1.6]
[2,91.3,0,1.6]
[4,91.4,0,1.6]
[5,91.4,0,1.6]
[4,91.5,0,1.6]
[5,91.5,0,1.6]
[1,91.6,0,1.6]
[2,91.6,0,1.6]
[0,91.6,0,1.6]
[1,91.7,0,1.6]
[2,91.7,0,1.6]
[7,91.8,0,1.6]
[8,91.8,0,1.6]
[7,91.9,0,1.6]
[8,91.9,0,1.6]
[1,92,0,1.6]
[2,92,0,1.6]
[4,92.1,0,1.6]
[5,92.1,0,1.6]
[7,92.2,0,1.6]
[8,92.2,0,1.6]
[6,92.2,0,1.6]
[7,92.3,0,1.6]
[8,92.3,0,1.6]
[4,92.4,0,1.6]
[5,92.4,0,1.6]
[1,92.5,0,1.6]
[2,92.5,0,1.6]
[4,92.6,0,1.6]
[5,92.6,0,1.6]
[3,92.6,0,1.6]
[7,92.7,0,1.6]
[8,92.7,0,1.6]
[1,92.8,0,1.6]
[2,92.8,0,1.6]
[0,92.8,0,1.6]
[1,92.9,0,1.6]
[2,92.9,0,1.6]
[1,93,0,1.6]
[2,93,0,1.6]
[1,93.1,0,1.6]
[2,93.1,0,1.6]
[1,93.2,0,1.6]
[2,93.2,0,1.6]
[0,93.2,0,1.6]
[1,93.3,0,1.6]
[2,93.3,0,1.6]
[1,93.4,0,1.6]
[2,93.4,0,1.6]
[1,93.5,0,1.6]
[2,93.5,0,1.6]
[4,93.6,0,1.6]
[5,93.6,0,1.6]
[3,93.6,0,1.6]
[4,93.7,0,1.6]
[5,93.7,0,1.6]
[4,93.8,0,1.6]
[5,93.8,0,1.6]
[3,93.8,0,1.6]
[4,93.9,0,1.6]
[5,93.9,0,1.6]
[4,94,0,1.6]
[5,94,0,1.6]
[3,94,0,1.6]
[4,94.1,0,1.6]
[5,94.1,0,1.6]
[4,94.2,0,1.6]
[5,94.2,0,1.6]
[3,94.2,0,1.6]
[6,94.4,0,1.6]
[7,94.4,0,1.6]
[8,94.4,0,1.6]
[6,94.5,0,1.6]
[7,94.5,0,1.6]
[6,94.6,0,1.6]
[7,94.6,0,1.6]
[6,94.7,0,1.6]
[7,94.7,0,1.6]
[6,94.8,0,1.6]
[7,94.8,0,1.6]
[8,94.8,0,1.6]
[6,94.9,0,1.6]
[7,94.9,0,1.6]
[6,95,0,1.6]
[7,95,0,1.6]
[3,95.1,0,1.6]
[4,95.1,0,1.6]
[0,95.2,0,1.6]
[1,95.2,0,1.6]
[0,95.3,0,1.6]
[1,95.3,0,1.6]
[3,95.4,0,1.6]
[4,95.4,0,1.6]
[5,95.4,0,1.6]
[3,95.5,0,1.6]
[4,95.5,0,1.6]
[6,95.6,0,1.6]
[7,95.6,0,1.6]
[6,95.7,0,1.6]
[7,95.7,0,1.6]
[3,95.8,0,1.6]
[4,95.8,0,1.6]
[5,95.8,0,1.6]
[3,95.9,0,1.6]
[4,95.9,0,1.6]
[0,96,0,1.6]
[1,96,0,1.6]
[2,96,0,1.6]
[0,96.1,0,1.6]
[1,96.1,0,1.6]
[3,96.2,0,1.6]
[4,96.2,0,1.6]
[3,96.3,0,1.6]
[4,96.3,0,1.6]
[6,96.4,0,1.6]
[7,96.4,0,1.6]
[8,96.4,0,1.6]
[6,96.5,0,1.6]
[7,96.5,0,1.6]
[0,96.6,0,1.6]
[1,96.6,0,1.6]
[0,96.7,0,1.6]
[1,96.7,0,1.6]
[3,96.8,0,1.6]
[4,96.8,0,1.6]
[3,96.9,0,1.6]
[4,96.9,0,1.6]
[3,97,0,1.6]
[4,97,0,1.6]
[5,97,0,1.6]
[3,97.1,0,1.6]
[4,97.1,0,1.6]
[3,97.2,0,1.6]
[4,97.2,0,1.6]
[3,97.3,0,1.6]
[4,97.3,0,1.6]
[0,97.4,0,1.6]
[1,97.4,0,1.6]
[2,97.4,0,1.6]
[0,97.5,0,1.6]
[1,97.5,0,1.6]
[3,97.6,0,1.6]
[4,97.6,0,1.6]
[5,97.6,0,1.6]
[3,97.7,0,1.6]
[4,97.7,0,1.6]
[6,97.8,0,1.6]
[7,97.8,0,1.6]
[6,97.9,0,1.6]
[7,97.9,0,1.6]
[3,98,0,1.6]
[4,98,0,1.6]
[5,98,0,1.6]
[3,98.1,0,1.6]
[4,98.1,0,1.6]
[0,98.2,0,1.6]
[1,98.2,0,1.6]
[0,98.3,0,1.6]
[1,98.3,0,1.6]
[3,98.4,0,1.6]
[4,98.4,0,1.6]
[3,98.5,0,1.6]
[4,98.5,0,1.6]
[3,98.6,0,1.6]
[4,98.6,0,1.6]
[5,98.6,0,1.6]
[6,98.7,0,1.6]
[7,98.7,0,1.6]
[6,98.8,0,1.6]
[7,98.8,0,1.6]
[6,98.9,0,1.6]
[7,98.9,0,1.6]
[0,99,0,1.6]
[1,99,0,1.6]
[2,99,0,1.6]
[0,99.1,0,1.6]
[1,99.1,0,1.6]
[3,99.2,0,1.6]
[4,99.2,0,1.6]
[5,99.2,0,1.6]
[3,99.3,0,1.6]
[4,99.3,0,1.6]
[3,99.4,0,1.6]
[4,99.4,0,1.6]
[3,99.5,0,1.6]
[4,99.5,0,1.6]
[3,99.6,0,1.6]
[4,99.6,0,1.6]
[5,99.6,0,1.6]
[3,99.7,0,1.6]
[4,99.7,0,1.6]
[6,99.8,0,1.6]
[7,99.86666666666666,0,1.6]
[8,99.93333333333334,0,1.6]
[3,100,0,1.6]
[3,100.1,0,1.6]
[2,100.2,0,1.6]
[1,100.225,0,1.6]
[0,100.25,0,1.6]
[5,100.3,0,1.6]
[3,100.325,0,1.6]
[4,100.35,0,1.6]
[8,100.4,0,1.6]
[8,100.53333333333333,0,1.6]
[8,100.66666666666667,0,1.6]
[7,100.8,0,1.6]
[8,100.8,0,1.6]
[6,100.8,0,1.6]
[8,100.9,0,1.6]
[7,100.9,0,1.6]
[8,101,0,1.6]
[7,101,0,1.6]
[8,101.1,0,1.6]
[7,101.1,0,1.6]
[5,101.2,0,1.6]
[4,101.2,0,1.6]
[3,101.2,0,1.6]
[5,101.3,0,1.6]
[4,101.3,0,1.6]
[2,101.4,0,1.6]
[1,101.4,0,1.6]
[5,101.5,0,1.6]
[4,101.5,0,1.6]
[8,101.6,0,1.6]
[7,101.6,0,1.6]
[8,101.7,0,1.6]
[7,101.7,0,1.6]
[8,101.8,0,1.6]
[7,101.8,0,1.6]
[6,101.8,0,1.6]
[5,101.9,0,1.6]
[4,101.9,0,1.6]
[5,102,0,1.6]
[4,102,0,1.6]
[5,102.1,0,1.6]
[4,102.1,0,1.6]
[2,102.2,0,1.6]
[1,102.2,0,1.6]
[0,102.2,0,1.6]
[2,102.3,0,1.6]
[1,102.3,0,1.6]
[8,102.4,0,1.6]
[7,102.4,0,1.6]
[6,102.4,0,1.6]
[8,102.5,0,1.6]
[7,102.5,0,1.6]
[5,102.6,0,1.6]
[4,102.6,0,1.6]
[5,102.7,0,1.6]
[4,102.7,0,1.6]
[2,102.8,0,1.6]
[1,102.8,0,1.6]
[0,102.8,0,1.6]
[2,102.9,0,1.6]
[1,102.9,0,1.6]
[5,103,0,1.6]
[4,103,0,1.6]
[5,103.1,0,1.6]
[4,103.1,0,1.6]
[8,103.2,0,1.6]
[7,103.2,0,1.6]
[8,103.3,0,1.6]
[7,103.3,0,1.6]
[8,103.4,0,1.6]
[7,103.4,0,1.6]
[6,103.4,0,1.6]
[8,103.5,0,1.6]
[7,103.5,0,1.6]
[8,103.6,0,1.6]
[7,103.6,0,1.6]
[8,103.7,0,1.6]
[7,103.7,0,1.6]
[5,103.8,0,1.6]
[4,103.8,0,1.6]
[3,103.8,0,1.6]
[5,103.9,0,1.6]
[4,103.9,0,1.6]
[2,104,0,1.6]
[1,104,0,1.6]
[0,104,0,1.6]
[2,104.1,0,1.6]
[1,104.1,0,1.6]
[5,104.2,0,1.6]
[4,104.2,0,1.6]
[5,104.3,0,1.6]
[4,104.3,0,1.6]
[2,104.4,0,1.6]
[1,104.4,0,1.6]
[0,104.4,0,1.6]
[2,104.5,0,1.6]
[1,104.5,0,1.6]
[8,104.6,0,1.6]
[7,104.6,0,1.6]
[8,104.7,0,1.6]
[7,104.7,0,1.6]
[2,104.8,0,1.6]
[1,104.8,0,1.6]
[2,104.9,0,1.6]
[1,104.9,0,1.6]
[5,105,0,1.6]
[4,105,0,1.6]
[3,105,0,1.6]
[8,105.1,0,1.6]
[7,105.1,0,1.6]
[5,105.2,0,1.6]
[4,105.2,0,1.6]
[2,105.3,0,1.6]
[1,105.3,0,1.6]
[8,105.4,0,1.6]
[7,105.4,0,1.6]
[6,105.4,0,1.6]
[5,105.5,0,1.6]
[4,105.5,0,1.6]
[2,105.6,0,1.6]
[1,105.6,0,1.6]
[0,105.6,0,1.6]
[2,105.7,0,1.6]
[1,105.7,0,1.6]
[2,105.8,0,1.6]
[1,105.8,0,1.6]
[3,105.8,0,1.6]
[2,105.9,0,1.6]
[1,105.9,0,1.6]
[2,106,0,1.6]
[1,106,0,1.6]
[6,106,0,1.6]
[2,106.1,0,1.6]
[1,106.1,0,1.6]
[2,106.2,0,1.6]
[1,106.2,0,1.6]
[0,106.2,0,1.6]
[2,106.3,0,1.6]
[1,106.3,0,1.6]
[2,106.4,0,1.6]
[1,106.4,0,1.6]
[3,106.4,0,1.6]
[2,106.5,0,1.6]
[1,106.5,0,1.6]
[2,106.6,0,1.6]
[1,106.6,0,1.6]
[6,106.6,0,1.6]
[2,106.7,0,1.6]
[1,106.7,0,1.6]
[2,106.8,0,1.6]
[1,106.8,0,1.6]
[3,106.8,0,1.6]
[2,106.9,0,1.6]
[1,106.9,0,1.6]
[2,107,0,1.6]
[1,107,0,1.6]
[0,107,0,1.6]
[3,107.2,0,1.6]
[6,107.2,0,1.6]
[8,107.2,0,1.6]
[7,107.225,0,1.6]
[3,107.3,0,1.6]
[6,107.3,0,1.6]
[8,107.3,0,1.6]
[7,107.325,0,1.6]
[3,107.4,0,1.6]
[6,107.4,0,1.6]
[8,107.4,0,1.6]
[7,107.425,0,1.6]
[3,107.5,0,1.6]
[6,107.5,0,1.6]
[8,107.5,0,1.6]
[7,107.525,0,1.6]
[3,107.6,0,1.6]
[6,107.6,0,1.6]
[8,107.6,0,1.6]
[7,107.625,0,1.6]
[3,107.7,0,1.6]
[6,107.7,0,1.6]
[8,107.7,0,1.6]
[7,107.725,0,1.6]
[3,107.8,0,1.6]
[6,107.8,0,1.6]
[8,107.8,0,1.6]
[7,107.825,0,1.6]
[3,107.9,0,1.6]
[6,107.9,0,1.6]
[8,107.9,0,1.6]
[7,107.925,0,1.6]
[3,108,0,1.6]
[6,108,0,1.6]
[5,108,0,1.6]
[4,108,0,1.6]
[3,108.1,0,1.6]
[6,108.1,0,1.6]
[5,108.1,0,1.6]
[4,108.1,0,1.6]
[3,108.2,0,1.6]
[6,108.2,0,1.6]
[5,108.2,0,1.6]
[4,108.2,0,1.6]
[3,108.3,0,1.6]
[6,108.3,0,1.6]
[5,108.3,0,1.6]
[4,108.3,0,1.6]
[3,108.4,0,1.6]
[6,108.4,0,1.6]
[2,108.4,0,1.6]
[1,108.4,0,1.6]
[3,108.5,0,1.6]
[6,108.5,0,1.6]
[2,108.5,0,1.6]
[1,108.5,0,1.6]
[3,108.6,0,1.6]
[6,108.6,0,1.6]
[2,108.6,0,1.6]
[1,108.6,0,1.6]
[3,108.7,0,1.6]
[6,108.7,0,1.6]
[2,108.7,0,1.6]
[1,108.7,0,1.6]
[0,108.8,0,1.6]
[3,108.8,0,1.6]
[5,108.8,0,1.6]
[4,108.825,0,1.6]
[0,108.9,0,1.6]
[3,108.9,0,1.6]
[5,108.9,0,1.6]
[4,108.925,0,1.6]
[0,109,0,1.6]
[3,109,0,1.6]
[5,109,0,1.6]
[4,109.025,0,1.6]
[0,109.1,0,1.6]
[3,109.1,0,1.6]
[5,109.1,0,1.6]
[4,109.125,0,1.6]
[0,109.2,0,1.6]
[3,109.2,0,1.6]
[5,109.2,0,1.6]
[4,109.225,0,1.6]
[0,109.3,0,1.6]
[3,109.3,0,1.6]
[5,109.3,0,1.6]
[4,109.325,0,1.6]
[0,109.4,0,1.6]
[3,109.4,0,1.6]
[5,109.4,0,1.6]
[4,109.425,0,1.6]
[5,109.5,0,1.6]
[0,109.5,0,1.6]
[3,109.5,0,1.6]
[4,109.525,0,1.6]
[0,109.6,0,1.6]
[3,109.6,0,1.6]
[5,109.6,0,1.6]
[4,109.625,0,1.6]
[3,109.7,0,1.6]
[0,109.7,0,1.6]
[5,109.7,0,1.6]
[4,109.725,0,1.6]
[5,109.8,0,1.6]
[0,109.8,0,1.6]
[3,109.8,0,1.6]
[4,109.825,0,1.6]
[5,109.9,0,1.6]
[0,109.9,0,1.6]
[3,109.9,0,1.6]
[4,109.925,0,1.6]
[2,110,0,1.6]
[1,110.03333333333333,0,1.6]
[0,110.06666666666666,0,1.6]
[4,110.13333333333334,0,1.6]
[5,110.16666666666667,0,1.6]
[3,110.2,0,1.6]
[8,110.26666666666667,0,1.6]
[7,110.3,0,1.6]
[6,110.33333333333333,0,1.6]
[5,110.4,0,1.6]
[8,110.4,0,1.6]
[3,110.4,0,1.6]
[4,110.425,0,1.6]
[3,110.5,0,1.6]
[5,110.5,0,1.6]
[8,110.5,0,1.6]
[4,110.525,0,1.6]
[5,110.6,0,1.6]
[8,110.6,0,1.6]
[3,110.6,0,1.6]
[4,110.625,0,1.6]
[5,110.7,0,1.6]
[8,110.7,0,1.6]
[3,110.7,0,1.6]
[4,110.725,0,1.6]
[0,110.8,0,1.6]
[5,110.8,0,1.6]
[8,110.8,0,1.6]
[1,110.825,0,1.6]
[0,110.9,0,1.6]
[5,110.9,0,1.6]
[8,110.9,0,1.6]
[1,110.925,0,1.6]
[3,111,0,1.6]
[5,111,0,1.6]
[8,111,0,1.6]
[4,111.025,0,1.6]
[3,111.1,0,1.6]
[5,111.1,0,1.6]
[8,111.1,0,1.6]
[4,111.125,0,1.6]
[0,111.2,0,1.6]
[5,111.2,0,1.6]
[8,111.2,0,1.6]
[1,111.2,0,1.6]
[0,111.3,0,1.6]
[5,111.3,0,1.6]
[8,111.3,0,1.6]
[1,111.3,0,1.6]
[0,111.4,0,1.6]
[5,111.4,0,1.6]
[8,111.4,0,1.6]
[1,111.4,0,1.6]
[0,111.5,0,1.6]
[5,111.5,0,1.6]
[8,111.5,0,1.6]
[1,111.5,0,1.6]
[6,111.6,0,1.6]
[5,111.6,0,1.6]
[8,111.6,0,1.6]
[7,111.6,0,1.6]
[6,111.7,0,1.6]
[5,111.7,0,1.6]
[8,111.7,0,1.6]
[7,111.7,0,1.6]
[6,111.8,0,1.6]
[5,111.8,0,1.6]
[8,111.8,0,1.6]
[7,111.8,0,1.6]
[6,111.9,0,1.6]
[5,111.9,0,1.6]
[8,111.9,0,1.6]
[7,111.9,0,1.6]
[3,112,0,1.6]
[2,112,0,1.6]
[5,112,0,1.6]
[4,112.025,0,1.6]
[3,112.1,0,1.6]
[2,112.1,0,1.6]
[5,112.1,0,1.6]
[4,112.125,0,1.6]
[3,112.2,0,1.6]
[2,112.2,0,1.6]
[5,112.2,0,1.6]
[4,112.225,0,1.6]
[3,112.3,0,1.6]
[2,112.3,0,1.6]
[5,112.3,0,1.6]
[4,112.325,0,1.6]
[3,112.4,0,1.6]
[2,112.4,0,1.6]
[5,112.4,0,1.6]
[4,112.425,0,1.6]
[3,112.5,0,1.6]
[2,112.5,0,1.6]
[5,112.5,0,1.6]
[4,112.525,0,1.6]
[0,112.6,0,1.6]
[2,112.6,0,1.6]
[5,112.6,0,1.6]
[1,112.625,0,1.6]
[3,112.7,0,1.6]
[2,112.7,0,1.6]
[5,112.7,0,1.6]
[4,112.725,0,1.6]
[6,112.8,0,1.6]
[2,112.8,0,1.6]
[5,112.8,0,1.6]
[7,112.825,0,1.6]
[6,112.9,0,1.6]
[2,112.9,0,1.6]
[5,112.9,0,1.6]
[7,112.925,0,1.6]
[6,113,0,1.6]
[2,113,0,1.6]
[5,113,0,1.6]
[7,113.025,0,1.6]
[2,113.1,0,1.6]
[5,113.1,0,1.6]
[6,113.1,0,1.6]
[7,113.125,0,1.6]
[2,113.2,0,1.6]
[5,113.2,0,1.6]
[6,113.2,0,1.6]
[7,113.225,0,1.6]
[2,113.3,0,1.6]
[5,113.3,0,1.6]
[6,113.3,0,1.6]
[7,113.325,0,1.6]
[3,113.4,0,1.6]
[8,113.4,0,1.6]
[3,113.5,0,1.6]
[8,113.5,0,1.6]
[0,113.6,0,1.6]
[2,113.6,0,1.6]
[5,113.6,0,1.6]
[1,113.6,0,1.6]
[0,113.7,0,1.6]
[2,113.7,0,1.6]
[5,113.7,0,1.6]
[1,113.7,0,1.6]
[2,113.8,0,1.6]
[5,113.8,0,1.6]
[0,113.8,0,1.6]
[1,113.8,0,1.6]
[2,113.9,0,1.6]
[5,113.9,0,1.6]
[0,113.9,0,1.6]
[1,113.9,0,1.6]
[5,114,0,1.6]
[8,114,0,1.6]
[0,114,0,1.6]
[1,114,0,1.6]
[5,114.1,0,1.6]
[8,114.1,0,1.6]
[0,114.1,0,1.6]
[1,114.1,0,1.6]
[2,114.2,0,1.6]
[5,114.2,0,1.6]
[0,114.2,0,1.6]
[1,114.2,0,1.6]
[2,114.3,0,1.6]
[5,114.3,0,1.6]
[0,114.3,0,1.6]
[1,114.3,0,1.6]
[2,114.4,0,1.6]
[5,114.4,0,1.6]
[0,114.4,0,1.6]
[1,114.4,0,1.6]
[2,114.5,0,1.6]
[5,114.5,0,1.6]
[0,114.5,0,1.6]
[1,114.5,0,1.6]
[2,114.6,0,1.6]
[5,114.6,0,1.6]
[0,114.6,0,1.6]
[1,114.6,0,1.6]
[2,114.7,0,1.6]
[5,114.7,0,1.6]
[0,114.7,0,1.6]
[1,114.7,0,1.6]
[5,114.8,0,1.6]
[2,114.8,0,1.6]
[0,114.8,0,1.6]
[1,114.8,0,1.6]
[3,114.9,0,1.6]
[2,114.9,0,1.6]
[5,114.9,0,1.6]
[4,114.9,0,1.6]
[3,115,0,1.6]
[5,115,0,1.6]
[2,115,0,1.6]
[4,115,0,1.6]
[3,115.1,0,1.6]
[2,115.1,0,1.6]
[5,115.1,0,1.6]
[4,115.1,0,1.6]
[3,115.2,0,1.6]
[2,115.2,0,1.6]
[5,115.2,0,1.6]
[4,115.2,0,1.6]
[5,115.3,0,1.6]
[8,115.3,0,1.6]
[3,115.3,0,1.6]
[4,115.3,0,1.6]
[5,115.4,0,1.6]
[8,115.4,0,1.6]
[3,115.4,0,1.6]
[4,115.4,0,1.6]
[5,115.5,0,1.6]
[8,115.5,0,1.6]
[3,115.5,0,1.6]
[4,115.5,0,1.6]
[5,115.6,0,1.6]
[8,115.6,0,1.6]
[0,115.6,0,1.6]
[1,115.6,0,1.6]
[5,115.7,0,1.6]
[8,115.7,0,1.6]
[1,115.7,0,1.6]
[0,115.7,0,1.6]
[2,115.8,0,1.6]
[5,115.8,0,1.6]
[0,115.8,0,1.6]
[1,115.8,0,1.6]
[2,115.9,0,1.6]
[5,115.9,0,1.6]
[1,115.9,0,1.6]
[0,115.9,0,1.6]
[2,116,0,1.6]
[5,116,0,1.6]
[0,116,0,1.6]
[1,116,0,1.6]
[2,116.1,0,1.6]
[5,116.1,0,1.6]
[1,116.1,0,1.6]
[0,116.1,0,1.6]
[2,116.2,0,1.6]
[5,116.2,0,1.6]
[0,116.2,0,1.6]
[1,116.2,0,1.6]
[2,116.3,0,1.6]
[5,116.3,0,1.6]
[1,116.3,0,1.6]
[0,116.3,0,1.6]
[5,116.4,0,1.6]
[8,116.4,0,1.6]
[0,116.4,0,1.6]
[1,116.4,0,1.6]
[5,116.5,0,1.6]
[8,116.5,0,1.6]
[0,116.5,0,1.6]
[1,116.5,0,1.6]
[5,116.6,0,1.6]
[8,116.6,0,1.6]
[0,116.6,0,1.6]
[1,116.6,0,1.6]
[5,116.7,0,1.6]
[8,116.7,0,1.6]
[0,116.7,0,1.6]
[1,116.7,0,1.6]
[5,116.8,0,1.6]
[8,116.8,0,1.6]
[3,116.8,0,1.6]
[4,116.8,0,1.6]
[5,116.9,0,1.6]
[8,116.9,0,1.6]
[3,116.9,0,1.6]
[4,116.9,0,1.6]
[5,117,0,1.6]
[8,117,0,1.6]
[3,117,0,1.6]
[4,117,0,1.6]
[5,117.1,0,1.6]
[8,117.1,0,1.6]
[3,117.1,0,1.6]
[4,117.1,0,1.6]
[5,117.2,0,1.6]
[8,117.2,0,1.6]
[0,117.2,0,1.6]
[1,117.2,0,1.6]
[5,117.3,0,1.6]
[8,117.3,0,1.6]
[0,117.3,0,1.6]
[1,117.3,0,1.6]
[2,117.4,0,1.6]
[5,117.4,0,1.6]
[0,117.4,0,1.6]
[1,117.4,0,1.6]
[2,117.5,0,1.6]
[5,117.5,0,1.6]
[0,117.5,0,1.6]
[1,117.5,0,1.6]
[2,117.6,0,1.6]
[5,117.6,0,1.6]
[0,117.6,0,1.6]
[1,117.6,0,1.6]
[2,117.7,0,1.6]
[5,117.7,0,1.6]
[0,117.7,0,1.6]
[1,117.7,0,1.6]
[2,117.8,0,1.6]
[5,117.8,0,1.6]
[0,117.8,0,1.6]
[1,117.8,0,1.6]
[2,117.9,0,1.6]
[5,117.9,0,1.6]
[0,117.9,0,1.6]
[1,117.9,0,1.6]
[5,118,0,1.6]
[8,118,0,1.6]
[0,118,0,1.6]
[1,118,0,1.6]
[5,118.1,0,1.6]
[8,118.1,0,1.6]
[0,118.1,0,1.6]
[1,118.1,0,1.6]
[5,118.2,0,1.6]
[8,118.2,0,1.6]
[0,118.2,0,1.6]
[1,118.2,0,1.6]
[5,118.3,0,1.6]
[8,118.3,0,1.6]
[0,118.3,0,1.6]
[1,118.3,0,1.6]
[2,118.4,0,1.6]
[5,118.4,0,1.6]
[0,118.4,0,1.6]
[1,118.4,0,1.6]
[2,118.5,0,1.6]
[5,118.5,0,1.6]
[0,118.5,0,1.6]
[1,118.5,0,1.6]
[2,118.6,0,1.6]
[5,118.6,0,1.6]
[0,118.6,0,1.6]
[1,118.6,0,1.6]
[2,118.7,0,1.6]
[5,118.7,0,1.6]
[0,118.7,0,1.6]
[1,118.7,0,1.6]
[2,118.8,0,1.6]
[5,118.8,0,1.6]
[0,118.8,0,1.6]
[1,118.8,0,1.6]
[2,118.9,0,1.6]
[5,118.9,0,1.6]
[1,118.9,0,1.6]
[0,118.9,0,1.6]
[2,119,0,1.6]
[5,119,0,1.6]
[0,119,0,1.6]
[1,119,0,1.6]
[2,119.1,0,1.6]
[5,119.1,0,1.6]
[1,119.1,0,1.6]
[0,119.1,0,1.6]
[8,119.2,0,1.6]
[5,119.2,0,1.6]
[0,119.2,0,1.6]
[1,119.2,0,1.6]
[8,119.3,0,1.6]
[5,119.3,0,1.6]
[0,119.3,0,1.6]
[1,119.3,0,1.6]
[8,119.4,0,1.6]
[5,119.4,0,1.6]
[0,119.4,0,1.6]
[1,119.4,0,1.6]
[8,119.5,0,1.6]
[5,119.5,0,1.6]
[0,119.5,0,1.6]
[1,119.5,0,1.6]
[8,119.6,0,1.6]
[5,119.6,0,1.6]
[0,119.6,0,1.6]
[1,119.6,0,1.6]
[8,119.7,0,1.6]
[5,119.7,0,1.6]
[0,119.7,0,1.6]
[1,119.7,0,1.6]
[8,119.8,0,1.6]
[5,119.8,0,1.6]
[0,119.8,0,1.6]
[1,119.8,0,1.6]
[8,119.9,0,1.6]
[5,119.9,0,1.6]
[1,119.9,0,1.6]
[0,119.9,0,1.6]
[6,120,0,1.6]
[7,120,0,1.6]
[8,120,0,1.6]
[3,120,0,1.6]
[3,120.1,0,1.6]
[6,120.1,0,1.6]
[7,120.1,0,1.6]
[8,120.1,0,1.6]
[3,120.2,0,1.6]
[6,120.2,0,1.6]
[8,120.2,0,1.6]
[7,120.2,0,1.6]
[4,120.2,0,1.6]
[3,120.3,0,1.6]
[6,120.3,0,1.6]
[8,120.3,0,1.6]
[7,120.3,0,1.6]
[5,120.4,0,1.6]
[3,120.4,0,1.6]
[6,120.4,0,1.6]
[7,120.4,0,1.6]
[8,120.4,0,1.6]
[3,120.5,0,1.6]
[6,120.5,0,1.6]
[7,120.5,0,1.6]
[8,120.5,0,1.6]
[6,120.6,0,1.6]
[3,120.6,0,1.6]
[7,120.6,0,1.6]
[8,120.6,0,1.6]
[6,120.7,0,1.6]
[3,120.7,0,1.6]
[7,120.7,0,1.6]
[8,120.7,0,1.6]
[4,120.8,0,1.6]
[7,120.8,0,1.6]
[8,120.8,0,1.6]
[3,120.8,0,1.6]
[0,120.8,0,1.6]
[3,120.9,0,1.6]
[7,120.9,0,1.6]
[8,120.9,0,1.6]
[0,120.9,0,1.6]
[5,121,0,1.6]
[0,121,0,1.6]
[3,121,0,1.6]
[7,121,0,1.6]
[8,121,0,1.6]
[0,121.1,0,1.6]
[3,121.1,0,1.6]
[7,121.1,0,1.6]
[8,121.1,0,1.6]
[0,121.2,0,1.6]
[3,121.2,0,1.6]
[4,121.2,0,1.6]
[5,121.2,0,1.6]
[7,121.2,0,1.6]
[0,121.3,0,1.6]
[3,121.3,0,1.6]
[4,121.3,0,1.6]
[5,121.3,0,1.6]
[4,121.4,0,1.6]
[3,121.4,0,1.6]
[0,121.4,0,1.6]
[5,121.4,0,1.6]
[8,121.4,0,1.6]
[0,121.5,0,1.6]
[3,121.5,0,1.6]
[4,121.5,0,1.6]
[5,121.5,0,1.6]
[3,121.6,0,1.6]
[6,121.6,0,1.6]
[7,121.6,0,1.6]
[8,121.6,0,1.6]
[3,121.7,0,1.6]
[6,121.7,0,1.6]
[7,121.7,0,1.6]
[8,121.7,0,1.6]
[3,121.8,0,1.6]
[6,121.8,0,1.6]
[7,121.8,0,1.6]
[8,121.8,0,1.6]
[4,121.8,0,1.6]
[3,121.9,0,1.6]
[6,121.9,0,1.6]
[8,121.9,0,1.6]
[7,121.9,0,1.6]
[5,122,0,1.6]
[3,122,0,1.6]
[6,122,0,1.6]
[7,122,0,1.6]
[8,122,0,1.6]
[3,122.1,0,1.6]
[6,122.1,0,1.6]
[7,122.1,0,1.6]
[8,122.1,0,1.6]
[3,122.2,0,1.6]
[6,122.2,0,1.6]
[7,122.2,0,1.6]
[8,122.2,0,1.6]
[3,122.3,0,1.6]
[6,122.3,0,1.6]
[7,122.3,0,1.6]
[8,122.3,0,1.6]
[4,122.4,0,1.6]
[3,122.4,0,1.6]
[6,122.4,0,1.6]
[7,122.4,0,1.6]
[8,122.4,0,1.6]
[6,122.5,0,1.6]
[3,122.5,0,1.6]
[7,122.5,0,1.6]
[8,122.5,0,1.6]
[5,122.6,0,1.6]
[3,122.6,0,1.6]
[6,122.6,0,1.6]
[7,122.6,0,1.6]
[8,122.6,0,1.6]
[3,122.7,0,1.6]
[6,122.7,0,1.6]
[7,122.7,0,1.6]
[8,122.7,0,1.6]
[0,122.8,0,1.6]
[3,122.8,0,1.6]
[7,122.8,0,1.6]
[8,122.8,0,1.6]
[4,122.8,0,1.6]
[0,122.9,0,1.6]
[3,122.9,0,1.6]
[7,122.9,0,1.6]
[8,122.9,0,1.6]
[0,123,0,1.6]
[3,123,0,1.6]
[4,123,0,1.6]
[5,123,0,1.6]
[8,123,0,1.6]
[0,123.1,0,1.6]
[3,123.1,0,1.6]
[4,123.1,0,1.6]
[5,123.1,0,1.6]
[3,123.2,0,1.6]
[0,123.2,0,1.6]
[1,123.2,0,1.6]
[2,123.2,0,1.6]
[6,123.2,0,1.6]
[0,123.3,0,1.6]
[3,123.3,0,1.6]
[1,123.3,0,1.6]
[2,123.3,0,1.6]
[0,123.4,0,1.6]
[3,123.4,0,1.6]
[1,123.4,0,1.6]
[2,123.4,0,1.6]
[7,123.4,0,1.6]
[0,123.5,0,1.6]
[3,123.5,0,1.6]
[1,123.5,0,1.6]
[2,123.5,0,1.6]
[0,123.6,0,1.6]
[3,123.6,0,1.6]
[4,123.6,0,1.6]
[5,123.6,0,1.6]
[8,123.6,0,1.6]
[0,123.7,0,1.6]
[3,123.7,0,1.6]
[4,123.7,0,1.6]
[5,123.7,0,1.6]
[3,123.8,0,1.6]
[6,123.8,0,1.6]
[4,123.8,0,1.6]
[5,123.8,0,1.6]
[0,123.8,0,1.6]
[3,123.9,0,1.6]
[6,123.9,0,1.6]
[4,123.9,0,1.6]
[5,123.9,0,1.6]
[3,124,0,1.6]
[6,124,0,1.6]
[7,124,0,1.6]
[8,124,0,1.6]
[4,124,0,1.6]
[3,124.1,0,1.6]
[6,124.1,0,1.6]
[7,124.1,0,1.6]
[8,124.1,0,1.6]
[6,124.2,0,1.6]
[7,124.2,0,1.6]
[8,124.2,0,1.6]
[3,124.2,0,1.6]
[5,124.2,0,1.6]
[3,124.3,0,1.6]
[6,124.3,0,1.6]
[7,124.3,0,1.6]
[8,124.3,0,1.6]
[7,124.4,0,1.6]
[8,124.4,0,1.6]
[0,124.4,0,1.6]
[3,124.4,0,1.6]
[6,124.4,0,1.6]
[7,124.5,0,1.6]
[8,124.5,0,1.6]
[0,124.5,0,1.6]
[3,124.5,0,1.6]
[3,124.6,0,1.6]
[7,124.6,0,1.6]
[8,124.6,0,1.6]
[0,124.6,0,1.6]
[4,124.6,0,1.6]
[3,124.7,0,1.6]
[7,124.7,0,1.6]
[8,124.7,0,1.6]
[0,124.7,0,1.6]
[0,124.8,0,1.6]
[3,124.8,0,1.6]
[4,124.8,0,1.6]
[5,124.8,0,1.6]
[6,124.8,0,1.6]
[0,124.9,0,1.6]
[3,124.9,0,1.6]
[4,124.9,0,1.6]
[5,124.9,0,1.6]
[0,125,0,1.6]
[3,125,0,1.6]
[4,125,0,1.6]
[5,125,0,1.6]
[7,125,0,1.6]
[0,125.1,0,1.6]
[3,125.1,0,1.6]
[4,125.1,0,1.6]
[5,125.1,0,1.6]
[0,125.2,0,1.6]
[3,125.2,0,1.6]
[4,125.2,0,1.6]
[5,125.2,0,1.6]
[8,125.2,0,1.6]
[0,125.3,0,1.6]
[3,125.3,0,1.6]
[4,125.3,0,1.6]
[5,125.3,0,1.6]
[0,125.4,0,1.6]
[3,125.4,0,1.6]
[1,125.4,0,1.6]
[2,125.4,0,1.6]
[6,125.4,0,1.6]
[0,125.5,0,1.6]
[3,125.5,0,1.6]
[4,125.5,0,1.6]
[5,125.5,0,1.6]
[3,125.6,0,1.6]
[6,125.6,0,1.6]
[4,125.6,0,1.6]
[5,125.6,0,1.6]
[1,125.6,0,1.6]
[3,125.7,0,1.6]
[6,125.7,0,1.6]
[4,125.7,0,1.6]
[5,125.7,0,1.6]
[3,125.8,0,1.6]
[6,125.8,0,1.6]
[4,125.8,0,1.6]
[5,125.8,0,1.6]
[2,125.8,0,1.6]
[3,125.9,0,1.6]
[6,125.9,0,1.6]
[4,125.9,0,1.6]
[5,125.9,0,1.6]
[3,126,0,1.6]
[6,126,0,1.6]
[4,126,0,1.6]
[5,126,0,1.6]
[0,126,0,1.6]
[3,126.1,0,1.6]
[6,126.1,0,1.6]
[4,126.1,0,1.6]
[5,126.1,0,1.6]
[2,126.2,0,1.6]
[1,126.225,0,1.6]
[0,126.25,0,1.6]
[5,126.3,0,1.6]
[4,126.325,0,1.6]
[3,126.35,0,1.6]
[3,126.4,0,1.6]
[6,126.4,0,1.6]
[1,126.4,0,1.6]
[2,126.4,0,1.6]
[0,126.4,0,1.6]
[3,126.5,0,1.6]
[6,126.5,0,1.6]
[1,126.5,0,1.6]
[2,126.5,0,1.6]
[3,126.6,0,1.6]
[6,126.6,0,1.6]
[1,126.6,0,1.6]
[2,126.6,0,1.6]
[7,126.6,0,1.6]
[3,126.7,0,1.6]
[6,126.7,0,1.6]
[1,126.7,0,1.6]
[2,126.7,0,1.6]
[3,126.8,0,1.6]
[6,126.8,0,1.6]
[7,126.8,0,1.6]
[8,126.8,0,1.6]
[5,126.8,0,1.6]
[3,126.9,0,1.6]
[6,126.9,0,1.6]
[7,126.9,0,1.6]
[8,126.9,0,1.6]
[3,127,0,1.6]
[6,127,0,1.6]
[4,127,0,1.6]
[5,127,0,1.6]
[0,127,0,1.6]
[3,127.1,0,1.6]
[6,127.1,0,1.6]
[4,127.1,0,1.6]
[5,127.1,0,1.6]
[3,127.2,0,1.6]
[6,127.2,0,1.6]
[4,127.2,0,1.6]
[5,127.2,0,1.6]
[1,127.2,0,1.6]
[3,127.3,0,1.6]
[6,127.3,0,1.6]
[4,127.3,0,1.6]
[5,127.3,0,1.6]
[3,127.4,0,1.6]
[6,127.4,0,1.6]
[4,127.4,0,1.6]
[5,127.4,0,1.6]
[2,127.4,0,1.6]
[3,127.5,0,1.6]
[6,127.5,0,1.6]
[4,127.5,0,1.6]
[5,127.5,0,1.6]
[3,127.6,0,1.6]
[6,127.6,0,1.6]
[1,127.6,0,1.6]
[2,127.6,0,1.6]
[0,127.6,0,1.6]
[3,127.7,0,1.6]
[6,127.7,0,1.6]
[1,127.7,0,1.6]
[2,127.7,0,1.6]
[3,127.8,0,1.6]
[6,127.8,0,1.6]
[1,127.8,0,1.6]
[2,127.8,0,1.6]
[8,127.8,0,1.6]
[3,127.9,0,1.6]
[6,127.9,0,1.6]
[1,127.9,0,1.6]
[2,127.9,0,1.6]
[3,128,0,1.6]
[7,128,0,1.6]
[8,128,0,1.6]
[0,128,0,1.6]
[6,128,0,1.6]
[0,128.1,0,1.6]
[3,128.1,0,1.6]
[7,128.1,0,1.6]
[8,128.1,0,1.6]
[0,128.2,0,1.6]
[3,128.2,0,1.6]
[7,128.2,0,1.6]
[8,128.2,0,1.6]
[4,128.2,0,1.6]
[0,128.3,0,1.6]
[3,128.3,0,1.6]
[7,128.3,0,1.6]
[8,128.3,0,1.6]
[0,128.4,0,1.6]
[3,128.4,0,1.6]
[4,128.4,0,1.6]
[5,128.4,0,1.6]
[2,128.4,0,1.6]
[0,128.5,0,1.6]
[3,128.5,0,1.6]
[4,128.5,0,1.6]
[5,128.5,0,1.6]
[0,128.6,0,1.6]
[3,128.6,0,1.6]
[1,128.6,0,1.6]
[2,128.6,0,1.6]
[6,128.6,0,1.6]
[0,128.7,0,1.6]
[3,128.7,0,1.6]
[1,128.7,0,1.6]
[2,128.7,0,1.6]
[0,128.8,0,1.6]
[3,128.8,0,1.6]
[1,128.8,0,1.6]
[2,128.8,0,1.6]
[7,128.8,0,1.6]
[0,128.9,0,1.6]
[3,128.9,0,1.6]
[1,128.9,0,1.6]
[2,128.9,0,1.6]
[0,129,0,1.6]
[3,129,0,1.6]
[1,129,0,1.6]
[2,129,0,1.6]
[8,129,0,1.6]
[3,129.1,0,1.6]
[1,129.1,0,1.6]
[2,129.1,0,1.6]
[0,129.1,0,1.6]
[4,129.2,0,1.6]
[5,129.2,0,1.6]
[3,129.2,0,1.6]
[6,129.2,0,1.6]
[0,129.2,0,1.6]
[3,129.3,0,1.6]
[6,129.3,0,1.6]
[4,129.3,0,1.6]
[5,129.3,0,1.6]
[3,129.4,0,1.6]
[6,129.4,0,1.6]
[4,129.4,0,1.6]
[5,129.4,0,1.6]
[2,129.4,0,1.6]
[3,129.5,0,1.6]
[6,129.5,0,1.6]
[4,129.5,0,1.6]
[5,129.5,0,1.6]
[7,129.6,0,1.6]
[8,129.6,0,1.6]
[0,129.6,0,1.6]
[3,129.6,0,1.6]
[6,129.6,0,1.6]
[0,129.7,0,1.6]
[3,129.7,0,1.6]
[7,129.7,0,1.6]
[8,129.7,0,1.6]
[0,129.8,0,1.6]
[3,129.8,0,1.6]
[7,129.8,0,1.6]
[8,129.8,0,1.6]
[4,129.8,0,1.6]
[0,129.9,0,1.6]
[3,129.9,0,1.6]
[7,129.9,0,1.6]
[8,129.9,0,1.6]
[0,130,0,1.6]
[3,130,0,1.6]
[4,130,0,1.6]
[5,130,0,1.6]
[8,130,0,1.6]
[0,130.1,0,1.6]
[3,130.1,0,1.6]
[4,130.1,0,1.6]
[5,130.1,0,1.6]
[0,130.2,0,1.6]
[3,130.2,0,1.6]
[1,130.2,0,1.6]
[2,130.2,0,1.6]
[6,130.2,0,1.6]
[3,130.3,0,1.6]
[0,130.3,0,1.6]
[1,130.3,0,1.6]
[2,130.3,0,1.6]
[3,130.4,0,1.6]
[1,130.4,0,1.6]
[2,130.4,0,1.6]
[0,130.4,0,1.6]
[7,130.4,0,1.6]
[3,130.5,0,1.6]
[0,130.5,0,1.6]
[1,130.5,0,1.6]
[2,130.5,0,1.6]
[3,130.6,0,1.6]
[0,130.6,0,1.6]
[1,130.6,0,1.6]
[2,130.6,0,1.6]
[8,130.6,0,1.6]
[3,130.7,0,1.6]
[0,130.7,0,1.6]
[1,130.7,0,1.6]
[2,130.7,0,1.6]
[3,130.8,0,1.6]
[6,130.8,0,1.6]
[4,130.8,0,1.6]
[5,130.8,0,1.6]
[0,130.8,0,1.6]
[3,130.9,0,1.6]
[6,130.9,0,1.6]
[4,130.9,0,1.6]
[5,130.9,0,1.6]
[3,131,0,1.6]
[4,131,0,1.6]
[5,131,0,1.6]
[6,131,0,1.6]
[8,131,0,1.6]
[3,131.1,0,1.6]
[6,131.1,0,1.6]
[4,131.1,0,1.6]
[5,131.1,0,1.6]
[0,131.2,0,1.6]
[3,131.2,0,1.6]
[1,131.2,0,1.6]
[2,131.2,0,1.6]
[6,131.2,0,1.6]
[3,131.3,0,1.6]
[0,131.3,0,1.6]
[1,131.3,0,1.6]
[2,131.3,0,1.6]
[3,131.4,0,1.6]
[0,131.4,0,1.6]
[1,131.4,0,1.6]
[2,131.4,0,1.6]
[7,131.4,0,1.6]
[3,131.5,0,1.6]
[0,131.5,0,1.6]
[1,131.5,0,1.6]
[2,131.5,0,1.6]
[3,131.6,0,1.6]
[0,131.6,0,1.6]
[1,131.6,0,1.6]
[2,131.6,0,1.6]
[8,131.6,0,1.6]
[2,131.7,0,1.6]
[1,131.7,0,1.6]
[0,131.7,0,1.6]
[3,131.7,0,1.6]
[2,131.8,0,1.6]
[1,131.8,0,1.6]
[0,131.8,0,1.6]
[3,131.8,0,1.6]
[6,131.8,0,1.6]
[2,131.9,0,1.6]
[0,131.9,0,1.6]
[3,131.9,0,1.6]
[1,131.9,0,1.6]
[0,132,0,1.6]
[3,132,0,1.6]
[7,132,0,1.6]
[8,132,0,1.6]
[5,132,0,1.6]
[0,132.1,0,1.6]
[3,132.1,0,1.6]
[7,132.1,0,1.6]
[8,132.1,0,1.6]
[3,132.2,0,1.6]
[7,132.2,0,1.6]
[8,132.2,0,1.6]
[0,132.2,0,1.6]
[6,132.2,0,1.6]
[0,132.3,0,1.6]
[3,132.3,0,1.6]
[7,132.3,0,1.6]
[8,132.3,0,1.6]
[0,132.4,0,1.6]
[3,132.4,0,1.6]
[7,132.4,0,1.6]
[8,132.4,0,1.6]
[4,132.4,0,1.6]
[0,132.5,0,1.6]
[3,132.5,0,1.6]
[7,132.5,0,1.6]
[8,132.5,0,1.6]
[0,132.6,0,1.6]
[3,132.6,0,1.6]
[7,132.6,0,1.6]
[8,132.6,0,1.6]
[5,132.6,0,1.6]
[0,132.7,0,1.6]
[3,132.7,0,1.6]
[7,132.7,0,1.6]
[8,132.7,0,1.6]
[5,132.8,1,1.6]
[3,134.4,0,1.6]
[4,134.41666666666666,0,1.6]