[1,0,0,0]
[2,0,0,0]
[7,0.12,0,0]
[6,0.18,0,0]
[7,0.24,0,0]
[6,0.3,0,0]
[7,0.36,0,0]
[6,0.42,0,0]
[4,0.48,0,0]
[3,0.48,0,0]
[1,0.6,0,0]
[0,0.6,0,0]
[7,0.72,0,0]
[8,0.72,0,0]
[2,0.84,0,0]
[1,0.8999999999999999,0,0]
[2,0.96,0,0]
[1,1.02,0,0]
[2,1.0799999999999998,0,0]
[1,1.14,0,0]
[5,1.2,0,0]
[4,1.2,0,0]
[7,1.3199999999999998,0,0]
[8,1.3199999999999998,0,0]
[1,1.44,0,0]
[0,1.44,0,0]
[5,1.5599999999999998,0,0]
[4,1.6199999999999999,0,0]
[6,1.68,0,0]
[7,1.7399999999999998,0,0]
[5,1.7999999999999998,0,0]
[4,1.8599999999999999,0,0]
[6,1.92,0,0]
[7,1.9799999999999998,0,0]
[5,2.04,0,0]
[4,2.0999999999999996,0,0]
[3,2.1599999999999997,0,0]
[0,2.1599999999999997,0,0]
[7,2.4,0,0]
[4,2.4,0,0]
[5,2.6399999999999997,0,0]
[2,2.6399999999999997,0,0]
[0,2.88,0,0]
[1,2.88,0,0]
[8,3,0,0]
[7,3.0599999999999996,0,0]
[8,3.1199999999999997,0,0]
[7,3.1799999999999997,0,0]
[8,3.2399999999999998,0,0]
[7,3.3,0,0]
[4,3.36,0,0]
[5,3.36,0,0]
[2,3.4799999999999995,0,0]
[1,3.4799999999999995,0,0]
[7,3.5999999999999996,0,0]
[6,3.5999999999999996,0,0]
[1,3.7199999999999998,0,0]
[0,3.78,0,0]
[1,3.84,0,0]
[0,3.9,0,0]
[1,3.9599999999999995,0,0]
[0,4.02,0,0]
[4,4.08,0,0]
[3,4.08,0,0]
[7,4.199999999999999,0,0]
[6,4.199999999999999,0,0]
[1,4.319999999999999,0,0]
[2,4.319999999999999,0,0]
[8,4.56,0,0]
[7,4.62,0,0]
[6,4.68,0,0]
[7,4.739999999999999,0,0]
[5,4.8,0,0]
[4,4.859999999999999,0,0]
[3,4.92,0,0]
[4,4.9799999999999995,0,0]
[1,5.04,0,0]
[2,5.04,0,0]
[5,5.279999999999999,0,0]
[3,5.34,0,0]
[5,5.3999999999999995,0,0]
[3,5.46,0,0]
[8,5.52,0,0]
[6,5.579999999999999,0,0]
[8,5.64,0,0]
[6,5.699999999999999,0,0]
[1,5.76,0,0]
[2,5.76,0,0]
[7,5.88,0,0]
[6,5.9399999999999995,0,0]
[7,6,0,0]
[6,6.06,0,0]
[7,6.119999999999999,0,0]
[6,6.18,0,0]
[4,6.239999999999999,0,0]
[3,6.239999999999999,0,0]
[1,6.359999999999999,0,0]
[0,6.359999999999999,0,0]
[7,6.4799999999999995,0,0]
[8,6.4799999999999995,0,0]
[2,6.6,0,0]
[1,6.659999999999999,0,0]
[2,6.72,0,0]
[1,6.779999999999999,0,0]
[2,6.84,0,0]
[1,6.8999999999999995,0,0]
[5,6.959999999999999,0,0]
[4,6.959999999999999,0,0]
[7,7.079999999999999,0,0]
[8,7.079999999999999,0,0]
[1,7.199999999999999,0,0]
[0,7.199999999999999,0,0]
[5,7.319999999999999,0,0]
[4,7.38,0,0]
[6,7.4399999999999995,0,0]
[7,7.499999999999999,0,0]
[5,7.56,0,0]
[4,7.619999999999999,0,0]
[6,7.68,0,0]
[7,7.739999999999999,0,0]
[5,7.8,0,0]
[4,7.859999999999999,0,0]
[3,7.919999999999999,0,0]
[0,7.919999999999999,0,0]
[4,8.16,0,0]
[7,8.16,0,0]
[5,8.399999999999999,0,0]
[2,8.399999999999999,0,0]
[8,8.639999999999999,0,0]
[7,8.7,0,0]
[6,8.76,0,0]
[7,8.819999999999999,0,0]
[5,8.879999999999999,0,0]
[4,8.94,0,0]
[3,9,0,0]
[4,9.059999999999999,0,0]
[2,9.12,0,0]
[0,9.18,0,0]
[2,9.24,0,0]
[0,9.299999999999999,0,0]
[8,9.36,0,0]
[6,9.42,0,0]
[8,9.479999999999999,0,0]
[6,9.54,0,0]
[5,9.6,0,0]
[4,9.66,0,0]
[3,9.719999999999999,0,0]
[4,9.78,0,0]
[2,9.84,0,0]
[1,9.899999999999999,0,0]
[0,9.959999999999999,0,0]
[1,10.02,0,0]
[8,10.08,0,0]
[7,10.139999999999999,0,0]
[3,10.2,0,0]
[4,10.26,0,0]
[2,10.319999999999999,0,0]
[1,10.379999999999999,0,0]
[6,10.44,0,0]
[7,10.5,0,0]
[5,10.559999999999999,0,0]
[4,10.62,0,0]
[0,10.68,0,0]
[1,10.739999999999998,0,0]
[8,10.799999999999999,0,0]
[7,10.86,0,0]
[3,10.92,0,0]
[4,10.979999999999999,0,0]
[2,11.04,0,0]
[1,11.1,0,0]
[6,11.159999999999998,0,0]
[7,11.219999999999999,0,0]
[5,11.28,0,0]
[3,11.34,0,0]
[5,11.399999999999999,0,0]
[3,11.459999999999999,0,0]
[1,11.52,0,0]
[2,11.52,0,0]
[7,11.639999999999995,0,0]
[6,11.699999999999996,0,0]
[7,11.759999999999996,0,0]
[6,11.819999999999997,0,0]
[7,11.879999999999995,0,0]
[6,11.939999999999996,0,0]
[4,12,0,0]
[3,12,0,0]
[1,12.12,0,0]
[0,12.12,0,0]
[7,12.239999999999997,0,0]
[8,12.239999999999997,0,0]
[2,12.359999999999996,0,0]
[1,12.419999999999996,0,0]
[2,12.479999999999997,0,0]
[1,12.539999999999996,0,0]
[2,12.599999999999996,0,0]
[1,12.659999999999997,0,0]
[5,12.719999999999999,0,0]
[4,12.719999999999999,0,0]
[8,12.84,0,0]
[7,12.84,0,0]
[1,12.959999999999996,0,0]
[0,12.959999999999996,0,0]
[5,13.079999999999997,0,0]
[4,13.139999999999995,0,0]
[6,13.199999999999996,0,0]
[7,13.259999999999996,0,0]
[5,13.319999999999997,0,0]
[4,13.379999999999995,0,0]
[6,13.439999999999996,0,0]
[7,13.499999999999996,0,0]
[5,13.559999999999995,0,0]
[4,13.619999999999996,0,0]
[3,13.679999999999996,0,0]
[0,13.679999999999996,0,0]
[4,13.919999999999996,0,0]
[7,13.919999999999996,0,0]
[5,14.159999999999997,0,0]
[2,14.159999999999997,0,0]
[1,14.399999999999995,0,0]
[0,14.399999999999995,0,0]
[8,14.519999999999996,0,0]
[7,14.579999999999995,0,0]
[8,14.639999999999995,0,0]
[7,14.699999999999996,0,0]
[8,14.759999999999996,0,0]
[7,14.819999999999997,0,0]
[5,14.879999999999999,0,0]
[4,14.879999999999999,0,0]
[2,14.999999999999998,0,0]
[1,14.999999999999998,0,0]
[7,15.119999999999996,0,0]
[6,15.119999999999996,0,0]
[1,15.239999999999995,0,0]
[0,15.299999999999995,0,0]
[1,15.359999999999996,0,0]
[0,15.419999999999996,0,0]
[1,15.479999999999995,0,0]
[0,15.539999999999996,0,0]
[4,15.6,0,0]
[3,15.6,0,0]
[7,15.719999999999999,0,0]
[6,15.719999999999999,0,0]
[1,15.839999999999996,0,0]
[2,15.839999999999996,0,0]
[8,16.079999999999995,0,0]
[7,16.139999999999997,0,0]
[6,16.2,0,0]
[7,16.259999999999994,0,0]
[5,16.319999999999997,0,0]
[4,16.379999999999995,0,0]
[3,16.439999999999998,0,0]
[4,16.499999999999996,0,0]
[1,16.559999999999995,0,0]
[2,16.559999999999995,0,0]
[5,16.799999999999997,0,0]
[3,16.859999999999996,0,0]
[5,16.919999999999995,0,0]
[3,16.979999999999997,0,0]
[8,17.039999999999996,0,0]
[6,17.099999999999994,0,0]
[8,17.159999999999997,0,0]
[6,17.219999999999995,0,0]
[1,17.279999999999994,0,0]
[2,17.279999999999994,0,0]
[7,17.399999999999995,0,0]
[6,17.459999999999994,0,0]
[7,17.519999999999996,0,0]
[6,17.579999999999995,0,0]
[7,17.639999999999993,0,0]
[6,17.699999999999996,0,0]
[4,17.759999999999998,0,0]
[3,17.759999999999998,0,0]
[1,17.88,0,0]
[0,17.88,0,0]
[7,17.999999999999996,0,0]
[8,17.999999999999996,0,0]
[2,18.119999999999997,0,0]
[1,18.179999999999996,0,0]
[2,18.239999999999995,0,0]
[1,18.299999999999997,0,0]
[2,18.359999999999996,0,0]
[1,18.419999999999995,0,0]
[5,18.48,0,0]
[4,18.48,0,0]
[8,18.599999999999998,0,0]
[7,18.599999999999998,0,0]
[1,18.719999999999995,0,0]
[0,18.719999999999995,0,0]
[5,18.839999999999996,0,0]
[4,18.899999999999995,0,0]
[6,18.959999999999994,0,0]
[7,19.019999999999996,0,0]
[5,19.079999999999995,0,0]
[4,19.139999999999993,0,0]
[6,19.199999999999996,0,0]
[7,19.259999999999994,0,0]
[5,19.319999999999997,0,0]
[4,19.379999999999995,0,0]
[3,19.439999999999994,0,0]
[0,19.439999999999994,0,0]
[4,19.679999999999996,0,0]
[7,19.679999999999996,0,0]
[5,19.919999999999995,0,0]
[2,19.919999999999995,0,0]
[8,20.16,0,0]
[7,20.22,0,0]
[6,20.28,0,0]
[7,20.34,0,0]
[5,20.4,0,0]
[4,20.46,0,0]
[3,20.520000000000003,0,0]
[4,20.58,0,0]
[2,20.64,0,0]
[0,20.700000000000003,0,0]
[2,20.76,0,0]
[0,20.82,0,0]
[8,20.880000000000003,0,0]
[6,20.94,0,0]
[8,21,0,0]
[6,21.060000000000002,0,0]
[5,21.12,0,0]
[4,21.18,0,0]
[3,21.240000000000002,0,0]
[4,21.3,0,0]
[2,21.36,0,0]
[1,21.42,0,0]
[0,21.48,0,0]
[1,21.54,0,0]
[8,21.6,0,0]
[7,21.66,0,0]
[3,21.72,0,0]
[4,21.78,0,0]
[2,21.84,0,0]
[1,21.9,0,0]
[6,21.96,0,0]
[7,22.020000000000003,0,0]
[5,22.08,0,0]
[4,22.14,0,0]
[0,22.200000000000003,0,0]
[1,22.259999999999998,0,0]
[8,22.32,0,0]
[7,22.380000000000003,0,0]
[3,22.44,0,0]
[4,22.5,0,0]
[2,22.560000000000002,0,0]
[1,22.62,0,0]
[6,22.68,0,0]
[7,22.740000000000002,0,0]
[5,22.8,0,0]
[3,22.86,0,0]
[5,22.92,0,0]
[3,22.98,0,0]
[1,23.04,0,0]
[2,23.04,0,0]
[6,23.279999999999998,0,0]
[7,23.279999999999998,0,0]
[2,24.479999999999997,0,0]
[6,24.599999999999998,0,0]
[1,24.72,0,0]
[7,24.84,0,0]
[0,24.959999999999997,0,0]
[8,25.08,0,0]
[2,25.2,0,0]
[6,25.319999999999997,0,0]
[1,25.439999999999998,0,0]
[7,25.56,0,0]
[5,25.68,0,0]
[4,25.74,0,0]
[3,25.799999999999997,0,0]
[0,25.919999999999998,0,0]
[8,26.04,0,0]
[1,26.159999999999997,0,0]
[7,26.279999999999998,0,0]
[2,26.4,0,0]
[6,26.52,0,0]
[5,26.639999999999997,0,0]
[3,26.759999999999998,0,0]
[2,26.88,0,0]
[1,26.939999999999998,0,0]
[0,26.999999999999996,0,0]
[8,27.119999999999997,0,0]
[7,27.18,0,0]
[6,27.24,0,0]
[5,27.36,0,0]
[3,27.479999999999997,0,0]
[1,27.599999999999998,0,0]
[7,27.72,0,0]
[0,27.839999999999996,0,0]
[8,27.959999999999997,0,0]
[2,28.08,0,0]
[6,28.2,0,0]
[7,28.319999999999997,0,0]
[1,28.439999999999998,0,0]
[5,28.56,0,0]
[3,28.68,0,0]
[2,28.799999999999997,0,0]
[4,28.919999999999998,0,0]
[6,29.04,0,0]
[7,29.159999999999997,0,0]
[8,29.279999999999998,0,0]
[4,29.4,0,0]
[0,29.52,0,0]
[1,29.639999999999997,0,0]
[5,29.759999999999998,0,0]
[4,29.819999999999997,0,0]
[6,29.88,0,0]
[7,29.939999999999998,0,0]
[2,29.999999999999996,0,0]
[1,30.06,0,0]
[3,30.119999999999997,0,0]
[4,30.179999999999996,0,0]
[8,30.24,0,0]
[0,30.479999999999997,0,0]
[6,30.599999999999998,0,0]
[1,30.72,0,0]
[7,30.839999999999996,0,0]
[2,30.959999999999997,0,0]
[8,31.08,0,0]
[1,31.2,0,0]
[6,31.319999999999997,0,0]
[2,31.439999999999998,0,0]
[0,31.56,0,0]
[5,31.679999999999996,0,0]
[3,31.799999999999997,0,0]
[8,31.919999999999998,0,0]
[6,32.04,0,0]
[5,32.16,0,0]
[1,32.28,0,0]
[3,32.4,0,0]
[7,32.519999999999996,0,0]
[2,32.64,0,0]
[1,32.699999999999996,0,0]
[0,32.76,0,0]
[1,32.82,0,0]
[5,32.879999999999995,0,0]
[4,32.94,0,0]
[3,33,0,0]
[4,33.059999999999995,0,0]
[7,33.12,0,0]
[3,33.36,0,0]
[5,33.48,0,0]
[0,33.599999999999994,0,0]
[8,33.72,0,0]
[1,33.839999999999996,0,0]
[7,33.96,0,0]
[2,34.08,0,0]
[0,34.199999999999996,0,0]
[8,34.32,0,0]
[7,34.379999999999995,0,0]
[6,34.44,0,0]
[5,34.559999999999995,0,0]
[3,34.62,0,0]
[5,34.68,0,0]
[3,34.739999999999995,0,0]
[5,34.8,0,0]
[3,34.86,0,0]
[8,34.919999999999995,0,0]
[6,34.98,0,0]
[8,35.04,0,0]
[6,35.099999999999994,0,0]
[8,35.16,0,0]
[6,35.22,0,0]
[2,35.279999999999994,0,0]
[1,35.339999999999996,0,0]
[0,35.4,0,0]
[1,35.46,0,0]
[5,35.519999999999996,0,0]
[4,35.58,0,0]
[3,35.64,0,0]
[4,35.699999999999996,0,0]
[8,35.76,0,0]
[7,35.82,0,0]
[6,35.879999999999995,0,0]
[7,35.94,0,0]
[1,36,0,0]
[2,36,0,0]
[4,36.12,0,0]
[3,36.18,0,0]
[4,36.239999999999995,0,0]
[3,36.3,0,0]
[4,36.36,0,0]
[3,36.419999999999995,0,0]
[4,36.48,0,0]
[3,36.54,0,0]
[4,36.599999999999994,0,0]
[3,36.66,0,0]
[8,36.72,0,0]
[7,36.779999999999994,0,0]
[6,36.839999999999996,0,0]
[5,36.96,0,0]
[4,37.019999999999996,0,0]
[5,37.08,0,0]
[4,37.14,0,0]
[5,37.199999999999996,0,0]
[4,37.26,0,0]
[5,37.32,0,0]
[4,37.379999999999995,0,0]
[2,37.44,0,0]
[1,37.5,0,0]
[0,37.559999999999995,0,0]
[4,37.68,0,0]
[3,37.739999999999995,0,0]
[4,37.8,0,0]
[3,37.86,0,0]
[4,37.919999999999995,0,0]
[3,37.98,0,0]
[4,38.04,0,0]
[3,38.099999999999994,0,0]
[8,38.16,0,0]
[7,38.22,0,0]
[6,38.279999999999994,0,0]
[5,38.4,0,0]
[3,38.459999999999994,0,0]
[5,38.519999999999996,0,0]
[3,38.58,0,0]
[5,38.64,0,0]
[3,38.699999999999996,0,0]
[5,38.76,0,0]
[3,38.82,0,0]
[2,38.879999999999995,0,0]
[1,38.94,0,0]
[0,39,0,0]
[4,39.12,0,0]
[3,39.18,0,0]
[4,39.239999999999995,0,0]
[3,39.3,0,0]
[4,39.36,0,0]
[3,39.419999999999995,0,0]
[4,39.48,0,0]
[3,39.54,0,0]
[8,39.599999999999994,0,0]
[7,39.66,0,0]
[6,39.72,0,0]
[5,39.839999999999996,0,0]
[4,39.9,0,0]
[5,39.959999999999994,0,0]
[4,40.019999999999996,0,0]
[5,40.08,0,0]
[4,40.14,0,0]
[5,40.199999999999996,0,0]
[4,40.26,0,0]
[2,40.32,0,0]
[1,40.379999999999995,0,0]
[0,40.44,0,0]
[4,40.559999999999995,0,0]
[3,40.62,0,0]
[4,40.68,0,0]
[3,40.739999999999995,0,0]
[4,40.8,0,0]
[3,40.86,0,0]
[4,40.919999999999995,0,0]
[3,40.98,0,0]
[2,41.04,0,0]
[1,41.099999999999994,0,0]
[0,41.16,0,0]
[1,41.22,0,0]
[5,41.279999999999994,0,0]
[4,41.339999999999996,0,0]
[6,41.4,0,0]
[7,41.459999999999994,0,0]
[2,41.519999999999996,0,0]
[1,41.58,0,0]
[3,41.64,0,0]
[4,41.699999999999996,0,0]
[8,41.76,0,0]
[5,42,0,0]
[4,42.059999999999995,0,0]
[5,42.12,0,0]
[4,42.18,0,0]
[5,42.239999999999995,0,0]
[4,42.3,0,0]
[5,42.36,0,0]
[4,42.419999999999995,0,0]
[2,42.48,0,0]
[1,42.54,0,0]
[0,42.599999999999994,0,0]
[4,42.72,0,0]
[3,42.779999999999994,0,0]
[4,42.839999999999996,0,0]
[3,42.9,0,0]
[4,42.959999999999994,0,0]
[3,43.019999999999996,0,0]
[4,43.08,0,0]
[3,43.13999999999999,0,0]
[8,43.199999999999996,0,0]
[7,43.26,0,0]
[6,43.32,0,0]
[5,43.44,0,0]
[4,43.5,0,0]
[5,43.559999999999995,0,0]
[4,43.62,0,0]
[5,43.68,0,0]
[4,43.739999999999995,0,0]
[5,43.8,0,0]
[4,43.86,0,0]
[2,43.919999999999995,0,0]
[1,43.98,0,0]
[0,44.04,0,0]
[8,44.16,0,0]
[7,44.22,0,0]
[6,44.279999999999994,0,0]
[7,44.339999999999996,0,0]
[5,44.4,0,0]
[4,44.459999999999994,0,0]
[3,44.519999999999996,0,0]
[4,44.58,0,0]
[2,44.63999999999999,0,0]
[8,44.879999999999995,0,0]
[7,44.94,0,0]
[6,45,0,0]
[7,45.059999999999995,0,0]
[5,45.12,0,0]
[4,45.18,0,0]
[3,45.239999999999995,0,0]
[4,45.3,0,0]
[2,45.36,0,0]
[0,45.419999999999995,0,0]
[2,45.48,0,0]
[0,45.54,0,0]
[5,45.599999999999994,0,0]
[3,45.66,0,0]
[5,45.72,0,0]
[3,45.779999999999994,0,0]
[8,45.839999999999996,0,0]
[6,45.9,0,0]
[8,45.959999999999994,0,0]
[6,46.019999999999996,0,0]
[1,46.08,0,0]
[2,46.08,0,0]
[8,46.31999999999999,0,0]
[7,46.379999999999995,0,0]
[6,46.44,0,0]
[7,46.5,0,0]
[5,46.559999999999995,0,0]
[4,46.62,0,0]
[3,46.68,0,0]
[4,46.739999999999995,0,0]
[1,46.8,0,0]
[2,46.8,0,0]
[8,47.04,0,0]
[6,47.099999999999994,0,0]
[8,47.16,0,0]
[6,47.22,0,0]
[5,47.279999999999994,0,0]
[3,47.339999999999996,0,0]
[5,47.4,0,0]
[3,47.459999999999994,0,0]
[1,47.519999999999996,0,0]
[2,47.519999999999996,0,0]
[8,47.76,0,0]
[7,47.81999999999999,0,0]
[3,47.879999999999995,0,0]
[4,47.94,0,0]
[5,48,0,0]
[4,48.059999999999995,0,0]
[6,48.12,0,0]
[7,48.18,0,0]
[1,48.239999999999995,0,0]
[2,48.239999999999995,0,0]
[3,48.48,0,0]
[4,48.48,0,0]
[7,48.72,0,0]
[8,48.72,0,0]
[1,48.959999999999994,0,0]
[2,48.959999999999994,0,0]
[7,49.199999999999996,0,0]
[6,49.26,0,0]
[7,49.31999999999999,0,0]
[6,49.379999999999995,0,0]
[5,49.44,0,0]
[4,49.5,0,0]
[5,49.559999999999995,0,0]
[4,49.62,0,0]
[1,49.68,0,0]
[2,49.68,0,0]
[5,49.919999999999995,0,0]
[4,49.98,0,0]
[6,50.04,0,0]
[7,50.099999999999994,0,0]
[8,50.16,0,0]
[7,50.22,0,0]
[3,50.279999999999994,0,0]
[4,50.339999999999996,0,0]
[1,50.4,0,0]
[2,50.4,0,0]
[8,50.63999999999999,0,0]
[7,50.699999999999996,0,0]
[8,50.76,0,0]
[7,50.81999999999999,0,0]
[4,50.879999999999995,0,0]
[3,50.94,0,0]
[4,50.99999999999999,0,0]
[3,51.059999999999995,0,0]
[1,51.12,0,0]
[2,51.12,0,0]
[4,51.36,0,0]
[3,51.36,0,0]
[7,51.599999999999994,0,0]
[8,51.599999999999994,0,0]
[1,51.839999999999996,0,0]
[2,51.839999999999996,0,0]
[8,52.08,0,0]
[7,52.13999999999999,0,0]
[6,52.199999999999996,0,0]
[7,52.26,0,0]
[5,52.31999999999999,0,0]
[4,52.379999999999995,0,0]
[3,52.44,0,0]
[4,52.49999999999999,0,0]
[1,52.559999999999995,0,0]
[2,52.559999999999995,0,0]
[8,52.8,0,0]
[6,52.86,0,0]
[8,52.919999999999995,0,0]
[6,52.98,0,0]
[5,53.04,0,0]
[4,53.099999999999994,0,0]
[3,53.16,0,0]
[0,53.279999999999994,0,0]
[1,53.279999999999994,0,0]
[2,53.279999999999994,0,0]
[5,53.519999999999996,0,0]
[4,53.519999999999996,0,0]
[3,53.519999999999996,0,0]
[6,53.76,0,0]
[7,53.76,0,0]
[8,53.76,0,0]
[5,53.99999999999999,0,0]
[2,53.99999999999999,0,0]
[0,53.99999999999999,0,0]
[3,53.99999999999999,0,0]
[8,54.72,0,0]
[6,54.779999999999994,0,0]
[8,54.839999999999996,0,0]
[6,54.9,0,0]
[8,54.959999999999994,0,0]
[6,55.019999999999996,0,0]
[8,55.08,0,0]
[6,55.13999999999999,0,0]
[8,55.199999999999996,0,0]
[6,55.26,0,0]
[8,55.31999999999999,0,0]
[6,55.379999999999995,0,0]
[5,55.44,0,0]
[3,55.49999999999999,0,0]
[5,55.559999999999995,0,0]
[3,55.62,0,0]
[5,55.67999999999999,0,0]
[3,55.739999999999995,0,0]
[5,55.8,0,0]
[3,55.86,0,0]
[5,55.919999999999995,0,0]
[3,55.98,0,0]
[5,56.04,0,0]
[3,56.099999999999994,0,0]
[2,56.16,0,0]
[0,56.22,0,0]
[2,56.279999999999994,0,0]
[0,56.339999999999996,0,0]
[2,56.4,0,0]
[0,56.459999999999994,0,0]
[2,56.519999999999996,0,0]
[0,56.58,0,0]
[2,56.63999999999999,0,0]
[0,56.699999999999996,0,0]
[2,56.76,0,0]
[0,56.81999999999999,0,0]
[8,56.879999999999995,0,0]
[7,56.94,0,0]
[6,56.99999999999999,0,0]
[7,57.059999999999995,0,0]
[5,57.12,0,0]
[4,57.17999999999999,0,0]
[3,57.239999999999995,0,0]
[4,57.3,0,0]
[2,57.36,0,0]
[1,57.419999999999995,0,0]
[0,57.48,0,0]
[1,57.54,0,0]
[8,57.599999999999994,0,0]
[6,57.66,0,0]
[8,57.72,0,0]
[6,57.779999999999994,0,0]
[8,57.839999999999996,0,0]
[6,57.9,0,0]
[8,57.959999999999994,0,0]
[6,58.019999999999996,0,0]
[8,58.08,0,0]
[6,58.13999999999999,0,0]
[8,58.199999999999996,0,0]
[6,58.26,0,0]
[5,58.31999999999999,0,0]
[3,58.379999999999995,0,0]
[5,58.44,0,0]
[3,58.49999999999999,0,0]
[5,58.559999999999995,0,0]
[3,58.62,0,0]
[5,58.67999999999999,0,0]
[3,58.739999999999995,0,0]
[5,58.8,0,0]
[3,58.85999999999999,0,0]
[5,58.919999999999995,0,0]
[3,58.98,0,0]
[2,59.04,0,0]
[1,59.099999999999994,0,0]
[0,59.16,0,0]
[1,59.22,0,0]
[5,59.279999999999994,0,0]
[4,59.339999999999996,0,0]
[3,59.4,0,0]
[4,59.459999999999994,0,0]
[8,59.519999999999996,0,0]
[7,59.58,0,0]
[6,59.63999999999999,0,0]
[7,59.699999999999996,0,0]
[1,59.76,0,0]
[0,59.81999999999999,0,0]
[1,59.879999999999995,0,0]
[0,59.94,0,0]
[4,59.99999999999999,0,0]
[3,60.059999999999995,0,0]
[4,60.12,0,0]
[3,60.17999999999999,0,0]
[7,60.239999999999995,0,0]
[6,60.3,0,0]
[7,60.35999999999999,0,0]
[6,60.419999999999995,0,0]
[2,60.48,0,0]
[0,60.54,0,0]
[2,60.599999999999994,0,0]
[0,60.66,0,0]
[2,60.72,0,0]
[0,60.779999999999994,0,0]
[2,60.839999999999996,0,0]
[0,60.9,0,0]
[2,60.959999999999994,0,0]
[0,61.019999999999996,0,0]
[2,61.08,0,0]
[0,61.13999999999999,0,0]
[5,61.199999999999996,0,0]
[3,61.26,0,0]
[5,61.31999999999999,0,0]
[3,61.379999999999995,0,0]
[8,61.44,0,0]
[7,61.49999999999999,0,0]
[6,61.559999999999995,0,0]
[7,61.62,0,0]
[2,61.67999999999999,0,0]
[1,61.739999999999995,0,0]
[0,61.8,0,0]
[1,61.85999999999999,0,0]
[5,61.919999999999995,0,0]
[4,61.98,0,0]
[3,62.03999999999999,0,0]
[4,62.099999999999994,0,0]
[2,62.16,0,0]
[0,62.22,0,0]
[2,62.279999999999994,0,0]
[0,62.339999999999996,0,0]
[2,62.4,0,0]
[0,62.459999999999994,0,0]
[2,62.519999999999996,0,0]
[0,62.58,0,0]
[8,62.63999999999999,0,0]
[7,62.699999999999996,0,0]
[3,62.76,0,0]
[4,62.81999999999999,0,0]
[2,62.879999999999995,0,0]
[1,62.94,0,0]
[6,62.99999999999999,0,0]
[7,63.059999999999995,0,0]
[5,63.12,0,0]
[4,63.17999999999999,0,0]
[0,63.239999999999995,0,0]
[1,63.3,0,0]
[8,63.35999999999999,0,0]
[6,63.419999999999995,0,0]
[8,63.48,0,0]
[6,63.53999999999999,0,0]
[8,63.599999999999994,0,0]
[6,63.66,0,0]
[8,63.72,0,0]
[6,63.779999999999994,0,0]
[8,63.839999999999996,0,0]
[6,63.9,0,0]
[8,63.959999999999994,0,0]
[6,64.02,0,0]
[5,64.08,0,0]
[3,64.14,0,0]
[5,64.19999999999999,0,0]
[3,64.25999999999999,0,0]
[5,64.32,0,0]
[3,64.38,0,0]
[5,64.44,0,0]
[3,64.5,0,0]
[5,64.56,0,0]
[3,64.61999999999999,0,0]
[5,64.67999999999999,0,0]
[3,64.74,0,0]
[2,64.8,0,0]
[1,64.86,0,0]
[0,64.92,0,0]
[1,64.97999999999999,0,0]
[5,65.03999999999999,0,0]
[4,65.1,0,0]
[3,65.16,0,0]
[4,65.22,0,0]
[8,65.28,0,0]
[7,65.33999999999999,0,0]
[6,65.39999999999999,0,0]
[7,65.46,0,0]
[2,65.52,0,0]
[1,65.58,0,0]
[0,65.64,0,0]
[1,65.69999999999999,0,0]
[5,65.75999999999999,0,0]
[4,65.82,0,0]
[3,65.88,0,0]
[4,65.94,0,0]
[8,66,0,0]
[7,66.06,0,0]
[6,66.11999999999999,0,0]
[7,66.17999999999999,0,0]
[2,66.24,0,0]
[1,66.3,0,0]
[0,66.36,0,0]
[1,66.42,0,0]
[5,66.47999999999999,0,0]
[3,66.53999999999999,0,0]
[5,66.6,0,0]
[3,66.66,0,0]
[5,66.72,0,0]
[3,66.78,0,0]
[5,66.83999999999999,0,0]
[3,66.89999999999999,0,0]
[8,66.96,0,0]
[6,67.02,0,0]
[8,67.08,0,0]
[6,67.14,0,0]
[8,67.19999999999999,0,0]
[6,67.25999999999999,0,0]
[8,67.32,0,0]
[6,67.38,0,0]
[8,67.44,0,0]
[6,67.5,0,0]
[8,67.56,0,0]
[6,67.61999999999999,0,0]
[5,67.67999999999999,0,0]
[3,67.74,0,0]
[5,67.8,0,0]
[3,67.86,0,0]
[5,67.92,0,0]
[3,67.97999999999999,0,0]
[5,68.03999999999999,0,0]
[3,68.1,0,0]
[5,68.16,0,0]
[3,68.22,0,0]
[5,68.28,0,0]
[3,68.33999999999999,0,0]
[2,68.39999999999999,0,0]
[1,68.46,0,0]
[0,68.52,0,0]
[1,68.58,0,0]
[5,68.64,0,0]
[4,68.69999999999999,0,0]
[3,68.75999999999999,0,0]
[4,68.82,0,0]
[8,68.88,0,0]
[7,68.94,0,0]
[6,69,0,0]
[7,69.05999999999999,0,0]
[2,69.11999999999999,0,0]
[1,69.17999999999999,0,0]
[0,69.24,0,0]
[1,69.3,0,0]
[5,69.36,0,0]
[3,69.42,0,0]
[5,69.47999999999999,0,0]
[3,69.53999999999999,0,0]
[5,69.6,0,0]
[3,69.66,0,0]
[5,69.72,0,0]
[3,69.78,0,0]
[8,69.83999999999999,0,0]
[6,69.89999999999999,0,0]
[8,69.96,0,0]
[6,70.02,0,0]
[8,70.08,0,0]
[6,70.14,0,0]
[8,70.19999999999999,0,0]
[6,70.25999999999999,0,0]
[8,70.32,0,0]
[6,70.38,0,0]
[8,70.44,0,0]
[6,70.5,0,0]
[5,70.55999999999999,0,0]
[3,70.61999999999999,0,0]
[5,70.67999999999999,0,0]
[3,70.74,0,0]
[2,70.8,0,0]
[1,70.86,0,0]
[0,70.92,0,0]
[1,70.97999999999999,0,0]
[8,71.03999999999999,0,0]
[7,71.1,0,0]
[6,71.16,0,0]
[7,71.22,0,0]
[5,71.28,0,0]
[4,71.33999999999999,0,0]
[3,71.39999999999999,0,0]
[4,71.46,0,0]
[8,71.52,0,0]
[7,71.58,0,0]
[6,71.64,0,0]
[7,71.69999999999999,0,0]
[2,71.75999999999999,0,0]
[1,71.82,0,0]
[0,71.88,0,0]
[1,71.94,0,0]
[8,72,0,0]
[6,72.05999999999999,0,0]
[8,72.11999999999999,0,0]
[6,72.17999999999999,0,0]
[8,72.24,0,0]
[6,72.3,0,0]
[8,72.36,0,0]
[6,72.42,0,0]
[8,72.47999999999999,0,0]
[6,72.53999999999999,0,0]
[8,72.6,0,0]
[6,72.66,0,0]
[5,72.72,0,0]
[3,72.78,0,0]
[5,72.83999999999999,0,0]
[3,72.89999999999999,0,0]
[5,72.96,0,0]
[3,73.02,0,0]
[5,73.08,0,0]
[3,73.14,0,0]
[5,73.19999999999999,0,0]
[3,73.25999999999999,0,0]
[5,73.32,0,0]
[3,73.38,0,0]
[2,73.44,0,0]
[0,73.5,0,0]
[2,73.55999999999999,0,0]
[0,73.61999999999999,0,0]
[2,73.67999999999999,0,0]
[0,73.74,0,0]
[2,73.8,0,0]
[0,73.86,0,0]
[2,73.92,0,0]
[0,73.97999999999999,0,0]
[2,74.03999999999999,0,0]
[0,74.1,0,0]
[8,74.16,0,0]
[7,74.22,0,0]
[6,74.28,0,0]
[7,74.33999999999999,0,0]
[5,74.39999999999999,0,0]
[4,74.46,0,0]
[3,74.52,0,0]
[4,74.58,0,0]
[2,74.64,0,0]
[1,74.69999999999999,0,0]
[0,74.75999999999999,0,0]
[1,74.82,0,0]
[8,74.88,0,0]
[6,74.94,0,0]
[8,75,0,0]
[6,75.05999999999999,0,0]
[8,75.11999999999999,0,0]
[6,75.17999999999999,0,0]
[8,75.24,0,0]
[6,75.3,0,0]
[8,75.36,0,0]
[6,75.42,0,0]
[8,75.47999999999999,0,0]
[6,75.53999999999999,0,0]
[5,75.6,0,0]
[3,75.66,0,0]
[5,75.72,0,0]
[3,75.78,0,0]
[5,75.83999999999999,0,0]
[3,75.89999999999999,0,0]
[5,75.96,0,0]
[3,76.02,0,0]
[5,76.08,0,0]
[3,76.14,0,0]
[5,76.19999999999999,0,0]
[3,76.25999999999999,0,0]
[2,76.32,0,0]
[0,76.38,0,0]
[2,76.44,0,0]
[0,76.5,0,0]
[2,76.55999999999999,0,0]
[0,76.61999999999999,0,0]
[2,76.67999999999999,0,0]
[0,76.74,0,0]
[2,76.8,0,0]
[0,76.86,0,0]
[2,76.91999999999999,0,0]
[0,76.97999999999999,0,0]
[8,77.03999999999999,0,0]
[7,77.1,0,0]
[6,77.16,0,0]
[7,77.22,0,0]
[2,77.28,0,0]
[1,77.33999999999999,0,0]
[2,77.39999999999999,0,0]
[1,77.46,0,0]
[5,77.52,0,0]
[4,77.58,0,0]
[5,77.64,0,0]
[4,77.69999999999999,0,0]
[8,77.75999999999999,0,0]
[7,77.82,0,0]
[8,77.88,0,0]
[7,77.94,0,0]
[1,78,0,0]
[0,78.05999999999999,0,0]
[1,78.11999999999999,0,0]
[0,78.17999999999999,0,0]
[1,78.24,0,0]
[0,78.3,0,0]
[1,78.36,0,0]
[0,78.41999999999999,0,0]
[5,78.47999999999999,0,0]
[4,78.53999999999999,0,0]
[5,78.6,0,0]
[4,78.66,0,0]
[5,78.72,0,0]
[4,78.78,0,0]
[5,78.83999999999999,0,0]
[4,78.89999999999999,0,0]
[5,78.96,0,0]
[4,79.02,0,0]
[5,79.08,0,0]
[4,79.14,0,0]
[7,79.19999999999999,0,0]
[6,79.25999999999999,0,0]
[7,79.32,0,0]
[6,79.38,0,0]
[7,79.44,0,0]
[6,79.5,0,0]
[7,79.55999999999999,0,0]
[6,79.61999999999999,0,0]
[7,79.67999999999999,0,0]
[6,79.74,0,0]
[7,79.8,0,0]
[6,79.86,0,0]
[2,79.91999999999999,0,0]
[1,79.97999999999999,0,0]
[0,80.03999999999999,0,0]
[1,80.1,0,0]
[8,80.16,0,0]
[7,80.22,0,0]
[6,80.28,0,0]
[7,80.33999999999999,0,0]
[5,80.39999999999999,0,0]
[4,80.46,0,0]
[3,80.52,0,0]
[4,80.58,0,0]
[1,80.64,0,0]
[2,80.64,0,0]
[8,81.11999999999999,0,0]
[7,81.11999999999999,0,0]
[1,81.36,0,0]
[0,81.36,0,0]
[7,81.83999999999999,0,0]
[6,81.83999999999999,0,0]
[2,82.08,0,0]
[0,82.14,0,0]
[2,82.19999999999999,0,0]
[0,82.25999999999999,0,0]
[5,82.32,0,0]
[3,82.38,0,0]
[5,82.44,0,0]
[3,82.5,0,0]
[8,82.55999999999999,0,0]
[6,82.61999999999999,0,0]
[8,82.67999999999999,0,0]
[6,82.74,0,0]
[2,82.8,0,0]
[1,82.86,0,0]
[0,82.91999999999999,0,0]
[1,82.97999999999999,0,0]
[5,83.03999999999999,0,0]
[4,83.1,0,0]
[3,83.16,0,0]
[4,83.22,0,0]
[8,83.28,0,0]
[7,83.33999999999999,0,0]
[6,83.39999999999999,0,0]
[7,83.46,0,0]
[1,83.52,0,0]
[0,83.52,0,0]
[8,83.64,0,0]
[7,83.7,0,0]
[8,83.76,0,0]
[7,83.82,0,0]
[8,83.88,0,0]
[7,83.94,0,0]
[5,84,0,0]
[4,84,0,0]
[2,84.11999999999999,0,0]
[1,84.11999999999999,0,0]
[7,84.24,0,0]
[6,84.24,0,0]
[1,84.36,0,0]
[0,84.42,0,0]
[1,84.48,0,0]
[0,84.54,0,0]
[1,84.6,0,0]
[0,84.66,0,0]
[3,84.72,0,0]
[4,84.72,0,0]
[6,84.83999999999999,0,0]
[7,84.83999999999999,0,0]
[1,84.96,0,0]
[2,84.96,0,0]
[8,85.2,0,0]
[7,85.26,0,0]
[6,85.32,0,0]
[7,85.38,0,0]
[5,85.44,0,0]
[4,85.5,0,0]
[3,85.56,0,0]
[4,85.62,0,0]
[1,85.68,0,0]
[2,85.68,0,0]
[5,85.92,0,0]
[3,85.98,0,0]
[5,86.04,0,0]
[3,86.1,0,0]
[8,86.16,0,0]
[6,86.22,0,0]
[8,86.28,0,0]
[6,86.34,0,0]
[1,86.4,0,0]
[2,86.4,0,0]
[7,86.52,0,0]
[6,86.58,0,0]
[7,86.64,0,0]
[6,86.7,0,0]
[7,86.76,0,0]
[6,86.82,0,0]
[4,86.88,0,0]
[3,86.88,0,0]
[1,87,0,0]
[0,87,0,0]
[7,87.12,0,0]
[8,87.12,0,0]
[2,87.24,0,0]
[1,87.3,0,0]
[2,87.36,0,0]
[1,87.42,0,0]
[2,87.48,0,0]
[1,87.54,0,0]
[5,87.6,0,0]
[4,87.6,0,0]
[7,87.72,0,0]
[8,87.72,0,0]
[1,87.84,0,0]
[0,87.84,0,0]
[5,87.96,0,0]
[4,88.02,0,0]
[6,88.08,0,0]
[7,88.14,0,0]
[5,88.2,0,0]
[4,88.26,0,0]
[6,88.32,0,0]
[7,88.38,0,0]
[5,88.44,0,0]
[4,88.5,0,0]
[3,88.56,0,0]
[0,88.56,0,0]
[4,88.8,0,0]
[7,88.8,0,0]
[5,89.03999999999999,0,0]
[2,89.03999999999999,0,0]
[8,89.28,0,0]
[7,89.34,0,0]
[6,89.4,0,0]
[7,89.46,0,0]
[5,89.52,0,0]
[4,89.58,0,0]
[3,89.64,0,0]
[4,89.7,0,0]
[2,89.76,0,0]
[0,89.82,0,0]
[2,89.88,0,0]
[0,89.94,0,0]
[8,90,0,0]
[6,90.06,0,0]
[8,90.12,0,0]
[6,90.18,0,0]
[5,90.24,0,0]
[4,90.3,0,0]
[3,90.36,0,0]
[4,90.42,0,0]
[2,90.48,0,0]
[1,90.53999999999999,0,0]
[0,90.6,0,0]
[1,90.66,0,0]
[8,90.72,0,0]
[7,90.78,0,0]
[3,90.84,0,0]
[4,90.9,0,0]
[2,90.96,0,0]
[1,91.02,0,0]
[6,91.08,0,0]
[7,91.14,0,0]
[5,91.2,0,0]
[4,91.26,0,0]
[0,91.32,0,0]
[1,91.38,0,0]
[8,91.44,0,0]
[7,91.5,0,0]
[3,91.56,0,0]
[4,91.62,0,0]
[2,91.68,0,0]
[1,91.74,0,0]
[6,91.8,0,0]
[7,91.86,0,0]
[5,91.92,0,0]
[3,91.98,0,0]
[5,92.03999999999999,0,0]
[3,92.1,0,0]
[1,92.16,0,0]
[2,92.16,0,0]
[7,92.28,0,0]
[6,92.34,0,0]
[7,92.39999999999999,0,0]
[6,92.46,0,0]
[7,92.52,0,0]
[6,92.58,0,0]
[4,92.63999999999999,0,0]
[3,92.63999999999999,0,0]
[1,92.75999999999999,0,0]
[0,92.75999999999999,0,0]
[8,92.88,0,0]
[7,92.88,0,0]
[2,93,0,0]
[1,93.06,0,0]
[2,93.12,0,0]
[1,93.17999999999999,0,0]
[2,93.24,0,0]
[1,93.3,0,0]
[5,93.36,0,0]
[4,93.36,0,0]
[7,93.47999999999999,0,0]
[8,93.47999999999999,0,0]
[1,93.6,0,0]
[0,93.6,0,0]
[5,93.72,0,0]
[4,93.78,0,0]
[6,93.84,0,0]
[7,93.89999999999999,0,0]
[5,93.96,0,0]
[4,94.02,0,0]
[6,94.08,0,0]
[7,94.14,0,0]
[5,94.19999999999999,0,0]
[4,94.25999999999999,0,0]
[3,94.32,0,0]
[0,94.32,0,0]
[4,94.56,0,0]
[7,94.56,0,0]
[5,94.8,0,0]
[2,94.8,0,0]
[1,95.03999999999999,0,0]
[0,95.03999999999999,0,0]
[8,95.16,0,0]
[7,95.22,0,0]
[8,95.28,0,0]
[7,95.34,0,0]
[8,95.39999999999999,0,0]
[7,95.46,0,0]
[5,95.52,0,0]
[4,95.52,0,0]
[1,95.63999999999999,0,0]
[2,95.63999999999999,0,0]
[7,95.75999999999999,0,0]
[6,95.75999999999999,0,0]
[1,95.88,0,0]
[0,95.94,0,0]
[1,96,0,0]
[0,96.06,0,0]
[1,96.11999999999999,0,0]
[0,96.17999999999999,0,0]
[4,96.24,0,0]
[3,96.24,0,0]
[6,96.36,0,0]
[7,96.36,0,0]
[1,96.47999999999999,0,0]
[2,96.47999999999999,0,0]
[8,96.72,0,0]
[7,96.78,0,0]
[6,96.84,0,0]
[7,96.89999999999999,0,0]
[5,96.96,0,0]
[4,97.02,0,0]
[3,97.08,0,0]
[4,97.14,0,0]
[2,97.19999999999999,0,0]
[1,97.19999999999999,0,0]
[5,97.44,0,0]
[3,97.5,0,0]
[5,97.56,0,0]
[3,97.62,0,0]
[8,97.67999999999999,0,0]
[6,97.74,0,0]
[8,97.8,0,0]
[6,97.86,0,0]
[2,97.91999999999999,0,0]
[1,97.91999999999999,0,0]
[7,98.03999999999999,0,0]
[6,98.1,0,0]
[7,98.16,0,0]
[6,98.22,0,0]
[7,98.28,0,0]
[6,98.34,0,0]
[4,98.39999999999999,0,0]
[3,98.39999999999999,0,0]
[0,98.52,0,0]
[1,98.52,0,0]
[8,98.64,0,0]
[7,98.64,0,0]
[2,98.75999999999999,0,0]
[1,98.82,0,0]
[2,98.88,0,0]
[1,98.94,0,0]
[2,99,0,0]
[1,99.06,0,0]
[5,99.11999999999999,0,0]
[4,99.11999999999999,0,0]
[7,99.24,0,0]
[8,99.24,0,0]
[1,99.36,0,0]
[0,99.36,0,0]
[5,99.47999999999999,0,0]
[4,99.53999999999999,0,0]
[6,99.6,0,0]
[7,99.66,0,0]
[5,99.72,0,0]
[4,99.78,0,0]
[6,99.84,0,0]
[7,99.89999999999999,0,0]
[5,99.96,0,0]
[4,100.02,0,0]
[3,100.08,0,0]
[0,100.08,0,0]
[4,100.32,0,0]
[7,100.32,0,0]
[5,100.56,0,0]
[2,100.56,0,0]
[8,100.8,0,0]
[7,100.86,0,0]
[6,100.92,0,0]
[7,100.98,0,0]
[5,101.03999999999999,0,0]
[4,101.1,0,0]
[3,101.16,0,0]
[4,101.22,0,0]
[2,101.28,0,0]
[0,101.34,0,0]
[2,101.4,0,0]
[0,101.46000000000001,0,0]
[8,101.52000000000001,0,0]
[6,101.58,0,0]
[8,101.64,0,0]
[6,101.7,0,0]
[5,101.76,0,0]
[4,101.82,0,0]
[3,101.88,0,0]
[4,101.94,0,0]
[2,102,0,0]
[1,102.06,0,0]
[0,102.12,0,0]
[1,102.18,0,0]
[8,102.24000000000001,0,0]
[7,102.3,0,0]
[3,102.36,0,0]
[4,102.42,0,0]
[2,102.48,0,0]
[1,102.53999999999999,0,0]
[6,102.6,0,0]
[7,102.66,0,0]
[5,102.72,0,0]
[4,102.78,0,0]
[0,102.84,0,0]
[1,102.9,0,0]
[8,102.96000000000001,0,0]
[7,103.02000000000001,0,0]
[3,103.08,0,0]
[4,103.14,0,0]
[2,103.2,0,0]
[1,103.26,0,0]
[6,103.32,0,0]
[7,103.38,0,0]
[5,103.44,0,0]
[3,103.5,0,0]
[5,103.56,0,0]
[3,103.62,0,0]
[1,103.68,0,0]
[2,103.68,0,0]
[7,103.92,0,0]
[6,103.92,0,0]
[3,105.83999999999999,0,0]
[4,105.83999999999999,0,0]
[5,105.83999999999999,0,0]
[6,106.55999999999999,0,0]
[1,106.67999999999999,0,0]
[8,106.8,0,0]
[0,106.91999999999999,0,0]
[7,107.03999999999999,0,0]
[2,107.16,0,0]
[4,107.27999999999999,0,0]
[3,107.27999999999999,0,0]
[5,107.39999999999999,0,0]
[6,107.52,0,0]
[2,107.63999999999999,0,0]
[3,107.75999999999999,0,0]
[8,107.88,0,0]
[7,107.99999999999999,0,0]
[6,108.11999999999999,0,0]
[5,108.24,0,0]
[4,108.35999999999999,0,0]
[1,108.47999999999999,0,0]
[0,108.6,0,0]
[7,108.72,0,0]
[8,108.72,0,0]
[6,108.83999999999999,0,0]
[5,108.96,0,0]
[4,109.02,0,0]
[0,109.08,0,0]
[1,109.13999999999999,0,0]
[8,109.19999999999999,0,0]
[7,109.25999999999999,0,0]
[3,109.32,0,0]
[4,109.38,0,0]
[5,109.44,0,0]
[6,109.55999999999999,0,0]
[0,109.67999999999999,0,0]
[7,109.8,0,0]
[1,109.91999999999999,0,0]
[8,110.03999999999999,0,0]
[4,110.16,0,0]
[3,110.16,0,0]
[2,110.27999999999999,0,0]
[7,110.39999999999999,0,0]
[1,110.52,0,0]
[6,110.63999999999999,0,0]
[0,110.75999999999999,0,0]
[5,110.88,0,0]
[4,110.99999999999999,0,0]
[3,111.11999999999999,0,0]
[8,111.24,0,0]
[7,111.35999999999999,0,0]
[6,111.47999999999999,0,0]
[1,111.6,0,0]
[2,111.6,0,0]
[3,111.72,0,0]
[8,111.83999999999999,0,0]
[7,111.89999999999999,0,0]
[6,111.96,0,0]
[2,112.08,0,0]
[0,112.19999999999999,0,0]
[4,112.32,0,0]
[5,112.32,0,0]
[6,112.44,0,0]
[8,112.55999999999999,0,0]
[3,112.67999999999999,0,0]
[2,112.8,0,0]
[7,112.91999999999999,0,0]
[1,113.03999999999999,0,0]
[0,113.03999999999999,0,0]
[8,113.16,0,0]
[6,113.27999999999999,0,0]
[5,113.39999999999999,0,0]
[1,113.52,0,0]
[3,113.63999999999999,0,0]
[7,113.75999999999999,0,0]
[2,113.88,0,0]
[6,113.99999999999999,0,0]
[8,114.11999999999999,0,0]
[4,114.24,0,0]
[0,114.35999999999999,0,0]
[1,114.47999999999999,0,0]
[2,114.47999999999999,0,0]
[6,114.6,0,0]
[5,114.72,0,0]
[8,114.72,0,0]
[3,114.83999999999999,0,0]
[0,114.83999999999999,0,0]
[1,114.96,0,0]
[2,114.96,0,0]
[7,115.08,0,0]
[6,115.08,0,0]
[4,115.19999999999999,0,0]
[5,115.19999999999999,0,0]
[0,115.32,0,0]
[2,115.44,0,0]
[6,115.55999999999999,0,0]
[8,115.67999999999999,0,0]
[4,115.8,0,0]
[1,115.91999999999999,0,0]
[2,115.91999999999999,0,0]
[3,116.03999999999999,0,0]
[5,116.16,0,0]
[6,116.27999999999999,0,0]
[7,116.27999999999999,0,0]
[8,116.39999999999999,0,0]
[3,116.52,0,0]
[2,116.63999999999999,0,0]
[1,116.69999999999999,0,0]
[0,116.75999999999999,0,0]
[1,116.82,0,0]
[5,116.88,0,0]
[4,116.94,0,0]
[3,116.99999999999999,0,0]
[4,117.05999999999999,0,0]
[8,117.11999999999999,0,0]
[7,117.17999999999999,0,0]
[6,117.24,0,0]
[7,117.3,0,0]
[2,117.35999999999999,0,0]
[0,117.41999999999999,0,0]
[2,117.47999999999999,0,0]
[0,117.53999999999999,0,0]
[5,117.6,0,0]
[3,117.66,0,0]
[5,117.71999999999998,0,0]
[3,117.77999999999999,0,0]
[8,117.83999999999999,0,0]
[6,117.89999999999999,0,0]
[8,117.96,0,0]
[6,118.02,0,0]
[1,118.08,0,0]
[3,118.19999999999999,0,0]
[5,118.32,0,0]
[6,118.44,0,0]
[7,118.44,0,0]
[2,118.55999999999999,0,0]
[0,118.67999999999999,0,0]
[8,118.8,0,0]
[4,118.91999999999999,0,0]
[6,119.03999999999999,0,0]
[2,119.16,0,0]
[1,119.16,0,0]
[3,119.27999999999999,0,0]
[7,119.39999999999999,0,0]
[5,119.52,0,0]
[0,119.63999999999999,0,0]
[8,119.75999999999999,0,0]
[3,119.88,0,0]
[4,119.88,0,0]
[5,119.99999999999999,0,0]
[6,120.11999999999999,0,0]
[2,120.24,0,0]
[0,120.3,0,0]
[2,120.35999999999999,0,0]
[0,120.41999999999999,0,0]
[2,120.47999999999999,0,0]
[0,120.53999999999999,0,0]
[5,120.6,0,0]
[3,120.66,0,0]
[5,120.71999999999998,0,0]
[3,120.77999999999999,0,0]
[5,120.83999999999999,0,0]
[3,120.89999999999999,0,0]
[8,120.96,0,0]
[6,121.08,0,0]
[4,121.19999999999999,0,0]
[1,121.32,0,0]
[2,121.32,0,0]
[3,121.44,0,0]
[5,121.55999999999999,0,0]
[6,121.67999999999999,0,0]
[1,121.8,0,0]
[8,121.91999999999999,0,0]
[4,122.03999999999999,0,0]
[3,122.03999999999999,0,0]
[2,122.16,0,0]
[7,122.27999999999999,0,0]
[1,122.39999999999999,0,0]
[6,122.52,0,0]
[0,122.63999999999999,0,0]
[7,122.75999999999999,0,0]
[8,122.75999999999999,0,0]
[3,122.88,0,0]
[4,122.99999999999999,0,0]
[5,123.11999999999999,0,0]
[6,123.24,0,0]
[2,123.35999999999999,0,0]
[1,123.41999999999999,0,0]
[0,123.47999999999999,0,0]
[1,123.53999999999999,0,0]
[5,123.6,0,0]
[4,123.66,0,0]
[3,123.71999999999998,0,0]
[4,123.77999999999999,0,0]
[8,123.83999999999999,0,0]
[6,123.96,0,0]
[1,124.07999999999998,0,0]
[7,124.19999999999999,0,0]
[4,124.32,0,0]
[5,124.32,0,0]
[3,124.44,0,0]
[8,124.55999999999999,0,0]
[1,124.67999999999999,0,0]
[5,124.8,0,0]
[6,124.91999999999999,0,0]
[4,125.03999999999999,0,0]
[3,125.03999999999999,0,0]
[8,125.16,0,0]
[0,125.27999999999999,0,0]
[6,125.39999999999999,0,0]
[1,125.52,0,0]
[8,125.63999999999999,0,0]
[4,125.75999999999999,0,0]
[3,125.75999999999999,0,0]
[7,125.88,0,0]
[2,125.99999999999999,0,0]
[1,126.05999999999999,0,0]
[0,126.11999999999999,0,0]
[1,126.17999999999999,0,0]
[5,126.24,0,0]
[3,126.3,0,0]
[5,126.35999999999999,0,0]
[3,126.41999999999999,0,0]
[5,126.47999999999999,0,0]
[3,126.53999999999999,0,0]
[5,126.6,0,0]
[3,126.66,0,0]
[8,126.71999999999998,0,0]
[1,126.83999999999999,0,0]
[6,126.96,0,0]
[4,127.07999999999998,0,0]
[5,127.07999999999998,0,0]
[0,127.19999999999999,0,0]
[7,127.32,0,0]
[2,127.44,0,0]
[1,127.49999999999999,0,0]
[2,127.55999999999999,0,0]
[1,127.61999999999999,0,0]
[5,127.67999999999999,0,0]
[4,127.74,0,0]
[5,127.8,0,0]
[4,127.85999999999999,0,0]
[8,127.91999999999999,0,0]
[7,127.97999999999999,0,0]
[8,128.04,0,0]
[7,128.1,0,0]
[1,128.16,0,0.24]
[2,128.16,0,0.24]
[4,128.39999999999998,0,0.24]
[3,128.39999999999998,0,0.24]
[6,128.51999999999998,0,0]
[8,128.64,0,0]
[0,128.88,0,0.24]
[1,128.88,0,0.24]
[2,128.88,0,0.24]
[5,129.12,0,0.24]
[4,129.12,0,0.24]
[3,129.12,0,0.24]
[6,129.23999999999998,0,0]
[8,129.35999999999999,0,0]
[0,129.6,0,0.24]
[4,129.6,0,0.24]
[5,129.84,0,0.24]
[7,129.84,0,0.24]
[6,129.95999999999998,0,0]
[8,130.07999999999998,0,0]
[1,130.32,0,0]
[2,130.32,0,0]
[0,130.44,0,0]
[5,130.56,0,0]
[4,130.67999999999998,0,0]
[3,130.67999999999998,0,0]
[8,130.79999999999998,0,0]
[6,130.92,0,0]
[2,131.04,0,0.24]
[5,131.04,0,0.24]
[0,131.28,0,0.24]
[3,131.28,0,0.24]
[6,131.39999999999998,0,0]
[8,131.51999999999998,0,0]
[1,131.76,0,0.24]
[0,131.76,0,0.24]
[3,131.76,0,0.24]
[4,132,0,0.24]
[5,132,0,0.24]
[2,132,0,0.24]
[6,132.12,0,0]
[8,132.23999999999998,0,0]
[3,132.48,0,0.24]
[1,132.48,0,0.24]
[4,132.72,0,0.24]
[2,132.72,0,0.24]
[6,132.84,0,0]
[8,132.95999999999998,0,0]
[1,133.2,0,0]
[2,133.2,0,0]
[0,133.32,0,0]
[5,133.44,0,0]
[4,133.56,0,0]
[3,133.56,0,0]
[8,133.67999999999998,0,0]
[6,133.79999999999998,0,0]
[2,133.92,0,0]
[1,133.98,0,0]
[0,134.04,0,0]
[1,134.1,0,0]
[5,134.16,0,0]
[4,134.22,0,0]
[3,134.28,0,0]
[4,134.34,0,0]
[8,134.39999999999998,0,0]
[7,134.45999999999998,0,0]
[6,134.51999999999998,0,0]
[7,134.57999999999998,0,0]
[2,134.64,0,0]
[0,134.7,0,0]
[2,134.76,0,0]
[0,134.82,0,0]
[5,134.88,0,0]
[4,134.94,0,0]
[3,135,0,0]
[4,135.06,0,0]
[8,135.12,0,0]
[7,135.17999999999998,0,0]
[6,135.23999999999998,0,0]
[7,135.29999999999998,0,0]
[2,135.35999999999999,0,0]
[1,135.42,0,0]
[0,135.48,0,0]
[1,135.54,0,0]
[5,135.6,0,0]
[4,135.66,0,0]
[3,135.72,0,0]
[4,135.78,0,0]
[8,135.84,0,0]
[7,135.89999999999998,0,0]
[6,135.95999999999998,0,0]
[7,136.01999999999998,0,0]
[2,136.07999999999998,0,0]
[0,136.14,0,0]
[2,136.2,0,0]
[0,136.26,0,0]
[2,136.32,0,0]
[0,136.38,0,0]
[8,136.44,0,0]
[6,136.5,0,0]
[8,136.56,0,0]
[6,136.61999999999998,0,0]
[8,136.67999999999998,0,0]
[6,136.73999999999998,0,0]
[1,136.79999999999998,0,0.24]
[2,136.79999999999998,0,0.24]
[8,137.04,0,0]
[7,137.16,0,0]
[6,137.28,0,0]
[3,137.51999999999998,0,0]
[0,137.51999999999998,0,0]
[2,137.51999999999998,0,0]
[5,137.51999999999998,0,0]
[8,137.76,0,0]
[7,137.88,0,0]
[6,138,0,0]
[4,138.11999999999998,0,0]
[1,138.23999999999998,0,0]
[0,138.23999999999998,0,0]
[3,138.23999999999998,0,0]
[7,138.23999999999998,0,0]
[8,138.23999999999998,0,0]
[5,138.23999999999998,0,0]
[0,139.2,0,0]
[7,139.32,0,0]
[1,139.44,0,0]
[8,139.56,0,0]
[2,139.67999999999998,1,1.92]
[6,141.84,1,0.96]
[5,142.79999999999998,1,0.48]
[4,143.28,1,1.44]
[3,144.95999999999998,1,0.72]
[7,145.67999999999998,0,0]
[8,146.04,1,0.84]
[4,146.88,1,0.96]
[0,147.84,1,0.96]
[1,148.79999999999998,1,1.92]
[8,150.72,0,0]
[6,150.84,0,0]
[5,150.95999999999998,0,0]
[3,151.07999999999998,0,0]
[0,151.2,1,1.68]
[2,151.2,1,1.68]
[4,152.88,0,0]
[6,153.11999999999998,0,0]
[4,153.35999999999999,0,0]
[8,153.6,0,0]
[7,153.83999999999997,0,0]
[3,154.07999999999998,1,0.72]
[5,154.07999999999998,1,0.72]
[6,154.79999999999998,0,0]
[8,154.79999999999998,0,0]
[0,155.16,1,1.0799999999999998]
[2,155.16,1,1.0799999999999998]
[1,156.23999999999998,0,0]
[7,156.48,0,0]
[5,156.72,1,0.6]
[4,156.72,1,0.6]
[7,157.32,1,0.6]
[6,157.32,1,0.6]
[4,157.92,1,0.72]
[5,157.92,1,0.72]
[6,158.64,0,0]
[8,158.88,0,0]
[0,159.11999999999998,0,0]
[7,159.35999999999999,0,0]
[1,159.6,1,0.48]
[2,159.6,1,0.48]
[6,160.07999999999998,0,0]
[7,160.07999999999998,0,0]
[8,160.32,0,0]
[1,160.56,0,0]
[0,160.56,0,0]
[2,160.79999999999998,0,0]
[6,161.04,0,0]
[7,161.04,0,0]
[5,161.28,0,0]
[4,161.28,0,0]
[0,161.51999999999998,0,0]
[3,161.76,0,0]
[7,162,0,0]
[8,162,0,0]
[5,162.23999999999998,0,0]
[4,162.23999999999998,0,0]
[0,162.48,0,0]
[1,162.48,0,0]
[2,162.48,0,0]
[8,162.72,0,0]
[6,162.78,0,0]
[8,162.83999999999997,0,0]
[6,162.89999999999998,0,0]
[8,162.95999999999998,0,0]
[6,163.01999999999998,0,0]
[8,163.07999999999998,0,0]
[6,163.14,0,0]
[8,163.2,0,0]
[6,163.26,0,0]
[8,163.32,0,0]
[6,163.38,0,0]
[8,163.44,0,0]
[6,163.5,0,0]
[8,163.56,0,0]
[6,163.61999999999998,0,0]
[8,163.67999999999998,0,0]
[6,163.73999999999998,0,0]
[8,163.79999999999998,0,0]
[6,163.85999999999999,0,0]
[8,163.92,0,0]
[6,163.98,0,0]
[8,164.04,0,0]
[6,164.1,0,0]
[2,164.16,0,0]
[1,164.22,0,0]
[0,164.28,0,0]
[1,164.33999999999997,0,0]
[5,164.39999999999998,0,0]
[4,164.45999999999998,0,0]
[3,164.51999999999998,0,0]
[4,164.57999999999998,0,0]
[8,164.64,0,0]
[7,164.7,0,0]
[6,164.76,0,0]
[7,164.82,0,0]
[5,164.88,0,0]
[4,164.94,0,0]
[3,165,0,0]
[4,165.06,0,0]
[2,165.11999999999998,0,0]
[1,165.17999999999998,0,0]
[0,165.23999999999998,0,0]
[1,165.29999999999998,0,0]
[5,165.35999999999999,0,0]
[4,165.42,0,0]
[3,165.48,0,0]
[4,165.54,0,0]
[8,165.6,0,0]
[6,165.66,0,0]
[8,165.72,0,0]
[6,165.78,0,0]
[8,165.83999999999997,0,0]
[6,165.89999999999998,0,0]
[8,165.95999999999998,0,0]
[6,166.01999999999998,0,0]
[8,166.07999999999998,0,0]
[6,166.14,0,0]
[8,166.2,0,0]
[6,166.26,0,0]
[8,166.32,0,0]
[6,166.38,0,0]
[8,166.44,0,0]
[6,166.5,0,0]
[8,166.56,0,0]
[6,166.61999999999998,0,0]
[8,166.67999999999998,0,0]
[6,166.73999999999998,0,0]
[8,166.79999999999998,0,0]
[6,166.85999999999999,0,0]
[8,166.92,0,0]
[6,166.98,0,0]
[5,167.04,0,0]
[3,167.1,0,0]
[5,167.16,0,0]
[3,167.22,0,0]
[5,167.28,0,0]
[3,167.33999999999997,0,0]
[5,167.39999999999998,0,0]
[3,167.45999999999998,0,0]
[5,167.51999999999998,0,0]
[3,167.57999999999998,0,0]
[5,167.64,0,0]
[3,167.7,0,0]
[5,167.76,0,0]
[3,167.82,0,0]
[5,167.88,0,0]
[3,167.94,0,0]
[5,168,0,0]
[3,168.05999999999997,0,0]
[5,168.11999999999998,0,0]
[3,168.17999999999998,0,0]
[5,168.23999999999998,0,0]
[3,168.29999999999998,0,0]
[5,168.35999999999999,0,0]
[3,168.42,0,0]
[2,168.48,0,0]
[0,168.54,0,0]
[2,168.6,0,0]
[0,168.66,0,0]
[2,168.72,0,0]
[0,168.78,0,0]
[2,168.83999999999997,0,0]
[0,168.89999999999998,0,0]
[2,168.95999999999998,0,0]
[0,169.01999999999998,0,0]
[2,169.07999999999998,0,0]
[0,169.14,0,0]
[2,169.2,0,0]
[0,169.26,0,0]
[2,169.32,0,0]
[0,169.38,0,0]
[2,169.44,0,0]
[0,169.5,0,0]
[2,169.55999999999997,0,0]
[0,169.61999999999998,0,0]
[2,169.67999999999998,0,0]
[0,169.73999999999998,0,0]
[2,169.79999999999998,0,0]
[0,169.85999999999999,0,0]
[8,169.92,0,0]
[7,169.98,0,0]
[6,170.04,0,0]
[7,170.1,0,0]
[5,170.16,0,0]
[4,170.22,0,0]
[3,170.28,0,0]
[4,170.33999999999997,0,0]
[2,170.39999999999998,0,0]
[1,170.45999999999998,0,0]
[0,170.51999999999998,0,0]
[1,170.57999999999998,0,0]
[5,170.64,0,0]
[4,170.7,0,0]
[3,170.76,0,0]
[4,170.82,0,0]
[8,170.88,0,0]
[6,170.94,0,0]
[8,171,0,0]
[6,171.05999999999997,0,0]
[8,171.11999999999998,0,0]
[6,171.17999999999998,0,0]
[8,171.23999999999998,0,0]
[6,171.29999999999998,0,0]
[8,171.35999999999999,0,0]
[6,171.42,0,0]
[8,171.48,0,0]
[6,171.54,0,0]
[8,171.6,0,0]
[6,171.66,0,0]
[8,171.72,0,0]
[6,171.78,0,0]
[5,171.83999999999997,0,0]
[3,171.89999999999998,0,0]
[5,171.95999999999998,0,0]
[3,172.01999999999998,0,0]
[5,172.07999999999998,0,0]
[3,172.14,0,0]
[5,172.2,0,0]
[3,172.26,0,0]
[5,172.32,0,0]
[3,172.38,0,0]
[5,172.44,0,0]
[3,172.5,0,0]
[5,172.55999999999997,0,0]
[3,172.61999999999998,0,0]
[5,172.67999999999998,0,0]
[3,172.73999999999998,0,0]
[5,172.79999999999998,0,0]
[3,172.85999999999999,0,0]
[5,172.92,0,0]
[3,172.98,0,0]
[5,173.04,0,0]
[3,173.1,0,0]
[5,173.16,0,0]
[3,173.22,0,0]
[2,173.28,0,0]
[1,173.33999999999997,0,0]
[0,173.39999999999998,0,0]
[1,173.45999999999998,0,0]
[5,173.51999999999998,0,0]
[4,173.57999999999998,0,0]
[3,173.64,0,0]
[4,173.7,0,0]
[8,173.76,0,0]
[7,173.82,0,0]
[6,173.88,0,0]
[7,173.94,0,0]
[5,174,0,0]
[4,174.05999999999997,0,0]
[3,174.11999999999998,0,0]
[4,174.17999999999998,0,0]
[2,174.23999999999998,0,0]
[0,174.29999999999998,0,0]
[2,174.35999999999999,0,0]
[0,174.42,0,0]
[2,174.48,0,0]
[0,174.54,0,0]
[2,174.6,0,0]
[0,174.66,0,0]
[2,174.72,0,0]
[0,174.78,0,0]
[2,174.83999999999997,0,0]
[0,174.89999999999998,0,0]
[2,174.95999999999998,0,0]
[0,175.01999999999998,0,0]
[2,175.07999999999998,0,0]
[0,175.14,0,0]
[2,175.2,0,0]
[0,175.26,0,0]
[2,175.32,0,0]
[0,175.38,0,0]
[2,175.44,0,0]
[0,175.5,0,0]
[2,175.55999999999997,0,0]
[0,175.61999999999998,0,0]
[5,175.67999999999998,0,0]
[3,175.73999999999998,0,0]
[5,175.79999999999998,0,0]
[3,175.85999999999999,0,0]
[5,175.92,0,0]
[3,175.98,0,0]
[5,176.04,0,0]
[3,176.1,0,0]
[5,176.16,0,0]
[3,176.22,0,0]
[5,176.28,0,0]
[3,176.33999999999997,0,0]
[5,176.39999999999998,0,0]
[3,176.45999999999998,0,0]
[5,176.51999999999998,0,0]
[3,176.57999999999998,0,0]
[8,176.64,0,0]
[6,176.7,0,0]
[8,176.76,0,0]
[6,176.82,0,0]
[8,176.88,0,0]
[6,176.94,0,0]
[8,177,0,0]
[6,177.05999999999997,0,0]
[2,177.11999999999998,0,0]
[0,177.17999999999998,0,0]
[2,177.23999999999998,0,0]
[0,177.29999999999998,0,0]
[2,177.35999999999999,0,0]
[0,177.42,0,0]
[2,177.48,0,0]
[0,177.54,0,0]
[2,177.6,0,0]
[0,177.66,0,0]
[2,177.72,0,0]
[0,177.78,0,0]
[2,177.83999999999997,0,0]
[0,177.89999999999998,0,0]
[2,177.95999999999998,0,0]
[0,178.01999999999998,0,0]
[2,178.07999999999998,0,0]
[0,178.14,0,0]
[2,178.2,0,0]
[0,178.26,0,0]
[2,178.32,0,0]
[0,178.38,0,0]
[2,178.44,0,0]
[0,178.5,0,0]
[5,178.55999999999997,0,0]
[3,178.61999999999998,0,0]
[5,178.67999999999998,0,0]
[3,178.73999999999998,0,0]
[5,178.79999999999998,0,0]
[3,178.85999999999999,0,0]
[5,178.92,0,0]
[3,178.98,0,0]
[5,179.04,0,0]
[3,179.1,0,0]
[5,179.16,0,0]
[3,179.22,0,0]
[5,179.28,0,0]
[3,179.33999999999997,0,0]
[5,179.39999999999998,0,0]
[3,179.45999999999998,0,0]
[8,179.51999999999998,0,0]
[6,179.57999999999998,0,0]
[8,179.64,0,0]
[6,179.7,0,0]
[8,179.76,0,0]
[6,179.82,0,0]
[8,179.88,0,0]
[6,179.94,0,0]
[8,180,0,0]
[6,180.05999999999997,0,0]
[8,180.11999999999998,0,0]
[6,180.17999999999998,0,0]
[2,180.23999999999998,0,0]
[0,180.29999999999998,0,0]
[2,180.35999999999999,0,0]
[0,180.42,0,0]
[2,180.48,0,0]
[0,180.54,0,0]
[2,180.6,0,0]
[0,180.66,0,0]
[2,180.72,0,0]
[0,180.78,0,0]
[2,180.83999999999997,0,0]
[0,180.89999999999998,0,0]
[2,180.95999999999998,0,0]
[0,181.01999999999998,0,0]
[2,181.07999999999998,0,0]
[0,181.14,0,0]
[2,181.2,0,0]
[0,181.26,0,0]
[2,181.32,0,0]
[0,181.38,0,0]
[5,181.44,0,0]
[3,181.5,0,0]
[5,181.55999999999997,0,0]
[3,181.61999999999998,0,0]
[5,181.67999999999998,0,0]
[3,181.73999999999998,0,0]
[5,181.79999999999998,0,0]
[3,181.85999999999999,0,0]
[5,181.92,0,0]
[3,181.98,0,0]
[5,182.04,0,0]
[3,182.1,0,0]
[5,182.16,0,0]
[3,182.22,0,0]
[5,182.28,0,0]
[3,182.33999999999997,0,0]
[8,182.39999999999998,0,0]
[6,182.45999999999998,0,0]
[8,182.51999999999998,0,0]
[6,182.57999999999998,0,0]
[8,182.64,0,0]
[6,182.7,0,0]
[8,182.76,0,0]
[6,182.82,0,0]
[8,182.88,0,0]
[6,182.94,0,0]
[8,183,0,0]
[6,183.05999999999997,0,0]
[1,183.11999999999998,0,0]
[2,183.11999999999998,0,0]
[0,183.23999999999998,0,0]
[4,183.35999999999999,0,0]
[5,183.35999999999999,0,0]
[3,183.48,0,0]
[7,183.6,0,0]
[8,183.6,0,0]
[6,183.72,0,0]
[1,183.83999999999997,0,0]
[2,183.83999999999997,0,0]
[0,183.95999999999998,0,0]
[4,184.07999999999998,0,0]
[5,184.07999999999998,0,0]
[3,184.2,0,0]
[7,184.32,0,0]
[8,184.32,0,0]
[6,184.44,0,0]
[1,184.55999999999997,0,0]
[2,184.55999999999997,0,0]
[0,184.67999999999998,0,0]
[7,184.79999999999998,0,0]
[8,184.79999999999998,0,0]
[6,184.92,0,0]
[4,185.04,0,0]
[5,185.04,0,0]
[3,185.16,0,0]
[1,185.27999999999997,0,0]
[2,185.27999999999997,0,0]
[0,185.39999999999998,0,0]
[7,185.51999999999998,0,0]
[8,185.51999999999998,0,0]
[6,185.64,0,0]
[2,185.76,0,0]
[0,185.82,0,0]
[2,185.88,0,0]
[0,185.94,0,0]
[2,186,0,0]
[0,186.05999999999997,0,0]
[2,186.11999999999998,0,0]
[0,186.17999999999998,0,0]
[2,186.23999999999998,0,0]
[0,186.29999999999998,0,0]
[2,186.35999999999999,0,0]
[0,186.42,0,0]
[2,186.48,0,0]
[1,186.48,0,0]
[0,186.54,0,0]
[2,186.6,0,0]
[0,186.66,0,0]
[2,186.72,0,0]
[0,186.77999999999997,0,0]
[2,186.83999999999997,0,0]
[0,186.89999999999998,0,0]
[2,186.95999999999998,0,0]
[0,187.01999999999998,0,0]
[2,187.07999999999998,0,0]
[0,187.14,0,0]
[5,187.2,0,0]
[4,187.2,0,0]
[3,187.26,0,0]
[5,187.32,0,0]
[3,187.38,0,0]
[5,187.44,0,0]
[3,187.5,0,0]
[5,187.55999999999997,0,0]
[3,187.61999999999998,0,0]
[5,187.67999999999998,0,0]
[3,187.73999999999998,0,0]
[5,187.79999999999998,0,0]
[3,187.85999999999999,0,0]
[5,187.92,0,0]
[4,187.92,0,0]
[3,187.98,0,0]
[5,188.04,0,0]
[3,188.1,0,0]
[5,188.16,0,0]
[3,188.22,0,0]
[5,188.27999999999997,0,0]
[3,188.33999999999997,0,0]
[5,188.39999999999998,0,0]
[3,188.45999999999998,0,0]
[5,188.51999999999998,0,0]
[3,188.57999999999998,0,0]
[8,188.64,0,0]
[7,188.64,0,0]
[6,188.7,0,0]
[8,188.76,0,0]
[6,188.82,0,0]
[8,188.88,0,0]
[6,188.94,0,0]
[8,189,0,0]
[6,189.05999999999997,0,0]
[8,189.11999999999998,0,0]
[6,189.17999999999998,0,0]
[8,189.23999999999998,0,0]
[6,189.29999999999998,0,0]
[8,189.35999999999999,0,0]
[7,189.35999999999999,0,0]
[6,189.42,0,0]
[8,189.48,0,0]
[6,189.54,0,0]
[8,189.6,0,0]
[6,189.66,0,0]
[8,189.72,0,0]
[6,189.77999999999997,0,0]
[8,189.83999999999997,0,0]
[6,189.89999999999998,0,0]
[8,189.95999999999998,0,0]
[6,190.01999999999998,0,0]
[5,190.07999999999998,0,0]
[4,190.07999999999998,0,0]
[3,190.14,0,0]
[5,190.2,0,0]
[3,190.26,0,0]
[5,190.32,0,0]
[3,190.38,0,0]
[5,190.44,0,0]
[3,190.5,0,0]
[5,190.55999999999997,0,0]
[3,190.61999999999998,0,0]
[5,190.67999999999998,0,0]
[3,190.73999999999998,0,0]
[5,190.79999999999998,0,0]
[4,190.79999999999998,0,0]
[3,190.85999999999999,0,0]
[5,190.92,0,0]
[3,190.98,0,0]
[5,191.04,0,0]
[3,191.1,0,0]
[5,191.16,0,0]
[3,191.22,0,0]
[5,191.27999999999997,0,0]
[3,191.33999999999997,0,0]
[5,191.39999999999998,0,0]
[3,191.45999999999998,0,0]
[1,191.51999999999998,0,0]
[2,191.51999999999998,0,0]
[0,191.57999999999998,0,0]
[2,191.64,0,0]
[0,191.7,0,0]
[2,191.76,0,0]
[0,191.82,0,0]
[2,191.88,0,0]
[0,191.94,0,0]
[2,192,0,0]
[0,192.05999999999997,0,0]
[2,192.11999999999998,0,0]
[0,192.17999999999998,0,0]
[2,192.23999999999998,0,0]
[1,192.23999999999998,0,0]
[0,192.29999999999998,0,0]
[2,192.35999999999999,0,0]
[0,192.42,0,0]
[2,192.48,0,0]
[0,192.54,0,0]
[2,192.6,0,0]
[0,192.66,0,0]
[2,192.72,0,0]
[0,192.77999999999997,0,0]
[2,192.83999999999997,0,0]
[0,192.89999999999998,0,0]
[5,192.95999999999998,0,0]
[4,192.95999999999998,0,0]
[3,193.01999999999998,0,0]
[5,193.07999999999998,0,0]
[3,193.14,0,0]
[5,193.2,0,0]
[3,193.26,0,0]
[5,193.32,0,0]
[3,193.38,0,0]
[5,193.44,0,0]
[3,193.5,0,0]
[5,193.55999999999997,0,0]
[3,193.61999999999998,0,0]
[4,193.67999999999998,0,0]
[5,193.67999999999998,0,0]
[3,193.73999999999998,0,0]
[5,193.79999999999998,0,0]
[3,193.85999999999999,0,0]
[5,193.92,0,0]
[3,193.98,0,0]
[5,194.04,0,0]
[3,194.1,0,0]
[5,194.16,0,0]
[3,194.22,0,0]
[5,194.27999999999997,0,0]
[3,194.33999999999997,0,0]
[7,194.39999999999998,0,0]
[8,194.39999999999998,0,0]
[6,194.45999999999998,0,0]
[8,194.51999999999998,0,0]
[6,194.57999999999998,0,0]
[8,194.64,0,0]
[6,194.7,0,0]
[8,194.76,0,0]
[6,194.82,0,0]
[8,194.88,0,0]
[6,194.94,0,0]
[8,195,0,0]
[6,195.05999999999997,0,0]
[7,195.11999999999998,0,0]
[8,195.11999999999998,0,0]
[6,195.17999999999998,0,0]
[8,195.23999999999998,0,0]
[6,195.29999999999998,0,0]
[8,195.35999999999999,0,0]
[6,195.42,0,0]
[8,195.48,0,0]
[6,195.54,0,0]
[8,195.6,0,0]
[6,195.66,0,0]
[8,195.72,0,0]
[6,195.77999999999997,0,0]
[4,195.83999999999997,0,0]
[5,195.83999999999997,0,0]
[3,195.89999999999998,0,0]
[5,195.95999999999998,0,0]
[3,196.01999999999998,0,0]
[5,196.07999999999998,0,0]
[3,196.14,0,0]
[5,196.2,0,0]
[3,196.26,0,0]
[1,196.32,0,0]
[2,196.32,0,0]
[0,196.38,0,0]
[2,196.44,0,0]
[0,196.5,0,0]
[2,196.55999999999997,0,0]
[0,196.61999999999998,0,0]
[2,196.67999999999998,0,0]
[0,196.73999999999998,0,0]
[8,196.79999999999998,0,0]
[7,196.85999999999999,0,0]
[6,196.92,0,0]
[7,196.98,0,0]
[5,197.04,0,0]
[4,197.1,0,0]
[3,197.16,0,0]
[4,197.22,0,0]
[2,197.27999999999997,0,0]
[1,197.27999999999997,0,0]
[0,197.33999999999997,0,0]
[2,197.39999999999998,0,0]
[0,197.45999999999998,0,0]
[2,197.51999999999998,0,0]
[0,197.57999999999998,0,0]
[2,197.64,0,0]
[0,197.7,0,0]
[2,197.76,0,0]
[0,197.82,0,0]
[2,197.88,0,0]
[0,197.94,0,0]
[1,198,0,0]
[2,198,0,0]
[0,198.05999999999997,0,0]
[2,198.11999999999998,0,0]
[0,198.17999999999998,0,0]
[2,198.23999999999998,0,0]
[0,198.29999999999998,0,0]
[2,198.35999999999999,0,0]
[0,198.42,0,0]
[2,198.48,0,0]
[0,198.54,0,0]
[2,198.6,0,0]
[0,198.66,0,0]
[5,198.72,0,0]
[4,198.72,0,0]
[3,198.77999999999997,0,0]
[5,198.83999999999997,0,0]
[3,198.89999999999998,0,0]
[5,198.95999999999998,0,0]
[3,199.01999999999998,0,0]
[5,199.07999999999998,0,0]
[3,199.14,0,0]
[5,199.2,0,0]
[3,199.26,0,0]
[5,199.32,0,0]
[3,199.38,0,0]
[5,199.44,0,0]
[4,199.44,0,0]
[3,199.5,0,0]
[5,199.55999999999997,0,0]
[3,199.61999999999998,0,0]
[5,199.67999999999998,0,0]
[3,199.73999999999998,0,0]
[5,199.79999999999998,0,0]
[3,199.85999999999999,0,0]
[5,199.92,0,0]
[3,199.98,0,0]
[5,200.04,0,0]
[3,200.1,0,0]
[8,200.16,0,0]
[7,200.16,0,0]
[6,200.22,0,0]
[8,200.27999999999997,0,0]
[6,200.33999999999997,0,0]
[8,200.39999999999998,0,0]
[6,200.45999999999998,0,0]
[8,200.51999999999998,0,0]
[6,200.57999999999998,0,0]
[8,200.64,0,0]
[6,200.7,0,0]
[8,200.76,0,0]
[6,200.82,0,0]
[8,200.88,0,0]
[7,200.88,0,0]
[6,200.94,0,0]
[8,200.99999999999997,0,0]
[6,201.05999999999997,0,0]
[8,201.11999999999998,0,0]
[6,201.17999999999998,0,0]
[8,201.23999999999998,0,0]
[6,201.29999999999998,0,0]
[8,201.35999999999999,0,0]
[6,201.42,0,0]
[8,201.48,0,0]
[6,201.54,0,0]
[5,201.6,0,0]
[4,201.6,0,0]
[3,201.66,0,0]
[5,201.72,0,0]
[3,201.77999999999997,0,0]
[5,201.83999999999997,0,0]
[3,201.89999999999998,0,0]
[5,201.95999999999998,0,0]
[3,202.01999999999998,0,0]
[5,202.07999999999998,0,0]
[3,202.14,0,0]
[5,202.2,0,0]
[3,202.26,0,0]
[5,202.32,0,0]
[4,202.32,0,0]
[3,202.38,0,0]
[5,202.44,0,0]
[3,202.49999999999997,0,0]
[5,202.55999999999997,0,0]
[3,202.61999999999998,0,0]
[5,202.67999999999998,0,0]
[3,202.73999999999998,0,0]
[5,202.79999999999998,0,0]
[3,202.85999999999999,0,0]
[5,202.92,0,0]
[3,202.98,0,0]
[1,203.04,0,0]
[2,203.04,0,0]
[0,203.1,0,0]
[2,203.16,0,0]
[0,203.22,0,0]
[2,203.27999999999997,0,0]
[0,203.33999999999997,0,0]
[2,203.39999999999998,0,0]
[0,203.45999999999998,0,0]
[2,203.51999999999998,0,0]
[0,203.57999999999998,0,0]
[2,203.64,0,0]
[0,203.7,0,0]
[2,203.76,0,0]
[1,203.76,0,0]
[0,203.82,0,0]
[2,203.88,0,0]
[0,203.94,0,0]
[2,203.99999999999997,0,0]
[0,204.05999999999997,0,0]
[2,204.11999999999998,0,0]
[0,204.17999999999998,0,0]
[2,204.23999999999998,0,0]
[0,204.29999999999998,0,0]
[2,204.35999999999999,0,0]
[0,204.42,0,0]
[5,204.48,0,0]
[4,204.48,0,0]
[3,204.54,0,0]
[5,204.6,0,0]
[3,204.66,0,0]
[5,204.72,0,0]
[3,204.77999999999997,0,0]
[5,204.83999999999997,0,0]
[3,204.89999999999998,0,0]
[5,204.95999999999998,0,0]
[3,205.01999999999998,0,0]
[5,205.07999999999998,0,0]
[3,205.14,0,0]
[5,205.2,0,0]
[4,205.2,0,0]
[3,205.26,0,0]
[5,205.32,0,0]
[3,205.38,0,0]
[5,205.44,0,0]
[3,205.49999999999997,0,0]
[5,205.55999999999997,0,0]
[3,205.61999999999998,0,0]
[7,205.67999999999998,0,0]
[8,205.67999999999998,0,0]
[6,205.73999999999998,0,0]
[8,205.79999999999998,0,0]
[6,205.85999999999999,0,0]
[8,205.92,0,0]
[6,205.98,0,0]
[8,206.04,0,0]
[6,206.1,0,0]
[1,206.16,0,0]
[2,206.16,0,0]
[0,206.22,0,0]
[2,206.27999999999997,0,0]
[0,206.33999999999997,0,0]
[2,206.39999999999998,0,0]
[1,206.39999999999998,0,0]
[0,206.45999999999998,0,0]
[2,206.51999999999998,0,0]
[0,206.57999999999998,0,0]
[1,206.64,0,0]
[2,206.64,0,0]
[0,206.7,0,0]
[2,206.76,0,0]
[0,206.82,0,0]
[4,206.88,0,0]
[5,206.88,0,0]
[3,206.94,0,0]
[5,206.99999999999997,0,0]
[3,207.05999999999997,0,0]
[5,207.11999999999998,0,0]
[4,207.11999999999998,0,0]
[3,207.17999999999998,0,0]
[5,207.23999999999998,0,0]
[3,207.29999999999998,0,0]
[4,207.35999999999999,0,0]
[5,207.35999999999999,0,0]
[3,207.42,0,0]
[5,207.48,0,0]
[3,207.54,0,0]
[7,207.6,0,0]
[8,207.6,0,0]
[6,207.66,0,0]
[8,207.72,0,0]
[6,207.77999999999997,0,0]
[8,207.83999999999997,0,0]
[7,207.83999999999997,0,0]
[6,207.89999999999998,0,0]
[8,207.95999999999998,0,0]
[6,208.01999999999998,0,0]
[7,208.07999999999998,0,0]
[8,208.07999999999998,0,0]
[6,208.14,0,0]
[8,208.2,0,0]
[6,208.26,0,0]
[2,208.32,0,0]
[1,208.38,0,0]
[0,208.44,0,0]
[1,208.49999999999997,0,0]
[5,208.55999999999997,0,0]
[4,208.61999999999998,0,0]
[3,208.67999999999998,0,0]
[4,208.73999999999998,0,0]
[8,208.79999999999998,0,0]
[6,208.92,0,0]
[2,209.04,0,0]
[7,209.16,0,0]
[1,209.27999999999997,0,0]
[3,209.39999999999998,0,0]
[5,209.51999999999998,0,0]
[6,209.64,0,0]
[8,209.76,0,0]
[0,209.88,0,0]
[1,209.99999999999997,0,0]
[7,210.11999999999998,0,0]
[4,210.23999999999998,0,0]
[5,210.23999999999998,0,0]
[3,210.35999999999999,0,0]
[2,210.48,0,0]
[7,210.6,0,0]
[1,210.72,0,0]
[6,210.83999999999997,0,0]
[8,210.95999999999998,0,0]
[0,211.07999999999998,0,0]
[5,211.2,0,0]
[4,211.32,0,0]
[3,211.44,0,0]
[1,211.55999999999997,0,0]
[2,211.67999999999998,0,0]
[7,211.79999999999998,0,0]
[0,211.92,0,0]
[8,212.04,0,0]
[1,212.16,0,0]
[5,212.27999999999997,0,0]
[6,212.39999999999998,0,0]
[4,212.51999999999998,0,0]
[3,212.64,0,0]
[2,212.76,0,0]
[7,212.88,0,0]
[5,212.99999999999997,0,0]
[1,213.11999999999998,0,0]
[0,213.11999999999998,0,0]
[8,213.23999999999998,0,0]
[3,213.35999999999999,0,0]
[2,213.48,0,0]
[4,213.6,0,0]
[8,213.72,0,0]
[6,213.83999999999997,0,0]
[5,213.95999999999998,0,0]
[3,214.07999999999998,0,0]
[2,214.2,0,0]
[0,214.32,0,0]
[7,214.44,0,0]
[5,214.55999999999997,0,0]
[6,214.67999999999998,0,0]
[2,214.79999999999998,0,0]
[3,214.92,0,0]
[8,215.04,0,0]
[1,215.16,0,0]
[7,215.27999999999997,0,0]
[3,215.39999999999998,0,0]
[5,215.51999999999998,0,0]
[6,215.64,0,0]
[8,215.76,0,0]
[0,215.88,0,0]
[4,215.99999999999997,0,0]
[5,215.99999999999997,0,0]
[3,216.11999999999998,0,0]
[7,216.23999999999998,0,0]
[1,216.35999999999999,0,0]
[8,216.48,0,0]
[6,216.6,0,0]
[2,216.71999999999997,0,0]
[4,216.83999999999997,0,0]
[8,216.95999999999998,0,0]
[3,217.07999999999998,0,0]
[2,217.2,0,0]
[7,217.32,0,0]
[1,217.44,0,0]
[5,217.55999999999997,0,0]
[0,217.67999999999998,0,0]
[8,217.79999999999998,0,0]
[6,217.92,0,0]
[5,218.04,0,0]
[1,218.16,0,0]
[8,218.27999999999997,0,0]
[4,218.39999999999998,0,0]
[7,218.51999999999998,0,0]
[0,218.64,0,0]
[5,218.76,0,0]
[4,218.88,0,0]
[3,218.88,0,0]
[8,218.99999999999997,0,0]
[6,219.11999999999998,0,0]
[2,219.23999999999998,0,0]
[1,219.35999999999999,0,0]
[0,219.35999999999999,0,0]
[8,219.48,0,0]
[7,219.6,0,0]
[6,219.71999999999997,0,0]
[2,219.83999999999997,0,0]
[0,219.95999999999998,0,0]
[5,220.07999999999998,0,0]
[3,220.2,0,0]
[2,220.32,0,0]
[4,220.44,0,0]
[5,220.55999999999997,0,0]
[0,220.67999999999998,0,0]
[8,220.79999999999998,0,0]
[6,220.92,0,0]
[2,221.04,0,0]
[1,221.04,0,0]
[3,221.16,0,0]
[5,221.27999999999997,0,0]
[7,221.39999999999998,0,0]
[8,221.51999999999998,0,0]
[4,221.64,0,0]
[1,221.76,0,0]
[2,221.76,0,0]
[6,221.88,0,0]
[5,221.99999999999997,0,0]
[4,222.11999999999998,0,0]
[8,222.23999999999998,0,0]
[0,222.35999999999999,0,0]
[1,222.48,0,0]
[2,222.48,0,0]
[3,222.6,0,0]
[5,222.71999999999997,0,0]
[4,222.83999999999997,0,0]
[8,222.95999999999998,0,0]
[7,223.07999999999998,0,0]
[1,223.2,0,0]
[0,223.2,0,0]
[5,223.32,0,0]
[3,223.44,0,0]
[7,223.55999999999997,0,0]
[8,223.55999999999997,0,0]
[6,223.67999999999998,0,0]
[2,223.79999999999998,0,0]
[1,223.92,0,0]
[0,223.92,0,0]
[5,224.04,0,0]
[3,224.16,0,0]
[7,224.27999999999997,0,0]
[8,224.27999999999997,0,0]
[6,224.39999999999998,0,0]
[2,224.51999999999998,0,0]
[1,224.64,0,0]
[0,224.64,0,0]
[5,224.76,0,0]
[3,224.88,0,0]
[7,224.99999999999997,0,0]
[8,224.99999999999997,0,0]
[6,225.11999999999998,0,0]
[2,225.23999999999998,0,0]
[1,225.35999999999999,0,0]
[0,225.35999999999999,0,0]
[5,225.48,0,0]
[4,225.6,0,0]
[3,225.6,0,0]
[8,225.71999999999997,0,0]
[7,225.83999999999997,0,0]
[6,225.83999999999997,0,0]
[5,225.95999999999998,0,0]
[0,226.07999999999998,0,0]
[4,226.2,0,0]
[7,226.32,0,0]
[8,226.32,0,0]
[6,226.44,0,0]
[5,226.55999999999997,0,0]
[4,226.55999999999997,0,0]
[3,226.67999999999998,0,0]
[2,226.79999999999998,0,0]
[1,226.79999999999998,0,0]
[0,226.92,0,0]
[7,227.04,0,0]
[8,227.04,0,0]
[4,227.16,0,0]
[1,227.27999999999997,0,0]
[0,227.27999999999997,0,0]
[2,227.39999999999998,0,0]
[4,227.51999999999998,0,0]
[3,227.51999999999998,0,0]
[5,227.64,0,0]
[7,227.76,0,0]
[6,227.76,0,0]
[8,227.88,0,0]
[1,227.99999999999997,0,0]
[0,227.99999999999997,0,0]
[4,228.11999999999998,0,0]
[7,228.23999999999998,0,0]
[8,228.23999999999998,0,0]
[6,228.35999999999999,0,0]
[2,228.48,0,0]
[1,228.48,0,0]
[0,228.6,0,0]
[5,228.71999999999997,0,0]
[4,228.77999999999997,0,0]
[3,228.83999999999997,0,0]
[4,228.89999999999998,0,0]
[8,228.95999999999998,0,0]
[7,229.01999999999998,0,0]
[6,229.07999999999998,0,0]
[7,229.14,0,0]
[2,229.2,0,0]
[1,229.26,0,0]
[0,229.32,0,0]
[1,229.38,0,0]
[5,229.44,0,0]
[4,229.49999999999997,0,0]
[3,229.55999999999997,0,0]
[4,229.61999999999998,0,0]
[8,229.67999999999998,0,0]
[7,229.73999999999998,0,0]
[6,229.79999999999998,0,0]
[7,229.85999999999999,0,0]
[2,229.92,0,0]
[1,229.98,0,0]
[0,230.04,0,0]
[1,230.1,0,0]
[5,230.16,0,0]
[4,230.21999999999997,0,0]
[3,230.27999999999997,0,0]
[4,230.33999999999997,0,0]
[8,230.39999999999998,0,0]
[6,230.45999999999998,0,0]
[8,230.51999999999998,0,0]
[6,230.57999999999998,0,0]
[8,230.64,0,0]
[6,230.7,0,0]
[8,230.76,0,0]
[6,230.82,0,0]
[8,230.88,0,0]
[6,230.94,0,0]
[8,230.99999999999997,0,0]
[6,231.05999999999997,0,0]
[5,231.11999999999998,0,0]
[3,231.17999999999998,0,0]
[5,231.23999999999998,0,0]
[3,231.29999999999998,0,0]
[5,231.35999999999999,0,0]
[3,231.42,0,0]
[5,231.48,0,0]
[3,231.54,0,0]
[5,231.6,0,0]
[3,231.66,0,0]
[5,231.71999999999997,0,0]
[3,231.77999999999997,0,0]
[2,231.83999999999995,0,0]
[6,231.95999999999995,0,0]
[1,232.07999999999996,0,0]
[7,232.19999999999996,0,0]
[0,232.31999999999996,0,0]
[8,232.43999999999994,0,0]
[2,232.55999999999995,0,0]
[6,232.67999999999995,0,0]
[1,232.79999999999995,0,0]
[7,232.91999999999996,0,0]
[5,233.03999999999996,0,0]
[4,233.09999999999997,0,0]
[3,233.15999999999997,0,0]
[0,233.27999999999994,0,0]
[8,233.39999999999995,0,0]
[1,233.51999999999995,0,0]
[7,233.63999999999996,0,0]
[2,233.75999999999996,0,0]
[6,233.87999999999997,0,0]
[5,233.99999999999994,0,0]
[3,234.11999999999995,0,0]
[2,234.23999999999995,0,0]
[1,234.29999999999995,0,0]
[0,234.35999999999996,0,0]
[8,234.47999999999996,0,0]
[7,234.53999999999996,0,0]
[6,234.59999999999997,0,0]
[5,234.71999999999997,0,0]
[3,234.83999999999995,0,0]
[1,234.95999999999995,0,0]
[7,235.07999999999996,0,0]
[0,235.19999999999996,0,0]
[8,235.31999999999996,0,0]
[2,235.43999999999994,0,0]
[6,235.55999999999995,0,0]
[7,235.67999999999995,0,0]
[1,235.79999999999995,0,0]
[5,235.91999999999996,0,0]
[3,236.03999999999996,0,0]
[2,236.15999999999997,0,0]
[4,236.27999999999994,0,0]
[6,236.39999999999995,0,0]
[7,236.51999999999995,0,0]
[8,236.63999999999996,0,0]
[4,236.75999999999996,0,0]
[0,236.87999999999997,0,0]
[1,236.99999999999994,0,0]
[5,237.11999999999995,0,0]
[4,237.17999999999995,0,0]
[6,237.23999999999995,0,0]
[7,237.29999999999995,0,0]
[2,237.35999999999996,0,0]
[1,237.41999999999996,0,0]
[3,237.48,0,0]
[4,237.53999999999996,0,0]
[8,237.59999999999997,0,0]
[0,237.83999999999995,0,0]
[6,237.95999999999995,0,0]
[1,238.07999999999996,0,0]
[7,238.19999999999996,0,0]
[2,238.31999999999996,0,0]
[8,238.43999999999994,0,0]
[1,238.55999999999995,0,0]
[6,238.67999999999995,0,0]
[2,238.79999999999995,0,0]
[0,238.91999999999996,0,0]
[5,239.03999999999996,0,0]
[3,239.15999999999997,0,0]
[8,239.27999999999994,0,0]
[6,239.39999999999995,0,0]
[5,239.51999999999995,0,0]
[1,239.63999999999996,0,0]
[3,239.75999999999996,0,0]
[7,239.87999999999994,0,0]
[2,239.99999999999994,0,0]
[1,240.05999999999995,0,0]
[0,240.11999999999995,0,0]
[1,240.17999999999995,0,0]
[5,240.23999999999995,0,0]
[4,240.29999999999995,0,0]
[3,240.35999999999996,0,0]
[4,240.41999999999996,0,0]
[7,240.47999999999996,0,0]
[3,240.71999999999997,0,0]
[5,240.83999999999995,0,0]
[0,240.95999999999995,0,0]
[8,241.07999999999996,0,0]
[1,241.19999999999996,0,0]
[7,241.31999999999996,0,0]
[2,241.43999999999994,0,0]
[6,241.55999999999997,0,0]
[8,241.67999999999995,0,0]
[7,241.73999999999995,0,0]
[6,241.79999999999995,0,0]
[5,241.91999999999996,0,0]
[3,241.97999999999996,0,0]
[5,242.03999999999996,0,0]
[3,242.09999999999997,0,0]
[5,242.15999999999997,0,0]
[3,242.21999999999997,0,0]
[8,242.27999999999994,0,0]
[6,242.33999999999995,0,0]
[8,242.39999999999995,0,0]
[6,242.45999999999995,0,0]
[8,242.51999999999995,0,0]
[6,242.57999999999996,0,0]
[2,242.63999999999996,0,0]
[1,242.69999999999996,0,0]
[0,242.75999999999996,0,0]
[1,242.81999999999996,0,0]
[5,242.87999999999994,0,0]
[4,242.93999999999994,0,0]
[3,242.99999999999994,0,0]
[4,243.05999999999995,0,0]
[8,243.11999999999995,0,0]
[7,243.17999999999995,0,0]
[6,243.23999999999995,0,0]
[7,243.29999999999995,0,0]
[1,243.35999999999996,0,0]
[2,243.35999999999996,0,0]
[4,243.47999999999996,0,0]
[3,243.53999999999996,0,0]
[4,243.59999999999997,0,0]
[3,243.65999999999997,0,0]
[4,243.71999999999997,0,0]
[3,243.77999999999994,0,0]
[4,243.83999999999995,0,0]
[3,243.89999999999995,0,0]
[4,243.95999999999995,0,0]
[3,244.01999999999995,0,0]
[8,244.07999999999996,0,0]
[7,244.13999999999996,0,0]
[6,244.19999999999996,0,0]
[5,244.31999999999996,0,0]
[4,244.37999999999994,0,0]
[5,244.43999999999994,0,0]
[4,244.49999999999994,0,0]
[5,244.55999999999995,0,0]
[4,244.61999999999995,0,0]
[5,244.67999999999995,0,0]
[4,244.73999999999995,0,0]
[2,244.79999999999995,0,0]
[1,244.85999999999996,0,0]
[0,244.91999999999996,0,0]
[4,245.03999999999996,0,0]
[3,245.09999999999997,0,0]
[4,245.15999999999997,0,0]
[3,245.21999999999997,0,0]
[4,245.27999999999994,0,0]
[3,245.33999999999995,0,0]
[4,245.39999999999995,0,0]
[3,245.45999999999995,0,0]
[8,245.51999999999995,0,0]
[7,245.57999999999996,0,0]
[6,245.63999999999996,0,0]
[5,245.75999999999996,0,0]
[3,245.81999999999994,0,0]
[5,245.87999999999994,0,0]
[3,245.93999999999994,0,0]
[5,245.99999999999994,0,0]
[3,246.05999999999995,0,0]
[5,246.11999999999995,0,0]
[3,246.17999999999995,0,0]
[2,246.23999999999995,0,0]
[1,246.29999999999995,0,0]
[0,246.35999999999996,0,0]
[4,246.47999999999996,0,0]
[3,246.53999999999996,0,0]
[4,246.59999999999997,0,0]
[3,246.65999999999997,0,0]
[4,246.71999999999997,0,0]
[3,246.77999999999994,0,0]
[4,246.83999999999995,0,0]
[3,246.89999999999995,0,0]
[8,246.95999999999995,0,0]
[7,247.01999999999995,0,0]
[6,247.07999999999996,0,0]
[5,247.19999999999996,0,0]
[4,247.25999999999996,0,0]
[5,247.31999999999994,0,0]
[4,247.37999999999994,0,0]
[5,247.43999999999994,0,0]
[4,247.49999999999994,0,0]
[5,247.55999999999995,0,0]
[4,247.61999999999995,0,0]
[2,247.67999999999995,0,0]
[1,247.73999999999995,0,0]
[0,247.79999999999995,0,0]
[4,247.91999999999996,0,0]
[3,247.97999999999996,0,0]
[4,248.03999999999996,0,0]
[3,248.09999999999997,0,0]
[4,248.15999999999997,0,0]
[3,248.21999999999997,0,0]
[4,248.27999999999994,0,0]
[3,248.33999999999995,0,0]
[2,248.39999999999995,0,0]
[1,248.45999999999995,0,0]
[0,248.51999999999995,0,0]
[1,248.57999999999996,0,0]
[5,248.63999999999996,0,0]
[4,248.69999999999996,0,0]
[6,248.75999999999996,0,0]
[7,248.81999999999994,0,0]
[2,248.87999999999994,0,0]
[1,248.93999999999994,0,0]
[3,248.99999999999994,0,0]
[4,249.05999999999995,0,0]
[8,249.11999999999995,0,0]
[5,249.35999999999996,0,0]
[4,249.41999999999996,0,0]
[5,249.47999999999996,0,0]
[4,249.53999999999996,0,0]
[5,249.59999999999997,0,0]
[4,249.65999999999997,0,0]
[5,249.71999999999997,0,0]
[4,249.77999999999994,0,0]
[2,249.83999999999995,0,0]
[1,249.89999999999995,0,0]
[0,249.95999999999995,0,0]
[4,250.07999999999996,0,0]
[3,250.13999999999996,0,0]
[4,250.19999999999996,0,0]
[3,250.25999999999996,0,0]
[4,250.31999999999994,0,0]
[3,250.37999999999994,0,0]
[4,250.43999999999994,0,0]
[3,250.49999999999994,0,0]
[8,250.55999999999995,0,0]
[7,250.61999999999995,0,0]
[6,250.67999999999995,0,0]
[5,250.79999999999995,0,0]
[4,250.85999999999996,0,0]
[5,250.91999999999996,0,0]
[4,250.97999999999996,0,0]
[5,251.03999999999996,0,0]
[4,251.09999999999997,0,0]
[5,251.15999999999997,0,0]
[4,251.21999999999997,0,0]
[2,251.27999999999994,0,0]
[1,251.33999999999995,0,0]
[0,251.39999999999995,0,0]
[8,251.51999999999995,0,0]
[7,251.57999999999996,0,0]
[6,251.63999999999996,0,0]
[7,251.69999999999996,0,0]
[5,251.75999999999996,0,0]
[4,251.81999999999994,0,0]
[3,251.87999999999994,0,0]
[4,251.93999999999994,0,0]
[2,251.99999999999994,0,0]
[8,252.23999999999998,0,0]
[7,252.29999999999998,0,0]
[6,252.35999999999999,0,0]
[7,252.42,0,0]
[5,252.48,0,0]
[4,252.54,0,0]
[3,252.59999999999997,0,0]
[4,252.65999999999997,0,0]
[2,252.71999999999997,0,0]
[0,252.77999999999997,0,0]
[2,252.83999999999997,0,0]
[0,252.89999999999998,0,0]
[5,252.95999999999998,0,0]
[3,253.01999999999998,0,0]
[5,253.07999999999998,0,0]
[3,253.14,0,0]
[8,253.2,0,0]
[6,253.26,0,0]
[8,253.32,0,0]
[6,253.38,0,0]
[1,253.43999999999994,0,0]
[2,253.43999999999994,0,0]
[8,253.67999999999995,0,0]
[7,253.73999999999995,0,0]
[6,253.79999999999995,0,0]
[7,253.85999999999996,0,0]
[5,253.91999999999996,0,0]
[4,253.97999999999996,0,0]
[3,254.03999999999996,0,0]
[4,254.09999999999997,0,0]
[1,254.15999999999997,0,0]
[2,254.15999999999997,0,0]
[8,254.39999999999995,0,0]
[6,254.45999999999995,0,0]
[8,254.51999999999995,0,0]
[6,254.57999999999996,0,0]
[5,254.63999999999996,0,0]
[3,254.69999999999996,0,0]
[5,254.75999999999996,0,0]
[3,254.81999999999994,0,0]
[1,254.87999999999994,0,0]
[2,254.87999999999994,0,0]
[8,255.11999999999995,0,0]
[7,255.17999999999995,0,0]
[3,255.23999999999995,0,0]
[4,255.29999999999995,0,0]
[5,255.35999999999996,0,0]
[4,255.41999999999996,0,0]
[6,255.47999999999996,0,0]
[7,255.53999999999996,0,0]
[1,255.59999999999997,0,0]
[2,255.59999999999997,0,0]
[4,255.83999999999995,0,0]
[3,255.83999999999995,0,0]
[7,256.0799999999999,0,0]
[8,256.0799999999999,0,0]
[2,256.31999999999994,0,0]
[1,256.31999999999994,0,0]
[7,256.55999999999995,0,0]
[6,256.61999999999995,0,0]
[7,256.67999999999995,0,0]
[6,256.73999999999995,0,0]
[5,256.79999999999995,0,0]
[4,256.85999999999996,0,0]
[5,256.91999999999996,0,0]
[4,256.97999999999996,0,0]
[2,257.03999999999996,0,0]
[1,257.03999999999996,0,0]
[5,257.28,0,0]
[4,257.34,0,0]
[6,257.4,0,0]
[7,257.4599999999999,0,0]
[8,257.52,0,0]
[7,257.5799999999999,0,0]
[3,257.63999999999993,0,0]
[4,257.69999999999993,0,0]
[1,257.75999999999993,0,0]
[2,257.75999999999993,0,0]
[8,257.99999999999994,0,0]
[7,258.05999999999995,0,0]
[8,258.11999999999995,0,0]
[7,258.17999999999995,0,0]
[4,258.23999999999995,0,0]
[3,258.29999999999995,0,0]
[4,258.35999999999996,0,0]
[3,258.41999999999996,0,0]
[1,258.47999999999996,0,0]
[2,258.47999999999996,0,0]
[4,258.71999999999997,0,0]
[3,258.71999999999997,0,0]
[7,258.9599999999999,0,0]
[8,258.9599999999999,0,0]
[2,259.19999999999993,0,0]
[1,259.19999999999993,0,0]
[8,259.43999999999994,0,0]
[7,259.49999999999994,0,0]
[6,259.55999999999995,0,0]
[7,259.61999999999995,0,0]
[5,259.67999999999995,0,0]
[4,259.73999999999995,0,0]
[3,259.79999999999995,0,0]
[4,259.85999999999996,0,0]
[1,259.91999999999996,0,0]
[2,259.91999999999996,0,0]
[8,260.15999999999997,0,0]
[6,260.21999999999997,0,0]
[8,260.28,0,0]
[6,260.34,0,0]
[5,260.4,0,0]
[4,260.4599999999999,0,0]
[3,260.52,0,0]
[0,260.63999999999993,0,0]
[1,260.63999999999993,0,0]
[2,260.63999999999993,0,0]
[4,260.87999999999994,0,0]
[3,260.87999999999994,0,0]
[5,260.87999999999994,0,0]
[8,261.11999999999995,0,0]
[7,261.11999999999995,0,0]
[6,261.11999999999995,0,0]
[3,261.35999999999996,0,0]
[0,261.35999999999996,0,0]
[2,261.35999999999996,0,0]
[5,261.35999999999996,0,0]
[8,262.0799999999999,0,0]
[6,262.13999999999993,0,0]
[8,262.19999999999993,0,0]
[6,262.25999999999993,0,0]
[8,262.31999999999994,0,0]
[6,262.37999999999994,0,0]
[8,262.43999999999994,0,0]
[6,262.49999999999994,0,0]
[8,262.55999999999995,0,0]
[6,262.61999999999995,0,0]
[8,262.67999999999995,0,0]
[6,262.73999999999995,0,0]
[5,262.79999999999995,0,0]
[3,262.85999999999996,0,0]
[5,262.91999999999996,0,0]
[3,262.97999999999996,0,0]
[5,263.03999999999996,0,0]
[3,263.09999999999997,0,0]
[5,263.15999999999997,0,0]
[3,263.21999999999997,0,0]
[5,263.28,0,0]
[3,263.34,0,0]
[5,263.4,0,0]
[3,263.4599999999999,0,0]
[2,263.52,0,0]
[0,263.5799999999999,0,0]
[2,263.63999999999993,0,0]
[0,263.69999999999993,0,0]
[2,263.75999999999993,0,0]
[0,263.81999999999994,0,0]
[2,263.87999999999994,0,0]
[0,263.93999999999994,0,0]
[2,263.99999999999994,0,0]
[0,264.05999999999995,0,0]
[2,264.11999999999995,0,0]
[0,264.17999999999995,0,0]
[8,264.23999999999995,0,0]
[7,264.29999999999995,0,0]
[6,264.35999999999996,0,0]
[7,264.41999999999996,0,0]
[5,264.47999999999996,0,0]
[4,264.53999999999996,0,0]
[3,264.59999999999997,0,0]
[4,264.65999999999997,0,0]
[2,264.71999999999997,0,0]
[1,264.78,0,0]
[0,264.84,0,0]
[1,264.9,0,0]
[8,264.9599999999999,0,0]
[6,265.02,0,0]
[8,265.0799999999999,0,0]
[6,265.13999999999993,0,0]
[8,265.19999999999993,0,0]
[6,265.25999999999993,0,0]
[8,265.31999999999994,0,0]
[6,265.37999999999994,0,0]
[8,265.43999999999994,0,0]
[6,265.49999999999994,0,0]
[8,265.55999999999995,0,0]
[6,265.61999999999995,0,0]
[5,265.67999999999995,0,0]
[3,265.73999999999995,0,0]
[5,265.79999999999995,0,0]
[3,265.85999999999996,0,0]
[5,265.91999999999996,0,0]
[3,265.97999999999996,0,0]
[5,266.03999999999996,0,0]
[3,266.09999999999997,0,0]
[5,266.15999999999997,0,0]
[3,266.21999999999997,0,0]
[5,266.28,0,0]
[3,266.34,0,0]
[2,266.4,0,0]
[1,266.4599999999999,0,0]
[0,266.52,0,0]
[1,266.5799999999999,0,0]
[5,266.63999999999993,0,0]
[4,266.69999999999993,0,0]
[3,266.75999999999993,0,0]
[4,266.81999999999994,0,0]
[8,266.87999999999994,0,0]
[7,266.93999999999994,0,0]
[6,266.99999999999994,0,0]
[7,267.05999999999995,0,0]
[1,267.11999999999995,0,0]
[0,267.17999999999995,0,0]
[1,267.23999999999995,0,0]
[0,267.29999999999995,0,0]
[4,267.35999999999996,0,0]
[3,267.41999999999996,0,0]
[4,267.47999999999996,0,0]
[3,267.53999999999996,0,0]
[7,267.59999999999997,0,0]
[6,267.65999999999997,0,0]
[7,267.71999999999997,0,0]
[6,267.78,0,0]
[2,267.84,0,0]
[0,267.9,0,0]
[2,267.9599999999999,0,0]
[0,268.02,0,0]
[2,268.0799999999999,0,0]
[0,268.13999999999993,0,0]
[2,268.19999999999993,0,0]
[0,268.25999999999993,0,0]
[2,268.31999999999994,0,0]
[0,268.37999999999994,0,0]
[2,268.43999999999994,0,0]
[0,268.49999999999994,0,0]
[5,268.55999999999995,0,0]
[3,268.61999999999995,0,0]
[5,268.67999999999995,0,0]
[3,268.73999999999995,0,0]
[8,268.79999999999995,0,0]
[7,268.85999999999996,0,0]
[6,268.91999999999996,0,0]
[7,268.97999999999996,0,0]
[2,269.03999999999996,0,0]
[1,269.09999999999997,0,0]
[0,269.15999999999997,0,0]
[1,269.21999999999997,0,0]
[5,269.28,0,0]
[4,269.34,0,0]
[3,269.4,0,0]
[4,269.4599999999999,0,0]
[2,269.52,0,0]
[0,269.5799999999999,0,0]
[2,269.63999999999993,0,0]
[0,269.69999999999993,0,0]
[2,269.75999999999993,0,0]
[0,269.81999999999994,0,0]
[2,269.87999999999994,0,0]
[0,269.93999999999994,0,0]
[8,269.99999999999994,0,0]
[7,270.05999999999995,0,0]
[3,270.11999999999995,0,0]
[4,270.17999999999995,0,0]
[2,270.23999999999995,0,0]
[1,270.29999999999995,0,0]
[6,270.35999999999996,0,0]
[7,270.41999999999996,0,0]
[5,270.47999999999996,0,0]
[4,270.53999999999996,0,0]
[0,270.59999999999997,0,0]
[1,270.65999999999997,0,0]
[8,270.71999999999997,0,0]
[6,270.78,0,0]
[8,270.84,0,0]
[6,270.9,0,0]
[8,270.9599999999999,0,0]
[6,271.02,0,0]
[8,271.0799999999999,0,0]
[6,271.13999999999993,0,0]
[8,271.19999999999993,0,0]
[6,271.25999999999993,0,0]
[8,271.31999999999994,0,0]
[6,271.37999999999994,0,0]
[5,271.43999999999994,0,0]
[3,271.49999999999994,0,0]
[5,271.55999999999995,0,0]
[3,271.61999999999995,0,0]
[5,271.67999999999995,0,0]
[3,271.73999999999995,0,0]
[5,271.79999999999995,0,0]
[3,271.85999999999996,0,0]
[5,271.91999999999996,0,0]
[3,271.97999999999996,0,0]
[5,272.03999999999996,0,0]
[3,272.09999999999997,0,0]
[2,272.15999999999997,0,0]
[1,272.21999999999997,0,0]
[0,272.28,0,0]
[1,272.3399999999999,0,0]
[5,272.4,0,0]
[4,272.4599999999999,0,0]
[3,272.52,0,0]
[4,272.5799999999999,0,0]
[8,272.64,0,0]
[7,272.69999999999993,0,0]
[6,272.75999999999993,0,0]
[7,272.81999999999994,0,0]
[2,272.87999999999994,0,0]
[1,272.93999999999994,0,0]
[0,272.99999999999994,0,0]
[1,273.05999999999995,0,0]
[5,273.11999999999995,0,0]
[4,273.17999999999995,0,0]
[3,273.23999999999995,0,0]
[4,273.29999999999995,0,0]
[8,273.35999999999996,0,0]
[7,273.41999999999996,0,0]
[6,273.47999999999996,0,0]
[7,273.53999999999996,0,0]
[2,273.59999999999997,0,0]
[1,273.65999999999997,0,0]
[0,273.71999999999997,0,0]
[1,273.78,0,0]
[5,273.8399999999999,0,0]
[3,273.9,0,0]
[5,273.9599999999999,0,0]
[3,274.02,0,0]
[5,274.0799999999999,0,0]
[3,274.14,0,0]
[5,274.19999999999993,0,0]
[3,274.25999999999993,0,0]
[8,274.31999999999994,0,0]
[6,274.37999999999994,0,0]
[8,274.43999999999994,0,0]
[6,274.49999999999994,0,0]
[8,274.55999999999995,0,0]
[6,274.61999999999995,0,0]
[8,274.67999999999995,0,0]
[6,274.73999999999995,0,0]
[8,274.79999999999995,0,0]
[6,274.85999999999996,0,0]
[8,274.91999999999996,0,0]
[6,274.97999999999996,0,0]
[5,275.03999999999996,0,0]
[3,275.09999999999997,0,0]
[5,275.15999999999997,0,0]
[3,275.21999999999997,0,0]
[5,275.28,0,0]
[3,275.3399999999999,0,0]
[5,275.4,0,0]
[3,275.4599999999999,0,0]
[5,275.52,0,0]
[3,275.5799999999999,0,0]
[5,275.64,0,0]
[3,275.69999999999993,0,0]
[2,275.75999999999993,0,0]
[1,275.81999999999994,0,0]
[0,275.87999999999994,0,0]
[1,275.93999999999994,0,0]
[5,275.99999999999994,0,0]
[4,276.05999999999995,0,0]
[3,276.11999999999995,0,0]
[4,276.17999999999995,0,0]
[8,276.23999999999995,0,0]
[7,276.29999999999995,0,0]
[6,276.35999999999996,0,0]
[7,276.41999999999996,0,0]
[2,276.47999999999996,0,0]
[1,276.53999999999996,0,0]
[0,276.59999999999997,0,0]
[1,276.65999999999997,0,0]
[5,276.71999999999997,0,0]
[3,276.78,0,0]
[5,276.8399999999999,0,0]
[3,276.9,0,0]
[5,276.9599999999999,0,0]
[3,277.02,0,0]
[5,277.0799999999999,0,0]
[3,277.14,0,0]
[8,277.19999999999993,0,0]
[6,277.25999999999993,0,0]
[8,277.31999999999994,0,0]
[6,277.37999999999994,0,0]
[8,277.43999999999994,0,0]
[6,277.49999999999994,0,0]
[8,277.55999999999995,0,0]
[6,277.61999999999995,0,0]
[8,277.67999999999995,0,0]
[6,277.73999999999995,0,0]
[8,277.79999999999995,0,0]
[6,277.85999999999996,0,0]
[5,277.91999999999996,0,0]
[3,277.97999999999996,0,0]
[5,278.03999999999996,0,0]
[3,278.09999999999997,0,0]
[2,278.15999999999997,0,0]
[1,278.21999999999997,0,0]
[0,278.28,0,0]
[1,278.3399999999999,0,0]
[8,278.4,0,0]
[7,278.4599999999999,0,0]
[6,278.52,0,0]
[7,278.5799999999999,0,0]
[5,278.64,0,0]
[4,278.69999999999993,0,0]
[3,278.75999999999993,0,0]
[4,278.81999999999994,0,0]
[8,278.87999999999994,0,0]
[7,278.93999999999994,0,0]
[6,278.99999999999994,0,0]
[7,279.05999999999995,0,0]
[2,279.11999999999995,0,0]
[1,279.17999999999995,0,0]
[0,279.23999999999995,0,0]
[1,279.29999999999995,0,0]
[8,279.35999999999996,0,0]
[6,279.41999999999996,0,0]
[8,279.47999999999996,0,0]
[6,279.53999999999996,0,0]
[8,279.59999999999997,0,0]
[6,279.65999999999997,0,0]
[8,279.71999999999997,0,0]
[6,279.78,0,0]
[8,279.8399999999999,0,0]
[6,279.9,0,0]
[8,279.9599999999999,0,0]
[6,280.02,0,0]
[5,280.0799999999999,0,0]
[3,280.14,0,0]
[5,280.19999999999993,0,0]
[3,280.25999999999993,0,0]
[5,280.31999999999994,0,0]
[3,280.37999999999994,0,0]
[5,280.43999999999994,0,0]
[3,280.49999999999994,0,0]
[5,280.55999999999995,0,0]
[3,280.61999999999995,0,0]
[5,280.67999999999995,0,0]
[3,280.73999999999995,0,0]
[2,280.79999999999995,0,0]
[0,280.85999999999996,0,0]
[2,280.91999999999996,0,0]
[0,280.97999999999996,0,0]
[2,281.03999999999996,0,0]
[0,281.09999999999997,0,0]
[2,281.15999999999997,0,0]
[0,281.21999999999997,0,0]
[2,281.28,0,0]
[0,281.3399999999999,0,0]
[2,281.4,0,0]
[0,281.4599999999999,0,0]
[8,281.52,0,0]
[7,281.5799999999999,0,0]
[6,281.64,0,0]
[7,281.69999999999993,0,0]
[5,281.75999999999993,0,0]
[4,281.81999999999994,0,0]
[3,281.87999999999994,0,0]
[4,281.93999999999994,0,0]
[2,281.99999999999994,0,0]
[1,282.05999999999995,0,0]
[0,282.11999999999995,0,0]
[1,282.17999999999995,0,0]
[8,282.23999999999995,0,0]
[6,282.29999999999995,0,0]
[8,282.35999999999996,0,0]
[6,282.41999999999996,0,0]
[8,282.47999999999996,0,0]
[6,282.53999999999996,0,0]
[8,282.59999999999997,0,0]
[6,282.65999999999997,0,0]
[8,282.71999999999997,0,0]
[6,282.78,0,0]
[8,282.8399999999999,0,0]
[6,282.9,0,0]
[5,282.9599999999999,0,0]
[3,283.02,0,0]
[5,283.0799999999999,0,0]
[3,283.14,0,0]
[5,283.19999999999993,0,0]
[3,283.25999999999993,0,0]
[5,283.31999999999994,0,0]
[3,283.37999999999994,0,0]
[5,283.43999999999994,0,0]
[3,283.49999999999994,0,0]
[5,283.55999999999995,0,0]
[3,283.61999999999995,0,0]
[2,283.67999999999995,0,0]
[0,283.73999999999995,0,0]
[2,283.79999999999995,0,0]
[0,283.85999999999996,0,0]
[2,283.91999999999996,0,0]
[0,283.97999999999996,0,0]
[2,284.03999999999996,0,0]
[0,284.09999999999997,0,0]
[2,284.15999999999997,0,0]
[0,284.21999999999997,0,0]
[2,284.28,0,0]
[0,284.3399999999999,0,0]
[8,284.4,0,0]
[7,284.4599999999999,0,0]
[6,284.52,0,0]
[7,284.5799999999999,0,0]
[2,284.64,0,0]
[1,284.69999999999993,0,0]
[2,284.75999999999993,0,0]
[1,284.81999999999994,0,0]
[5,284.87999999999994,0,0]
[4,284.93999999999994,0,0]
[5,284.99999999999994,0,0]
[4,285.05999999999995,0,0]
[8,285.11999999999995,0,0]
[7,285.17999999999995,0,0]
[8,285.23999999999995,0,0]
[7,285.29999999999995,0,0]
[1,285.35999999999996,0,0]
[0,285.41999999999996,0,0]
[1,285.47999999999996,0,0]
[0,285.53999999999996,0,0]
[1,285.59999999999997,0,0]
[0,285.65999999999997,0,0]
[1,285.71999999999997,0,0]
[0,285.78,0,0]
[5,285.8399999999999,0,0]
[4,285.9,0,0]
[5,285.9599999999999,0,0]
[4,286.02,0,0]
[5,286.0799999999999,0,0]
[4,286.14,0,0]
[5,286.19999999999993,0,0]
[4,286.25999999999993,0,0]
[5,286.31999999999994,0,0]
[4,286.37999999999994,0,0]
[5,286.43999999999994,0,0]
[4,286.49999999999994,0,0]
[7,286.55999999999995,0,0]
[6,286.61999999999995,0,0]
[7,286.67999999999995,0,0]
[6,286.73999999999995,0,0]
[7,286.79999999999995,0,0]
[6,286.85999999999996,0,0]
[7,286.91999999999996,0,0]
[6,286.97999999999996,0,0]
[7,287.03999999999996,0,0]
[6,287.09999999999997,0,0]
[7,287.15999999999997,0,0]
[6,287.21999999999997,0,0]
[2,287.28,0,0]
[1,287.34,0,0]
[0,287.4,0,0]
[1,287.46,0,0]
[8,287.52,0,0]
[7,287.58,0,0]
[6,287.64,0,0]
[7,287.7,0,0]
[5,287.76,0,0]
[4,287.82,0,0]
[3,287.88,0,0]
[4,287.94,0,0]
[1,288,0,0]
[2,288,0,0]
[7,288.12,0,0]
[6,288.18,0,0]
[7,288.24,0,0]
[6,288.3,0,0]
[7,288.36,0,0]
[6,288.42,0,0]
[4,288.48,0,0]
[3,288.48,0,0]
[1,288.6,0,0]
[0,288.6,0,0]
[7,288.72,0,0]
[8,288.72,0,0]
[2,288.84,0,0]
[1,288.9,0,0]
[2,288.96,0,0]
[1,289.02,0,0]
[2,289.08,0,0]
[1,289.14,0,0]
[5,289.2,0,0]
[4,289.2,0,0]
[7,289.32,0,0]
[8,289.32,0,0]
[1,289.44,0,0]
[0,289.44,0,0]
[5,289.56,0,0]
[4,289.62,0,0]
[6,289.68,0,0]
[7,289.74,0,0]
[5,289.8,0,0]
[4,289.86,0,0]
[6,289.92,0,0]
[7,289.98,0,0]
[5,290.04,0,0]
[4,290.1,0,0]
[3,290.16,0,0]
[0,290.16,0,0]
[4,290.4,0,0]
[7,290.4,0,0]
[5,290.64,0,0]
[2,290.64,0,0]
[1,290.88,0,0]
[0,290.88,0,0]
[8,291,0,0]
[7,291.06,0,0]
[8,291.12,0,0]
[7,291.18,0,0]
[8,291.24,0,0]
[7,291.3,0,0]
[5,291.36,0,0]
[4,291.36,0,0]
[2,291.48,0,0]
[1,291.48,0,0]
[7,291.6,0,0]
[6,291.6,0,0]
[1,291.72,0,0]
[0,291.78,0,0]
[1,291.84,0,0]
[0,291.9,0,0]
[1,291.96,0,0]
[0,292.02,0,0]
[4,292.08,0,0]
[3,292.08,0,0]
[7,292.2,0,0]
[6,292.2,0,0]
[1,292.32,0,0]
[2,292.32,0,0]
[8,292.56,0,0]
[7,292.62,0,0]
[6,292.68,0,0]
[7,292.74,0,0]
[5,292.8,0,0]
[4,292.86,0,0]
[3,292.92,0,0]
[4,292.98,0,0]
[1,293.04,0,0]
[2,293.04,0,0]
[5,293.28,0,0]
[3,293.34,0,0]
[5,293.4,0,0]
[3,293.46,0,0]
[8,293.52,0,0]
[6,293.58,0,0]
[8,293.64,0,0]
[6,293.7,0,0]
[2,293.76,0,0]
[1,293.76,0,0]
[7,293.88,0,0]
[6,293.94,0,0]
[7,294,0,0]
[6,294.06,0,0]
[7,294.12,0,0]
[6,294.18,0,0]
[4,294.24,0,0]
[3,294.24,0,0]
[0,294.36,0,0]
[1,294.36,0,0]
[8,294.48,0,0]
[7,294.48,0,0]
[2,294.6,0,0]
[1,294.66,0,0]
[2,294.72,0,0]
[1,294.78,0,0]
[2,294.84,0,0]
[1,294.9,0,0]
[5,294.96,0,0]
[4,294.96,0,0]
[7,295.08,0,0]
[8,295.08,0,0]
[1,295.2,0,0]
[0,295.2,0,0]
[5,295.32,0,0]
[4,295.38,0,0]
[6,295.44,0,0]
[7,295.5,0,0]
[5,295.56,0,0]
[4,295.62,0,0]
[6,295.68,0,0]
[7,295.74,0,0]
[5,295.8,0,0]
[4,295.86,0,0]
[0,295.92,0,0]
[3,295.92,0,0]
[4,296.16,0,0]
[7,296.16,0,0]
[5,296.4,0,0]
[2,296.4,0,0]
[8,296.64,0,0]
[7,296.7,0,0]
[6,296.76,0,0]
[7,296.82,0,0]
[5,296.88,0,0]
[4,296.94,0,0]
[3,297,0,0]
[4,297.06,0,0]
[2,297.12,0,0]
[0,297.18,0,0]
[2,297.24,0,0]
[0,297.3,0,0]
[8,297.36,0,0]
[6,297.42,0,0]
[8,297.48,0,0]
[6,297.54,0,0]
[5,297.6,0,0]
[4,297.66,0,0]
[3,297.72,0,0]
[4,297.78,0,0]
[2,297.84,0,0]
[1,297.9,0,0]
[0,297.96,0,0]
[1,298.02,0,0]
[8,298.08,0,0]
[7,298.14,0,0]
[3,298.2,0,0]
[4,298.26,0,0]
[2,298.32,0,0]
[1,298.38,0,0]
[6,298.44,0,0]
[7,298.5,0,0]
[5,298.56,0,0]
[4,298.62,0,0]
[0,298.68,0,0]
[1,298.74,0,0]
[8,298.8,0,0]
[7,298.86,0,0]
[3,298.92,0,0]
[4,298.98,0,0]
[2,299.04,0,0]
[1,299.1,0,0]
[6,299.16,0,0]
[7,299.22,0,0]
[5,299.28,0,0]
[3,299.34,0,0]
[5,299.4,0,0]
[3,299.46,0,0]
[1,299.52,0,0]
[2,299.52,0,0]
[7,299.64,0,0]
[6,299.7,0,0]
[7,299.76,0,0]
[6,299.82,0,0]
[7,299.88,0,0]
[6,299.94,0,0]
[4,300,0,0]
[3,300,0,0]
[0,300.12,0,0]
[1,300.12,0,0]
[7,300.24,0,0]
[8,300.24,0,0]
[2,300.36,0,0]
[1,300.42,0,0]
[2,300.48,0,0]
[1,300.54,0,0]
[2,300.6,0,0]
[1,300.65999999999997,0,0]
[5,300.72,0,0]
[4,300.72,0,0]
[7,300.84,0,0]
[8,300.84,0,0]
[1,300.96,0,0]
[0,300.96,0,0]
[5,301.08,0,0]
[4,301.14,0,0]
[6,301.2,0,0]
[7,301.26,0,0]
[5,301.32,0,0]
[4,301.38,0,0]
[6,301.44,0,0]
[7,301.5,0,0]
[5,301.56,0,0]
[4,301.62,0,0]
[3,301.68,0,0]
[0,301.68,0,0]
[4,301.92,0,0]
[7,301.92,0,0]
[5,302.15999999999997,0,0]
[2,302.15999999999997,0,0]
[1,302.4,0,0]
[0,302.4,0,0]
[8,302.52,0,0]
[7,302.58,0,0]
[8,302.64,0,0]
[7,302.7,0,0]
[8,302.76,0,0]
[7,302.82,0,0]
[5,302.88,0,0]
[4,302.88,0,0]
[1,303,0,0]
[2,303,0,0]
[7,303.12,0,0]
[6,303.12,0,0]
[1,303.24,0,0]
[0,303.3,0,0]
[1,303.36,0,0]
[0,303.42,0,0]
[1,303.48,0,0]
[0,303.54,0,0]
[4,303.6,0,0]
[3,303.6,0,0]
[7,303.72,0,0]
[6,303.72,0,0]
[1,303.84,0,0]
[2,303.84,0,0]
[8,304.08,0,0]
[7,304.14,0,0]
[6,304.2,0,0]
[7,304.26,0,0]
[5,304.32,0,0]
[4,304.38,0,0]
[3,304.44,0,0]
[4,304.5,0,0]
[1,304.56,0,0]
[2,304.56,0,0]
[5,304.8,0,0]
[3,304.86,0,0]
[5,304.92,0,0]
[3,304.98,0,0]
[8,305.04,0,0]
[6,305.1,0,0]
[8,305.15999999999997,0,0]
[6,305.21999999999997,0,0]
[1,305.28,0,0]
[2,305.28,0,0]
[7,305.4,0,0]
[6,305.46,0,0]
[7,305.52,0,0]
[6,305.58,0,0]
[7,305.64,0,0]
[6,305.7,0,0]
[4,305.76,0,0]
[3,305.76,0,0]
[0,305.88,0,0]
[1,305.88,0,0]
[7,306,0,0]
[8,306,0,0]
[2,306.12,0,0]
[1,306.18,0,0]
[2,306.24,0,0]
[1,306.3,0,0]
[2,306.36,0,0]
[1,306.42,0,0]
[5,306.48,0,0]
[4,306.48,0,0]
[7,306.6,0,0]
[8,306.6,0,0]
[1,306.71999999999997,0,0]
[0,306.71999999999997,0,0]
[5,306.84,0,0]
[4,306.9,0,0]
[6,306.96,0,0]
[7,307.02,0,0]
[5,307.08,0,0]
[4,307.14,0,0]
[6,307.2,0,0]
[7,307.26,0,0]
[5,307.32,0,0]
[4,307.38,0,0]
[3,307.44,0,0]
[0,307.44,0,0]
[4,307.68,0,0]
[7,307.68,0,0]
[5,307.92,0,0]
[2,307.92,0,0]
[8,308.16,0,0]
[7,308.22,0,0]
[6,308.28,0,0]
[7,308.34,0,0]
[5,308.4,0,0]
[4,308.46,0,0]
[3,308.52,0,0]
[4,308.58,0,0]
[2,308.64,0,0]
[0,308.7,0,0]
[2,308.76,0,0]
[0,308.82,0,0]
[8,308.88,0,0]
[6,308.94,0,0]
[8,309,0,0]
[6,309.06,0,0]
[5,309.12,0,0]
[4,309.18,0,0]
[3,309.24,0,0]
[4,309.3,0,0]
[2,309.36,0,0]
[1,309.42,0,0]
[0,309.48,0,0]
[1,309.54,0,0]
[8,309.6,0,0]
[7,309.66,0,0]
[3,309.72,0,0]
[4,309.78,0,0]
[2,309.84,0,0]
[1,309.9,0,0]
[6,309.96,0,0]
[7,310.02,0,0]
[5,310.08,0,0]
[4,310.14,0,0]
[0,310.2,0,0]
[1,310.26,0,0]
[8,310.32,0,0]
[7,310.38,0,0]
[3,310.44,0,0]
[4,310.5,0,0]
[2,310.56,0,0]
[1,310.62,0,0]
[6,310.68,0,0]
[7,310.74,0,0]
[5,310.8,0,0]
[3,310.86,0,0]
[5,310.92,0,0]
[3,310.98,0,0]
[2,311.04,0,0]
[1,311.04,0,0]
[6,311.28,0,0]
[7,311.28,0,0]
[8,311.28,0,0]
