[4,0.3125,1,0.3125]
[6,0.625,1,0.625]
[7,1.25,1,0.625]
[8,1.875,1,0.625]
[0,2.5,1,0.625]
[1,3.125,1,0.625]
[2,3.75,1,0.625]
[0,4.375,0,0]
[1,4.375,0,0]
[3,4.6875,0,0]
[4,4.6875,0,0]
[6,5,0,0]
[7,5,0,0]
[0,5.625,1,0.625]
[1,6.25,1,0.625]
[2,6.875,1,0.625]
[4,7.5,1,0.625]
[6,8.125,1,0.625]
[8,8.125,1,0.625]
[3,8.75,1,0.625]
[5,8.75,1,0.625]
[0,9.375,1,0.625]
[2,9.375,1,0.625]
[3,10,0,0]
[5,10,0,0]
[0,10.625,1,0.625]
[2,11.25,1,0.625]
[6,11.71875,0,0]
[7,11.875,0,0]
[8,12.03125,0,0]
[4,12.1875,1,0.3125]
[2,12.5,0,0]
[0,12.5,0,0]
[6,12.96875,0,0]
[7,13.125,1,0.3125]
[8,13.4375,1,0.3125]
[0,13.75,0,0]
[1,13.90625,0,0]
[2,14.0625,1,0.3125]
[3,14.375,1,0.3125]
[4,14.6875,1,0.3125]
[5,15,1,0.3125]
[6,15.625,1,0.625]
[8,16.25,1,0.3125]
[0,16.5625,0,0]
[1,16.71875,0,0]
[2,16.875,0,0]
[3,17.03125,0,0]
[5,17.03125,0,0]
[4,17.1875,1,0.3125]
[6,17.5,1,0.3125]
[8,17.5,1,0.3125]
[1,17.8125,1,0.3125]
[3,18.125,1,0.3125]
[4,18.4375,1,0.3125]
[5,18.75,1,0.3125]
[6,19.0625,1,0.3125]
[8,19.375,1,0.625]
[1,20.3125,1,0.3125]
[8,20.625,1,0.625]
[7,21.25,1,0.625]
[6,21.875,1,0.625]
[2,22.5,1,0.625]
[1,23.125,1,0.625]
[0,23.75,1,0.625]
[1,24.375,0,0]
[2,24.375,0,0]
[4,24.6875,0,0]
[5,24.6875,0,0]
[7,25,0,0]
[8,25,0,0]
[6,25.625,1,0.625]
[7,26.25,1,0.625]
[8,26.875,1,0.625]
[4,27.5,1,0.625]
[0,28.125,1,0.625]
[2,28.125,1,0.625]
[3,28.75,1,0.625]
[5,28.75,1,0.625]
[6,29.375,1,0.625]
[8,29.375,1,0.625]
[3,30,0,0]
[5,30,0,0]
[0,30.625,1,0.625]
[2,31.25,1,0.625]
[6,31.71875,0,0]
[7,31.875,0,0]
[8,32.03125,0,0]
[4,32.1875,1,0.3125]
[0,32.5,0,0]
[2,32.5,0,0]
[6,32.96875,0,0]
[7,33.125,1,0.3125]
[8,33.4375,1,0.3125]
[0,33.75,0,0]
[1,33.90625,0,0]
[2,34.0625,1,0.3125]
[3,34.375,1,0.3125]
[4,34.6875,1,0.3125]
[5,35,1,0.3125]
[6,35.625,1,0.625]
[8,36.25,1,0.3125]
[0,36.5625,0,0]
[1,36.71875,0,0]
[2,36.875,0,0]
[3,37.03125,0,0]
[5,37.03125,0,0]
[4,37.1875,1,0.3125]
[6,37.5,1,0.3125]
[8,37.5,1,0.3125]
[1,37.8125,1,0.3125]
[3,38.125,1,0.3125]
[4,38.4375,1,0.3125]
[5,38.75,1,0.3125]
[6,39.0625,1,0.3125]
[8,39.375,1,0.625]
[7,40.3125,1,0.3125]
[0,40.625,1,0.625]
[1,41.25,1,0.625]
[2,41.875,1,0.625]
[6,42.5,1,0.625]
[7,43.125,1,0.625]
[8,43.75,1,0.625]
[6,44.375,0,0]
[7,44.375,0,0]
[3,44.6875,0,0]
[4,44.6875,0,0]
[0,45,0,0]
[1,45,0,0]
[8,45.625,1,0.625]
[7,46.25,1,0.625]
[6,46.875,1,0.625]
[4,47.5,1,0.625]
[2,48.125,1,0.625]
[0,48.125,1,0.625]
[3,48.75,1,0.625]
[5,48.75,1,0.625]
[8,49.375,1,0.625]
[6,49.375,1,0.625]
[3,50,0,0]
[5,50,0,0]
[0,50.625,1,0.625]
[2,51.25,1,0.625]
[6,51.71875,0,0]
[7,51.875,0,0]
[8,52.03125,0,0]
[4,52.1875,1,0.3125]
[0,52.5,0,0]
[2,52.5,0,0]
[6,52.96875,0,0]
[7,53.125,1,0.3125]
[8,53.4375,1,0.3125]
[0,53.75,0,0]
[1,53.90625,0,0]
[2,54.0625,1,0.3125]
[3,54.375,1,0.3125]
[4,54.6875,1,0.3125]
[5,55,1,0.3125]
[6,55.625,1,0.625]
[8,56.25,1,0.3125]
[0,56.5625,0,0]
[1,56.71875,0,0]
[2,56.875,0,0]
[5,57.03125,0,0]
[3,57.03125,0,0]
[4,57.1875,1,0.3125]
[8,57.5,1,0.3125]
[6,57.5,1,0.3125]
[1,57.8125,1,0.3125]
[3,58.125,1,0.3125]
[4,58.4375,1,0.3125]
[5,58.75,1,0.3125]
[6,59.0625,1,0.3125]
[8,59.375,1,0.625]
[4,60.3125,1,0.3125]
[0,60.625,1,0.625]
[4,61.25,1,0.625]
[8,61.875,1,0.625]
[6,62.5,1,0.625]
[4,63.125,1,0.625]
[2,63.75,1,0.625]
[0,64.375,0,0]
[1,64.375,0,0]
[3,64.6875,0,0]
[4,64.6875,0,0]
[6,65,0,0]
[7,65,0,0]
[0,65.625,1,0.625]
[1,66.25,1,0.625]
[2,66.875,1,0.625]
[4,67.5,1,0.625]
[6,68.125,1,0.625]
[8,68.125,1,0.625]
[3,68.75,1,0.625]
[5,68.75,1,0.625]
[0,69.375,1,0.625]
[2,69.375,1,0.625]
[3,70,0,0]
[5,70,0,0]
[0,70.625,1,0.625]
[2,71.25,1,0.625]
[6,71.71875,0,0]
[7,71.875,0,0]
[8,72.03125,0,0]
[4,72.1875,1,0.3125]
[0,72.5,0,0]
[2,72.5,0,0]
[6,72.96875,0,0]
[7,73.125,1,0.3125]
[8,73.4375,1,0.3125]
[0,73.75,0,0]
[1,73.90625,0,0]
[2,74.0625,1,0.3125]
[3,74.375,1,0.3125]
[4,74.6875,1,0.3125]
[5,75,1,0.3125]
[6,75.625,1,0.625]
[8,76.25,1,0.3125]
[0,76.5625,0,0]
[1,76.71875,0,0]
[2,76.875,0,0]
[5,77.03125,0,0]
[3,77.03125,0,0]
[4,77.1875,1,0.3125]
[8,77.5,1,0.3125]
[6,77.5,1,0.3125]
[1,77.8125,1,0.3125]
[3,78.125,1,0.3125]
[4,78.4375,1,0.3125]
[5,78.75,1,0.3125]
[6,79.0625,1,0.3125]
[8,79.375,1,0.625]
[4,80.3125,1,0.3125]
[8,80.625,1,0.625]
[7,81.25,1,0.625]
[6,81.875,1,0.625]
[2,82.5,1,0.625]
[1,83.125,1,0.625]
[0,83.75,1,0.625]
[1,84.375,0,0]
[2,84.375,0,0]
[4,84.6875,0,0]
[5,84.6875,0,0]
[8,85,0,0]
[7,85,0,0]
[0,85.625,1,0.625]
[1,86.25,1,0.625]
[2,86.875,1,0.625]
[4,87.5,1,0.625]
[6,88.125,1,0.625]
[8,88.125,1,0.625]
[3,88.75,1,0.625]
[5,88.75,1,0.625]
[0,89.375,1,0.625]
[2,89.375,1,0.625]
[3,90,0,0]
[5,90,0,0]
[0,90.625,1,0.625]
[2,91.25,1,0.625]
[6,91.71875,0,0]
[7,91.875,0,0]
[8,92.03125,0,0]
[4,92.1875,1,0.3125]
[0,92.5,0,0]
[2,92.5,0,0]
[6,92.96875,0,0]
[7,93.125,1,0.3125]
[8,93.4375,1,0.3125]
[0,93.75,0,0]
[1,93.90625,0,0]
[2,94.0625,1,0.3125]
[3,94.375,1,0.3125]
[4,94.6875,1,0.3125]
[5,95,1,0.3125]
[6,95.625,1,0.625]
[8,96.25,1,0.3125]
[0,96.5625,0,0]
[1,96.71875,0,0]
[2,96.875,0,0]
[5,97.03125,0,0]
[3,97.03125,0,0]
[4,97.1875,1,0.3125]
[8,97.5,1,0.3125]
[6,97.5,1,0.3125]
[1,97.8125,1,0.3125]
[3,98.125,1,0.3125]
[4,98.4375,1,0.3125]
[5,98.75,1,0.3125]
[6,99.0625,1,0.3125]
[8,99.375,1,0.625]
[4,100.3125,1,0.3125]
[6,100.625,1,1.25]
[8,101.875,1,1.25]
[1,103.125,1,1.25]
[6,104.375,0,0]
[8,104.375,0,0]
[3,104.6875,0,0]
[5,104.6875,0,0]
[0,105,0,0]
[2,105,0,0]
[0,105.625,1,1.25]
[2,106.875,1,1.25]
[6,108.125,1,0.625]
[8,108.125,1,0.625]
[3,108.75,1,0.625]
[5,108.75,1,0.625]
[0,109.375,1,0.625]
[2,109.375,1,0.625]
[3,110,0,0]
[5,110,0,0]
[0,110.625,1,0.625]
[2,111.25,1,0.625]
[6,111.71875,0,0]
[7,111.875,0,0]
[8,112.03125,0,0]
[4,112.1875,1,0.3125]
[0,112.5,0,0]
[2,112.5,0,0]
[6,112.96875,0,0]
[7,113.125,1,0.3125]
[8,113.4375,1,0.3125]
[0,113.75,0,0]
[1,113.90625,0,0]
[2,114.0625,1,0.3125]
[3,114.375,1,0.3125]
[4,114.6875,1,0.3125]
[5,115,1,0.3125]
[6,115.625,1,0.625]
[8,116.25,1,0.3125]
[0,116.5625,0,0]
[1,116.71875,0,0]
[2,116.875,0,0]
[5,117.03125,0,0]
[3,117.03125,0,0]
[4,117.1875,1,0.3125]
[8,117.5,1,0.3125]
[6,117.5,1,0.3125]
[1,117.8125,1,0.3125]
[3,118.125,1,0.3125]
[4,118.4375,1,0.3125]
[5,118.75,1,0.3125]
[6,119.0625,1,0.3125]
[8,119.375,1,0.625]
[0,120.625,1,0.625]
[2,121.25,1,0.625]
[6,121.71875,0,0]
[7,121.875,0,0]
[8,122.03125,0,0]
[4,122.1875,1,0.3125]
[0,122.5,0,0]
[2,122.5,0,0]
[6,122.96875,0,0]
[7,123.125,1,0.3125]
[8,123.4375,1,0.3125]
[0,123.75,0,0]
[1,123.90625,0,0]
[2,124.0625,1,0.3125]
[3,124.375,1,0.3125]
[4,124.6875,1,0.3125]
[5,125,1,0.3125]
[6,125.625,1,0.625]
[8,126.25,1,0.3125]
[0,126.5625,0,0]
[1,126.71875,0,0]
[2,126.875,0,0]
[5,127.03125,0,0]
[3,127.03125,0,0]
[4,127.1875,1,0.3125]
[8,127.5,1,0.3125]
[6,127.5,1,0.3125]
[1,127.8125,1,0.3125]
[3,128.125,1,0.3125]
[4,128.4375,1,0.3125]
[5,128.75,1,0.3125]
[6,129.0625,1,0.3125]
[8,129.375,1,0.625]