[2,0,0,0.5825242718446603]
[7,0,0,0.5825242718446603]
[5,0.5825242718446603,0,0.5825242718446603]
[3,0.5825242718446603,0,0.5825242718446603]
[8,1.1650485436893205,0,0.5825242718446603]
[0,1.1650485436893205,0,0.5825242718446603]
[2,1.7475728155339807,0,0.5825242718446603]
[0,1.7475728155339807,1,1.1650485436893205]
[5,2.330097087378641,0,0.5825242718446603]
[8,2.912621359223301,0,0.5825242718446603]
[0,3.4951456310679614,0,0.5825242718446603]
[7,3.4951456310679614,0,1.1650485436893205]
[3,4.077669902912621,0,0.5825242718446603]
[5,4.077669902912621,0,1.1650485436893205]
[6,4.660194174757282,0,0.5825242718446603]
[2,4.660194174757282,0,1.1650485436893205]
[0,5.242718446601942,0,0.5825242718446603]
[2,5.242718446601942,1,1.1650485436893205]
[3,5.825242718446602,0,0.5825242718446603]
[6,6.407766990291263,0,0.5825242718446603]
[0,6.990291262135923,0,0.5825242718446603]
[8,6.990291262135923,0,1.1650485436893205]
[6,7.572815533980583,0,0.5825242718446603]
[4,7.572815533980583,0,1.1650485436893205]
[3,8.155339805825243,0,0.5825242718446603]
[2,8.155339805825243,0,1.1650485436893205]
[0,8.737864077669903,0,0.5825242718446603]
[2,8.737864077669903,1,1.1650485436893205]
[6,9.320388349514564,0,0.5825242718446603]
[3,9.902912621359224,0,0.5825242718446603]
[2,10.485436893203884,0,0.5825242718446603]
[6,10.485436893203884,0,1.1650485436893205]
[8,11.067961165048544,0,0.5825242718446603]
[4,11.067961165048544,0,1.1650485436893205]
[5,11.650485436893204,0,0.5825242718446603]
[0,11.650485436893204,0,1.1650485436893205]
[2,12.233009708737864,0,0.5825242718446603]
[0,12.233009708737864,1,1.1650485436893205]
[8,12.815533980582526,0,0.5825242718446603]
[5,13.398058252427186,0,0.5825242718446603]
[0,13.9623786407767,0,0.5825242718446603]
[8,13.9623786407767,0,0.5825242718446603]
[3,14.54490291262136,0,0.5825242718446603]
[5,14.54490291262136,0,1.1650485436893205]
[6,15.12742718446602,0,0.5825242718446603]
[2,15.12742718446602,0,1.1650485436893205]
[0,15.70995145631068,0,0.5825242718446603]
[2,15.70995145631068,1,1.1650485436893203]
[3,16.29247572815534,0,0.5825242718446603]
[6,16.875,0,0.5825242718446603]
[2,17.45752427184466,0,0.5825242718446603]
[6,17.45752427184466,0,0.5825242718446603]
[5,18.04004854368932,0,0.5825242718446603]
[3,18.04004854368932,0,1.0194174757281553]
[8,18.62257281553398,0,0.5825242718446603]
[0,18.62257281553398,0,1.0194174757281553]
[2,19.20509708737864,0,0.5825242718446603]
[0,19.20509708737864,1,1.1650485436893205]
[5,19.7876213592233,0,0.5825242718446603]
[8,20.37014563106796,0,0.5825242718446603]
[0,20.95266990291262,0,0.5825242718446603]
[8,20.95266990291262,0,1.1650485436893205]
[6,21.535194174757283,0,0.5825242718446603]
[4,21.535194174757283,0,1.1650485436893205]
[3,22.11771844660194,0,0.5825242718446603]
[2,22.11771844660194,0,1.1650485436893205]
[0,22.700242718446603,0,0.5825242718446603]
[2,22.700242718446603,1,1.1650485436893205]
[6,23.28276699029126,0,0.5825242718446603]
[3,23.865291262135923,0,0.5825242718446603]
[2,24.447815533980584,0,0.5825242718446603]
[6,24.447815533980584,0,1.1650485436893205]
[8,25.030339805825243,0,0.5825242718446603]
[4,25.030339805825243,0,1.1650485436893205]
[5,25.612864077669904,0,0.5825242718446603]
[0,25.612864077669904,0,1.1650485436893205]
[2,26.195388349514563,0,0.5825242718446603]
[0,26.195388349514563,1,1.1650485436893205]
[8,26.777912621359224,0,0.5825242718446603]
[5,27.360436893203882,0,0.5825242718446603]
[0,27.9247572815534,0,0.5825242718446603]
[8,27.9247572815534,0,0.5825242718446603]
[3,28.507281553398062,0,0.5825242718446603]
[5,28.507281553398062,0,1.1650485436893205]
[6,29.08980582524272,0,0.5825242718446603]
[2,29.08980582524272,0,1.1650485436893205]
[0,29.672330097087382,0,0.5825242718446603]
[2,29.672330097087382,1,1.1650485436893205]
[3,30.25485436893204,0,0.5825242718446603]
[6,30.837378640776702,0,0.5825242718446603]
[2,31.419902912621364,0,0.5825242718446603]
[6,31.419902912621364,0,0.5825242718446603]
[5,32.002427184466015,0,0.5825242718446603]
[3,32.002427184466015,0,1.1650485436893205]
[8,32.58495145631068,0,0.5825242718446603]
[0,32.58495145631068,0,1.1650485436893205]
[2,33.16747572815534,0,0.5825242718446603]
[0,33.16747572815534,1,1.1650485436893205]
[5,33.74999999999999,0,0.5825242718446603]
[8,34.332524271844655,0,0.5825242718446603]
[0,34.915048543689316,0,0.5825242718446603]
[8,34.915048543689316,0,1.1650485436893205]
[6,35.49757281553398,0,0.5825242718446603]
[4,35.49757281553398,0,1.1650485436893205]
[3,36.08009708737864,0,0.5825242718446603]
[2,36.08009708737864,0,1.1650485436893205]
[0,36.662621359223294,0,0.5825242718446603]
[2,36.662621359223294,1,1.1650485436893205]
[6,37.245145631067956,0,0.5825242718446603]
[3,37.82766990291262,0,0.5825242718446603]
[2,38.41019417475728,0,0.5825242718446603]
[6,38.41019417475728,0,1.1650485436893205]
[8,38.99271844660194,0,0.5825242718446603]
[4,38.99271844660194,0,1.1650485436893205]
[5,39.575242718446596,0,0.5825242718446603]
[0,39.575242718446596,0,1.1650485436893205]
[2,40.15776699029126,0,0.5825242718446603]
[0,40.15776699029126,1,1.1650485436893205]