[4,0.09375,0,0.375]
[3,0.46875,0,0.375]
[3,0.65625,0,0.375]
[8,1.03125,0,0.375]
[4,1.21875,0,0.375]
[8,1.59375,0,0.375]
[6,1.96875,0,0.375]
[6,2.15625,0,0.375]
[1,2.53125,0,0.75]
[3,2.71875,0,0.375]
[7,2.90625,0,0.75]
[5,3.09375,0,0.1875]
[0,3.46875,0,0.1875]
[0,3.65625,0,0.375]
[8,4.03125,0,0.375]
[3,4.21875,0,0.1875]
[6,4.59375,0,0.375]
[0,4.96875,0,0.375]
[1,5.15625,0,0.75]
[6,5.53125,0,0.75]
[4,5.71875,0,0.375]
[2,5.90625,0,0.375]
[3,6.09375,1,0.5625]
[4,6.65625,0,0.5625]
[2,6.84375,0,0.5625]
[7,7.21875,0,0.375]
[5,7.40625,0,0.375]
[6,7.78125,0,0.75]
[4,7.96875,0,0.5625]
[6,8.71875,0,0.1875]
[7,8.90625,0,0.1875]
[5,9.09375,0,0.5625]
[4,9.28125,0,0.5625]
[3,9.46875,0,0.5625]
[1,9.65625,0,0.1875]
[2,9.84375,0,0.5625]
[3,10.03125,0,0.1875]
[5,10.21875,0,0.375]
[3,10.59375,1,0.375]
[4,10.96875,0,0.375]
[4,11.53125,0,0.75]
[2,11.71875,0,0.375]
[5,11.90625,0,0.75]
[7,12.09375,0,0.375]
[3,12.28125,0,0.75]
[8,12.46875,1,0.375]
[6,12.84375,0,0.375]
[3,13.03125,0,0.75]
[2,13.21875,0,0.375]
[5,13.59375,1,0.9375]
[4,14.53125,0,0.1875]
[0,14.71875,0,0.75]
[3,14.90625,0,0.1875]
[6,15.09375,0,0.75]
[7,15.28125,0,0.1875]
[3,15.46875,0,0.75]
[4,15.65625,0,0.1875]
[0,15.84375,0,0.75]
[1,16.03125,0,0.75]
[4,16.21875,0,0.28125]
[5,16.59375,1,0.5625]
[4,17.15625,0,0.9375]
[6,18.09375,0,0.75]
[7,18.28125,0,0.1875]
[0,18.46875,0,0.75]
[2,18.65625,1,0.375]
[1,19.03125,0,0.375]
[3,19.21875,0,0.375]
[5,19.40625,0,0.375]
[0,19.59375,1,0.375]
[1,19.96875,0,0.375]
[7,20.34375,1,0.375]
[8,20.71875,0,0.375]
[3,21.09375,0,0.375]
[7,21.28125,0,0.1875]
[5,21.46875,0,0.375]
[1,21.65625,1,0.375]
[2,22.03125,0,0.375]
[6,22.21875,0,0.375]
[8,22.40625,0,0.375]
[3,22.59375,1,0.375]
[4,22.96875,1,0.375]
[2,23.34375,1,0.375]
[1,23.71875,0,0.375]
[7,23.90625,0,0.75]
[3,24.09375,1,0.375]
[4,24.46875,0,0.375]
[8,24.65625,1,0.375]
[6,25.03125,0,0.375]
[3,25.21875,0,0.375]
[1,25.40625,0,0.375]
[5,25.59375,0,0.375]
[8,25.78125,0,0.375]
[3,25.96875,0,0.375]
[1,26.15625,0,0.375]
[5,26.34375,0,0.375]
[2,26.53125,0,0.375]
[4,26.71875,0,0.375]
[1,26.90625,0,0.375]
[0,27.09375,1,0.375]
[1,27.46875,0,0.375]
[5,27.65625,1,0.375]
[4,28.03125,0,0.375]
[6,28.21875,1,1.125]
[7,29.34375,0,0.375]
[5,29.53125,0,0.375]
[1,29.71875,0,0.75]
[7,30.09375,0,0.5625]
[6,30.28125,0,0.375]
[5,30.46875,0,0.5625]
[4,30.65625,0,0.375]
[3,30.84375,0,0.5625]
[4,31.03125,0,0.5625]
[2,31.21875,0,0.5625]
[1,31.40625,0,0.5625]
[3,31.59375,1,0.9375]
[4,32.53125,0,0.9375]
[5,32.53125,0,0.9375]
[3,32.90625,0,0.375]
[1,33.09375,0,0.375]
[2,33.28125,0,0.375]
[5,33.46875,0,0.375]
[4,33.65625,0,0.375]
[3,33.84375,0,0.375]
[7,34.03125,0,0.5625]
[8,34.21875,0,0.375]
[4,34.40625,0,0.5625]
[0,34.59375,1,0.9375]
[4,35.53125,0,0.9375]
[5,35.53125,0,0.5625]
[0,36.09375,1,0.375]
[1,36.46875,0,0.9375]
[5,36.65625,1,0.5625]
[4,37.21875,0,0.375]
[6,37.40625,1,0.75]
[7,38.15625,0,0.75]
[3,38.53125,0,0.75]
[4,38.71875,0,0.75]
[2,38.90625,0,0.75]
[5,39.09375,0,0.75]
[7,39.46875,0,0.75]
[4,39.84375,0,0.75]
[1,40.21875,0,0.75]
[2,40.40625,1,0.375]
[1,40.78125,0,0.375]
[3,40.96875,0,0.375]
[8,41.15625,0,0.75]
[7,41.34375,0,0.75]
[6,41.53125,1,0.5625]
[7,42.09375,0,0.5625]
[4,42.28125,0,0.75]
[5,42.46875,0,0.75]
[2,42.65625,0,0.75]
[1,42.84375,0,0.75]
[0,43.03125,0,0.75]
[3,43.21875,0,0.75]
[6,43.40625,0,0.75]
[7,43.59375,1,0.9375]
[6,44.53125,0,0.5625]
[5,44.90625,0,0.75]
[1,45.09375,0,0.75]
[3,45.28125,0,0.75]
[7,45.46875,0,0.75]
[4,45.65625,0,0.75]
[2,45.84375,0,0.75]
[5,46.03125,0,0.75]
[6,46.21875,0,0.75]
[4,46.40625,0,0.75]
[3,46.59375,1,0.375]
[4,46.96875,0,0.375]
[1,47.15625,1,0.375]
[2,47.53125,0,0.375]
[0,48.09375,1,0.375]
[1,48.46875,0,0.375]
[2,48.65625,1,0.375]
[1,49.03125,0,0.375]
[5,49.21875,0,0.375]
[3,49.40625,1,0.75]
[4,50.15625,0,0.375]
[6,50.53125,0,0.75]
[4,50.71875,0,0.75]
[2,50.90625,0,0.75]
[8,51.09375,0,0.75]
[3,51.28125,0,0.375]
[1,51.46875,0,0.75]
[4,51.84375,1,0.375]
[5,52.21875,0,0.5625]
[1,52.40625,1,0.375]
[0,52.78125,0,0.375]
[5,52.96875,0,0.375]
[6,53.15625,0,0.75]
[8,53.34375,1,0.375]
[7,53.71875,0,0.375]
[0,54.09375,1,0.375]
[1,54.46875,0,0.375]
[5,54.65625,1,0.375]
[4,55.03125,0,0.375]
[6,55.21875,1,0.375]
[7,55.59375,0,0.375]
[8,55.78125,0,0.75]
[3,55.96875,1,0.375]
[2,56.34375,1,0.375]
[1,56.71875,0,0.375]